1950,1,1,9.189,9.189
1950,1,2,14.077,14.077
1950,1,3,12.981,12.981
1950,1,4,12.322,12.322
1950,1,5,11.397,11.397
1950,1,6,11.236,11.236
1950,1,7,11.917,11.917
1950,1,8,14.001,14.001
1950,1,9,14.195,14.195
1950,1,10,12.255,12.255
1950,1,11,11.584,11.584
1950,1,12,11.756,11.756
1950,1,13,10.417,10.417
1950,1,14,11.067,11.067
1950,1,15,10.63,10.63
1950,1,16,7.997,7.997
1950,1,17,8.664,8.664
1950,1,18,9.533,9.533
1950,1,19,9.73,9.73
1950,1,20,8.697,8.697
1950,1,21,6.576,6.576
1950,1,22,6.453,6.453
1950,1,23,8.416,8.416
1950,1,24,6.867,6.867
1950,1,25,4.601,4.601
1950,1,26,6.438,6.438
1950,1,27,9.811,9.811
1950,1,28,11.613,11.613
1950,1,29,10.756,10.756
1950,1,30,8.62,8.62
1950,1,31,7.374,7.374
1950,2,1,8.426,8.426
1950,2,2,9.632,9.632
1950,2,3,6.887,6.887
1950,2,4,8.548,8.548
1950,2,5,9.919,9.919
1950,2,6,11.881,11.881
1950,2,7,11.157,11.157
1950,2,8,9.791,9.791
1950,2,9,11.116,11.116
1950,2,10,9.2,9.2
1950,2,11,8.562,8.562
1950,2,12,7.041,7.041
1950,2,13,7.392,7.392
1950,2,14,11.484,11.484
1950,2,15,17.442,17.442
1950,2,16,18.972,18.972
1950,2,17,17.187,17.187
1950,2,18,13.969,13.969
1950,2,19,16.068,16.068
1950,2,20,18.892,18.892
1950,2,21,17.222,17.222
1950,2,22,15.949,15.949
1950,2,23,17.88,17.88
1950,2,24,14.166,14.166
1950,2,25,14.049,14.049
1950,2,26,12.483,12.483
1950,2,27,11.261,11.261
1950,2,28,11.729,11.729
1950,3,1,8.839,8.839
1950,3,2,13.743,13.743
1950,3,3,19.639,19.639
1950,3,4,20.869,20.869
1950,3,5,23.174,23.174
1950,3,6,22.101,22.101
1950,3,7,21.238,21.238
1950,3,8,21.506,21.506
1950,3,9,16.526,16.526
1950,3,10,8.706,8.706
1950,3,11,12.082,12.082
1950,3,12,15.206,15.206
1950,3,13,15.507,15.507
1950,3,14,17.46,17.46
1950,3,15,17.275,17.275
1950,3,16,15.971,15.971
1950,3,17,13.73,13.73
1950,3,18,11.378,11.378
1950,3,19,11.376,11.376
1950,3,20,13.176,13.176
1950,3,21,13.785,13.785
1950,3,22,16.049,16.049
1950,3,23,17.698,17.698
1950,3,24,17.293,17.293
1950,3,25,18.686,18.686
1950,3,26,18.974,18.974
1950,3,27,20.854,20.854
1950,3,28,18.486,18.486
1950,3,29,17.558,17.558
1950,3,30,20.75,20.75
1950,3,31,21.814,21.814
1950,4,1,22.368,22.368
1950,4,2,26.83,26.83
1950,4,3,26.251,26.251
1950,4,4,20.93,20.93
1950,4,5,19.957,19.957
1950,4,6,25.385,25.385
1950,4,7,28.163,28.163
1950,4,8,28.892,28.892
1950,4,9,30.15,30.15
1950,4,10,30.159,30.159
1950,4,11,29.078,29.078
1950,4,12,29.502,29.502
1950,4,13,30.358,30.358
1950,4,14,31.145,31.145
1950,4,15,27.77,27.77
1950,4,16,24.562,24.562
1950,4,17,16.793,16.793
1950,4,18,20.529,20.529
1950,4,19,22.427,22.427
1950,4,20,23.636,23.636
1950,4,21,25.164,25.164
1950,4,22,21.136,21.136
1950,4,23,16.975,16.975
1950,4,24,16.877,16.877
1950,4,25,15.807,15.807
1950,4,26,17.081,17.081
1950,4,27,20.339,20.339
1950,4,28,24.148,24.148
1950,4,29,25.157,25.157
1950,4,30,30.083,30.083
1950,5,1,30.804,30.804
1950,5,2,29.318,29.318
1950,5,3,21.406,21.406
1950,5,4,21.052,21.052
1950,5,5,21.359,21.359
1950,5,6,19.232,19.232
1950,5,7,18.488,18.488
1950,5,8,18.199,18.199
1950,5,9,23.159,23.159
1950,5,10,24.356,24.356
1950,5,11,21.195,21.195
1950,5,12,18.735,18.735
1950,5,13,18.291,18.291
1950,5,14,22.137,22.137
1950,5,15,21.842,21.842
1950,5,16,26.467,26.467
1950,5,17,27.473,27.473
1950,5,18,28.61,28.61
1950,5,19,25.268,25.268
1950,5,20,15.903,15.903
1950,5,21,14.497,14.497
1950,5,22,16.409,16.409
1950,5,23,17.567,17.567
1950,5,24,17.389,17.389
1950,5,25,17.32,17.32
1950,5,26,18.897,18.897
1950,5,27,21.285,21.285
1950,5,28,23.431,23.431
1950,5,29,23.91,23.91
1950,5,30,24.834,24.834
1950,5,31,24.572,24.572
1950,6,1,22.443,22.443
1950,6,2,24.709,24.709
1950,6,3,26.149,26.149
1950,6,4,27.635,27.635
1950,6,5,27.581,27.581
1950,6,6,28.046,28.046
1950,6,7,28.281,28.281
1950,6,8,28.786,28.786
1950,6,9,27.091,27.091
1950,6,10,29.066,29.066
1950,6,11,32.933,32.933
1950,6,12,33.225,33.225
1950,6,13,31.839,31.839
1950,6,14,24.935,24.935
1950,6,15,17.24,17.24
1950,6,16,26.005,26.005
1950,6,17,25.483,25.483
1950,6,18,25.484,25.484
1950,6,19,20.81,20.81
1950,6,20,19.18,19.18
1950,6,21,20.353,20.353
1950,6,22,20.449,20.449
1950,6,23,21.467,21.467
1950,6,24,26.759,26.759
1950,6,25,28.575,28.575
1950,6,26,29.103,29.103
1950,6,27,30.647,30.647
1950,6,28,33.101,33.101
1950,6,29,32.831,32.831
1950,6,30,35.585,35.585
1950,7,1,36.595,36.595
1950,7,2,36.746,36.746
1950,7,3,38.372,38.372
1950,7,4,38.979,38.979
1950,7,5,38.684,38.684
1950,7,6,35.282,35.282
1950,7,7,33.868,33.868
1950,7,8,33.367,33.367
1950,7,9,31.721,31.721
1950,7,10,29.948,29.948
1950,7,11,28.805,28.805
1950,7,12,29.53,29.53
1950,7,13,31.331,31.331
1950,7,14,31.75,31.75
1950,7,15,33.923,33.923
1950,7,16,34.926,34.926
1950,7,17,33.937,33.937
1950,7,18,34.428,34.428
1950,7,19,34.377,34.377
1950,7,20,31.416,31.416
1950,7,21,32.691,32.691
1950,7,22,32.432,32.432
1950,7,23,32.148,32.148
1950,7,24,31.052,31.052
1950,7,25,27.87,27.87
1950,7,26,28.099,28.099
1950,7,27,28.471,28.471
1950,7,28,33.086,33.086
1950,7,29,37.723,37.723
1950,7,30,39.099,39.099
1950,7,31,40.067,40.067
1950,8,1,39.131,39.131
1950,8,2,37.568,37.568
1950,8,3,33.966,33.966
1950,8,4,33.165,33.165
1950,8,5,30.762,30.762
1950,8,6,32.701,32.701
1950,8,7,33.563,33.563
1950,8,8,34.736,34.736
1950,8,9,32.732,32.732
1950,8,10,26.647,26.647
1950,8,11,22.834,22.834
1950,8,12,24.522,24.522
1950,8,13,24.973,24.973
1950,8,14,25.083,25.083
1950,8,15,28.931,28.931
1950,8,16,29.998,29.998
1950,8,17,33.696,33.696
1950,8,18,32.514,32.514
1950,8,19,33.209,33.209
1950,8,20,33.406,33.406
1950,8,21,35.455,35.455
1950,8,22,35.898,35.898
1950,8,23,37.554,37.554
1950,8,24,36.993,36.993
1950,8,25,36.372,36.372
1950,8,26,36.424,36.424
1950,8,27,37.161,37.161
1950,8,28,36.145,36.145
1950,8,29,32.875,32.875
1950,8,30,36.19,36.19
1950,8,31,33.585,33.585
1950,9,1,32.193,32.193
1950,9,2,31.911,31.911
1950,9,3,33.003,33.003
1950,9,4,33.235,33.235
1950,9,5,32.383,32.383
1950,9,6,28.931,28.931
1950,9,7,28.641,28.641
1950,9,8,31.94,31.94
1950,9,9,31.635,31.635
1950,9,10,35.474,35.474
1950,9,11,33.618,33.618
1950,9,12,32.324,32.324
1950,9,13,30.984,30.984
1950,9,14,27.369,27.369
1950,9,15,25.86,25.86
1950,9,16,25.167,25.167
1950,9,17,23.503,23.503
1950,9,18,24.259,24.259
1950,9,19,28.311,28.311
1950,9,20,31.745,31.745
1950,9,21,32.455,32.455
1950,9,22,31.725,31.725
1950,9,23,30.428,30.428
1950,9,24,29.547,29.547
1950,9,25,26.725,26.725
1950,9,26,23.115,23.115
1950,9,27,25.119,25.119
1950,9,28,26.126,26.126
1950,9,29,27.589,27.589
1950,9,30,24.348,24.348
1950,10,1,26.108,26.108
1950,10,2,23.92,23.92
1950,10,3,24.068,24.068
1950,10,4,19.537,19.537
1950,10,5,22.206,22.206
1950,10,6,29.485,29.485
1950,10,7,31.269,31.269
1950,10,8,33.122,33.122
1950,10,9,26.203,26.203
1950,10,10,22.261,22.261
1950,10,11,25.132,25.132
1950,10,12,26.254,26.254
1950,10,13,26.49,26.49
1950,10,14,26.034,26.034
1950,10,15,28.426,28.426
1950,10,16,29.173,29.173
1950,10,17,30.923,30.923
1950,10,18,29.842,29.842
1950,10,19,28.535,28.535
1950,10,20,29.708,29.708
1950,10,21,31.121,31.121
1950,10,22,26.624,26.624
1950,10,23,27.087,27.087
1950,10,24,30.248,30.248
1950,10,25,30.462,30.462
1950,10,26,30.415,30.415
1950,10,27,27.194,27.194
1950,10,28,22.965,22.965
1950,10,29,25.657,25.657
1950,10,30,26.934,26.934
1950,10,31,25.519,25.519
1950,11,1,22.69,22.69
1950,11,2,22.466,22.466
1950,11,3,19.784,19.784
1950,11,4,16.754,16.754
1950,11,5,17.479,17.479
1950,11,6,19.736,19.736
1950,11,7,13.943,13.943
1950,11,8,17.63,17.63
1950,11,9,22.241,22.241
1950,11,10,22.782,22.782
1950,11,11,22.781,22.781
1950,11,12,22.16,22.16
1950,11,13,21.684,21.684
1950,11,14,17.6,17.6
1950,11,15,20.034,20.034
1950,11,16,19.182,19.182
1950,11,17,20.046,20.046
1950,11,18,21.4,21.4
1950,11,19,20.842,20.842
1950,11,20,20.247,20.247
1950,11,21,15.585,15.585
1950,11,22,15.356,15.356
1950,11,23,16.104,16.104
1950,11,24,13.816,13.816
1950,11,25,11.168,11.168
1950,11,26,10.145,10.145
1950,11,27,11.875,11.875
1950,11,28,12.741,12.741
1950,11,29,13.935,13.935
1950,11,30,13.584,13.584
1950,12,1,19.297,19.297
1950,12,2,16.835,16.835
1950,12,3,17.206,17.206
1950,12,4,14.818,14.818
1950,12,5,14.741,14.741
1950,12,6,13.795,13.795
1950,12,7,14.821,14.821
1950,12,8,16.684,16.684
1950,12,9,17.371,17.371
1950,12,10,14.381,14.381
1950,12,11,15.476,15.476
1950,12,12,17.872,17.872
1950,12,13,18.328,18.328
1950,12,14,16.688,16.688
1950,12,15,15.674,15.674
1950,12,16,17.479,17.479
1950,12,17,17.721,17.721
1950,12,18,15.195,15.195
1950,12,19,13.948,13.948
1950,12,20,12.498,12.498
1950,12,21,14.364,14.364
1950,12,22,9.346,9.346
1950,12,23,7.667,7.667
1950,12,24,9.35,9.35
1950,12,25,13.858,13.858
1950,12,26,12.274,12.274
1950,12,27,14.45,14.45
1950,12,28,14.191,14.191
1950,12,29,12.069,12.069
1950,12,30,11.248,11.248
1950,12,31,11.241,11.241
1951,1,1,8.848,8.848
1951,1,2,8.088,8.088
1951,1,3,11.804,11.804
1951,1,4,10.321,10.321
1951,1,5,12.107,12.107
1951,1,6,12.793,12.793
1951,1,7,10.849,10.849
1951,1,8,14.318,14.318
1951,1,9,13.828,13.828
1951,1,10,13.499,13.499
1951,1,11,13.4,13.4
1951,1,12,13.836,13.836
1951,1,13,15.538,15.538
1951,1,14,14.682,14.682
1951,1,15,14.145,14.145
1951,1,16,9.589,9.589
1951,1,17,7.86,7.86
1951,1,18,7.983,7.983
1951,1,19,10.655,10.655
1951,1,20,13.645,13.645
1951,1,21,16.195,16.195
1951,1,22,17.108,17.108
1951,1,23,17.301,17.301
1951,1,24,18.138,18.138
1951,1,25,18.332,18.332
1951,1,26,17.816,17.816
1951,1,27,16.823,16.823
1951,1,28,18.251,18.251
1951,1,29,17.905,17.905
1951,1,30,18.974,18.974
1951,1,31,19.581,19.581
1951,2,1,15.752,15.752
1951,2,2,10.683,10.683
1951,2,3,11.291,11.291
1951,2,4,10.762,10.762
1951,2,5,11.166,11.166
1951,2,6,13.606,13.606
1951,2,7,13.214,13.214
1951,2,8,11.935,11.935
1951,2,9,13.938,13.938
1951,2,10,15.371,15.371
1951,2,11,14.315,14.315
1951,2,12,19.805,19.805
1951,2,13,15.169,15.169
1951,2,14,13.19,13.19
1951,2,15,16.376,16.376
1951,2,16,16.295,16.295
1951,2,17,15.678,15.678
1951,2,18,13.358,13.358
1951,2,19,9.749,9.749
1951,2,20,12.954,12.954
1951,2,21,12.703,12.703
1951,2,22,17.19,17.19
1951,2,23,19.278,19.278
1951,2,24,16.829,16.829
1951,2,25,12.789,12.789
1951,2,26,11.458,11.458
1951,2,27,14.13,14.13
1951,2,28,18.036,18.036
1951,3,1,18.422,18.422
1951,3,2,17.585,17.585
1951,3,3,19.143,19.143
1951,3,4,16.025,16.025
1951,3,5,15.887,15.887
1951,3,6,14.738,14.738
1951,3,7,13.414,13.414
1951,3,8,12.965,12.965
1951,3,9,14.749,14.749
1951,3,10,16.75,16.75
1951,3,11,15.755,15.755
1951,3,12,17.257,17.257
1951,3,13,22.244,22.244
1951,3,14,20.035,20.035
1951,3,15,20.618,20.618
1951,3,16,20.818,20.818
1951,3,17,22.647,22.647
1951,3,18,21.077,21.077
1951,3,19,17.164,17.164
1951,3,20,16.567,16.567
1951,3,21,14.885,14.885
1951,3,22,9.107,9.107
1951,3,23,12.931,12.931
1951,3,24,17.109,17.109
1951,3,25,15.442,15.442
1951,3,26,15.972,15.972
1951,3,27,15.963,15.963
1951,3,28,15.775,15.775
1951,3,29,16.376,16.376
1951,3,30,18.01,18.01
1951,3,31,16.112,16.112
1951,4,1,13.376,13.376
1951,4,2,12.826,12.826
1951,4,3,10.641,10.641
1951,4,4,10.877,10.877
1951,4,5,16.211,16.211
1951,4,6,18.147,18.147
1951,4,7,15.207,15.207
1951,4,8,12.759,12.759
1951,4,9,10.315,10.315
1951,4,10,10.517,10.517
1951,4,11,10.074,10.074
1951,4,12,15.422,15.422
1951,4,13,21.995,21.995
1951,4,14,25.697,25.697
1951,4,15,22.704,22.704
1951,4,16,19.668,19.668
1951,4,17,16.641,16.641
1951,4,18,19.236,19.236
1951,4,19,24.256,24.256
1951,4,20,23.672,23.672
1951,4,21,24.562,24.562
1951,4,22,21.926,21.926
1951,4,23,19.259,19.259
1951,4,24,23.267,23.267
1951,4,25,29.387,29.387
1951,4,26,29.476,29.476
1951,4,27,25.594,25.594
1951,4,28,20.369,20.369
1951,4,29,21.207,21.207
1951,4,30,16.879,16.879
1951,5,1,16.104,16.104
1951,5,2,12.854,12.854
1951,5,3,11.306,11.306
1951,5,4,13.624,13.624
1951,5,5,16.153,16.153
1951,5,6,14.089,14.089
1951,5,7,7.73,7.73
1951,5,8,11.065,11.065
1951,5,9,8.396,8.396
1951,5,10,11.746,11.746
1951,5,11,19.107,19.107
1951,5,12,23.601,23.601
1951,5,13,25.209,25.209
1951,5,14,27.346,27.346
1951,5,15,26.463,26.463
1951,5,16,25.657,25.657
1951,5,17,24.758,24.758
1951,5,18,26.683,26.683
1951,5,19,28.373,28.373
1951,5,20,29.046,29.046
1951,5,21,28.126,28.126
1951,5,22,24.285,24.285
1951,5,23,23.13,23.13
1951,5,24,24.002,24.002
1951,5,25,22.986,22.986
1951,5,26,23.171,23.171
1951,5,27,19.481,19.481
1951,5,28,21.422,21.422
1951,5,29,26.559,26.559
1951,5,30,28.306,28.306
1951,5,31,27.725,27.725
1951,6,1,29.066,29.066
1951,6,2,28.048,28.048
1951,6,3,28.314,28.314
1951,6,4,26.856,26.856
1951,6,5,28.382,28.382
1951,6,6,27.329,27.329
1951,6,7,14.834,14.834
1951,6,8,22.991,22.991
1951,6,9,26.55,26.55
1951,6,10,29.529,29.529
1951,6,11,29.984,29.984
1951,6,12,29.151,29.151
1951,6,13,29.752,29.752
1951,6,14,29.248,29.248
1951,6,15,29.532,29.532
1951,6,16,29.268,29.268
1951,6,17,29.212,29.212
1951,6,18,30.879,30.879
1951,6,19,34.575,34.575
1951,6,20,33.41,33.41
1951,6,21,33.165,33.165
1951,6,22,31.174,31.174
1951,6,23,32.483,32.483
1951,6,24,33.498,33.498
1951,6,25,33.516,33.516
1951,6,26,31.821,31.821
1951,6,27,32.217,32.217
1951,6,28,30.99,30.99
1951,6,29,30.152,30.152
1951,6,30,31.359,31.359
1951,7,1,29.347,29.347
1951,7,2,27.991,27.991
1951,7,3,29.456,29.456
1951,7,4,30.974,30.974
1951,7,5,32.947,32.947
1951,7,6,30.723,30.723
1951,7,7,31.758,31.758
1951,7,8,32.44,32.44
1951,7,9,31.917,31.917
1951,7,10,31.575,31.575
1951,7,11,29.763,29.763
1951,7,12,28.058,28.058
1951,7,13,25.836,25.836
1951,7,14,26.53,26.53
1951,7,15,26.996,26.996
1951,7,16,28.088,28.088
1951,7,17,28.617,28.617
1951,7,18,30.29,30.29
1951,7,19,34.631,34.631
1951,7,20,33.004,33.004
1951,7,21,36.544,36.544
1951,7,22,36.366,36.366
1951,7,23,35.438,35.438
1951,7,24,31.387,31.387
1951,7,25,29.288,29.288
1951,7,26,29.109,29.109
1951,7,27,27.705,27.705
1951,7,28,27.721,27.721
1951,7,29,29.213,29.213
1951,7,30,32.485,32.485
1951,7,31,32.251,32.251
1951,8,1,38.196,38.196
1951,8,2,38.195,38.195
1951,8,3,35.642,35.642
1951,8,4,35.509,35.509
1951,8,5,37.062,37.062
1951,8,6,36.084,36.084
1951,8,7,38.9,38.9
1951,8,8,39.367,39.367
1951,8,9,38.522,38.522
1951,8,10,37.257,37.257
1951,8,11,38.079,38.079
1951,8,12,37.633,37.633
1951,8,13,38.83,38.83
1951,8,14,39.008,39.008
1951,8,15,38.781,38.781
1951,8,16,40.498,40.498
1951,8,17,38.946,38.946
1951,8,18,37.984,37.984
1951,8,19,36.313,36.313
1951,8,20,37.149,37.149
1951,8,21,36.691,36.691
1951,8,22,37.297,37.297
1951,8,23,35.867,35.867
1951,8,24,32.067,32.067
1951,8,25,34.005,34.005
1951,8,26,30.587,30.587
1951,8,27,29.234,29.234
1951,8,28,27.823,27.823
1951,8,29,29.55,29.55
1951,8,30,32.999,32.999
1951,8,31,33.616,33.616
1951,9,1,35.033,35.033
1951,9,2,35.982,35.982
1951,9,3,36.953,36.953
1951,9,4,30.891,30.891
1951,9,5,27.524,27.524
1951,9,6,28.232,28.232
1951,9,7,31.1,31.1
1951,9,8,32.103,32.103
1951,9,9,31.608,31.608
1951,9,10,31.948,31.948
1951,9,11,30.612,30.612
1951,9,12,30.884,30.884
1951,9,13,32.183,32.183
1951,9,14,35.872,35.872
1951,9,15,34.837,34.837
1951,9,16,29.543,29.543
1951,9,17,23.62,23.62
1951,9,18,24.286,24.286
1951,9,19,28.448,28.448
1951,9,20,31.522,31.522
1951,9,21,30.327,30.327
1951,9,22,26.584,26.584
1951,9,23,21.835,21.835
1951,9,24,26.029,26.029
1951,9,25,30.044,30.044
1951,9,26,32.324,32.324
1951,9,27,28.278,28.278
1951,9,28,23.866,23.866
1951,9,29,28.462,28.462
1951,9,30,31.921,31.921
1951,10,1,33.468,33.468
1951,10,2,27.316,27.316
1951,10,3,21.913,21.913
1951,10,4,24.676,24.676
1951,10,5,23.904,23.904
1951,10,6,26.446,26.446
1951,10,7,24.529,24.529
1951,10,8,27.447,27.447
1951,10,9,30.539,30.539
1951,10,10,30.935,30.935
1951,10,11,30.267,30.267
1951,10,12,30.111,30.111
1951,10,13,29.854,29.854
1951,10,14,30.403,30.403
1951,10,15,28.375,28.375
1951,10,16,28.645,28.645
1951,10,17,25.729,25.729
1951,10,18,27.994,27.994
1951,10,19,30.219,30.219
1951,10,20,30.553,30.553
1951,10,21,31.387,31.387
1951,10,22,32.776,32.776
1951,10,23,31.752,31.752
1951,10,24,29.908,29.908
1951,10,25,25.219,25.219
1951,10,26,25.452,25.452
1951,10,27,26.805,26.805
1951,10,28,27.475,27.475
1951,10,29,27.958,27.958
1951,10,30,28.859,28.859
1951,10,31,27.992,27.992
1951,11,1,28.96,28.96
1951,11,2,30.782,30.782
1951,11,3,31.333,31.333
1951,11,4,24.015,24.015
1951,11,5,17.042,17.042
1951,11,6,20.868,20.868
1951,11,7,18.613,18.613
1951,11,8,17.424,17.424
1951,11,9,17.657,17.657
1951,11,10,22.285,22.285
1951,11,11,21.986,21.986
1951,11,12,22.369,22.369
1951,11,13,21.404,21.404
1951,11,14,21.683,21.683
1951,11,15,20.198,20.198
1951,11,16,17.741,17.741
1951,11,17,13.961,13.961
1951,11,18,12.903,12.903
1951,11,19,9.566,9.566
1951,11,20,8.101,8.101
1951,11,21,10.059,10.059
1951,11,22,12.274,12.274
1951,11,23,12.842,12.842
1951,11,24,12.319,12.319
1951,11,25,10.914,10.914
1951,11,26,12.497,12.497
1951,11,27,8.656,8.656
1951,11,28,7.906,7.906
1951,11,29,6.549,6.549
1951,11,30,10.64,10.64
1951,12,1,11.012,11.012
1951,12,2,17.027,17.027
1951,12,3,17.603,17.603
1951,12,4,17.271,17.271
1951,12,5,13.141,13.141
1951,12,6,14.076,14.076
1951,12,7,16.051,16.051
1951,12,8,12.094,12.094
1951,12,9,13.402,13.402
1951,12,10,13.384,13.384
1951,12,11,14.265,14.265
1951,12,12,15.603,15.603
1951,12,13,16.187,16.187
1951,12,14,17.226,17.226
1951,12,15,15.81,15.81
1951,12,16,12.418,12.418
1951,12,17,12.101,12.101
1951,12,18,10.589,10.589
1951,12,19,7.32,7.32
1951,12,20,8.874,8.874
1951,12,21,8.276,8.276
1951,12,22,8.216,8.216
1951,12,23,10.433,10.433
1951,12,24,7.79,7.79
1951,12,25,14.282,14.282
1951,12,26,13.781,13.781
1951,12,27,15.544,15.544
1951,12,28,14.046,14.046
1951,12,29,13.059,13.059
1951,12,30,11.799,11.799
1951,12,31,14.21,14.21
1952,1,1,8.78,8.78
1952,1,2,4.942,4.942
1952,1,3,4.888,4.888
1952,1,4,7.801,7.801
1952,1,5,9.781,9.781
1952,1,6,8.822,8.822
1952,1,7,7.445,7.445
1952,1,8,6.021,6.021
1952,1,9,7.11,7.11
1952,1,10,8.191,8.191
1952,1,11,9.054,9.054
1952,1,12,12.587,12.587
1952,1,13,12.159,12.159
1952,1,14,15.004,15.004
1952,1,15,15.259,15.259
1952,1,16,14.528,14.528
1952,1,17,12.934,12.934
1952,1,18,14.135,14.135
1952,1,19,14.029,14.029
1952,1,20,17.853,17.853
1952,1,21,15.606,15.606
1952,1,22,14.961,14.961
1952,1,23,13.768,13.768
1952,1,24,15.719,15.719
1952,1,25,12.895,12.895
1952,1,26,9.209,9.209
1952,1,27,10.467,10.467
1952,1,28,13.89,13.89
1952,1,29,15.098,15.098
1952,1,30,10.964,10.964
1952,1,31,11.933,11.933
1952,2,1,12.107,12.107
1952,2,2,10.454,10.454
1952,2,3,9.86,9.86
1952,2,4,11.634,11.634
1952,2,5,13.864,13.864
1952,2,6,13.329,13.329
1952,2,7,13.595,13.595
1952,2,8,11.561,11.561
1952,2,9,14.056,14.056
1952,2,10,17.367,17.367
1952,2,11,14.098,14.098
1952,2,12,13.625,13.625
1952,2,13,13.204,13.204
1952,2,14,16.276,16.276
1952,2,15,16.493,16.493
1952,2,16,12.81,12.81
1952,2,17,11.205,11.205
1952,2,18,12.077,12.077
1952,2,19,11.86,11.86
1952,2,20,12.298,12.298
1952,2,21,7.648,7.648
1952,2,22,5.214,5.214
1952,2,23,9.048,9.048
1952,2,24,12.429,12.429
1952,2,25,13.054,13.054
1952,2,26,10.098,10.098
1952,2,27,7.689,7.689
1952,2,28,10.839,10.839
1952,2,29,12.814,12.814
1952,3,1,13.732,13.732
1952,3,2,12.232,12.232
1952,3,3,10.887,10.887
1952,3,4,11.213,11.213
1952,3,5,13.707,13.707
1952,3,6,16.501,16.501
1952,3,7,18.195,18.195
1952,3,8,18.14,18.14
1952,3,9,15.786,15.786
1952,3,10,16.37,16.37
1952,3,11,17.008,17.008
1952,3,12,20.957,20.957
1952,3,13,18.518,18.518
1952,3,14,17.563,17.563
1952,3,15,17.723,17.723
1952,3,16,17.935,17.935
1952,3,17,16.881,16.881
1952,3,18,19.253,19.253
1952,3,19,16.696,16.696
1952,3,20,14.735,14.735
1952,3,21,16.648,16.648
1952,3,22,17.82,17.82
1952,3,23,20.458,20.458
1952,3,24,21.079,21.079
1952,3,25,20.195,20.195
1952,3,26,19.673,19.673
1952,3,27,19.091,19.091
1952,3,28,19.087,19.087
1952,3,29,21.452,21.452
1952,3,30,25.098,25.098
1952,3,31,27.832,27.832
1952,4,1,29.255,29.255
1952,4,2,29.001,29.001
1952,4,3,27.332,27.332
1952,4,4,20.377,20.377
1952,4,5,15.541,15.541
1952,4,6,15.912,15.912
1952,4,7,11.763,11.763
1952,4,8,19.604,19.604
1952,4,9,21.335,21.335
1952,4,10,21.943,21.943
1952,4,11,20.621,20.621
1952,4,12,19.489,19.489
1952,4,13,20.877,20.877
1952,4,14,23.239,23.239
1952,4,15,23.286,23.286
1952,4,16,22.863,22.863
1952,4,17,17.936,17.936
1952,4,18,13.088,13.088
1952,4,19,11.895,11.895
1952,4,20,15.487,15.487
1952,4,21,13.622,13.622
1952,4,22,12.341,12.341
1952,4,23,16.286,16.286
1952,4,24,19.649,19.649
1952,4,25,21.99,21.99
1952,4,26,20.024,20.024
1952,4,27,17.263,17.263
1952,4,28,21.154,21.154
1952,4,29,20.819,20.819
1952,4,30,18.36,18.36
1952,5,1,14.863,14.863
1952,5,2,15.672,15.672
1952,5,3,23.51,23.51
1952,5,4,26.657,26.657
1952,5,5,28.385,28.385
1952,5,6,30.172,30.172
1952,5,7,31.518,31.518
1952,5,8,26.492,26.492
1952,5,9,21.25,21.25
1952,5,10,19.923,19.923
1952,5,11,22.122,22.122
1952,5,12,21.656,21.656
1952,5,13,20.279,20.279
1952,5,14,22.918,22.918
1952,5,15,25.893,25.893
1952,5,16,27.502,27.502
1952,5,17,29.882,29.882
1952,5,18,31.146,31.146
1952,5,19,32.007,32.007
1952,5,20,30.006,30.006
1952,5,21,29.734,29.734
1952,5,22,31.367,31.367
1952,5,23,33.998,33.998
1952,5,24,31.516,31.516
1952,5,25,29.17,29.17
1952,5,26,28.912,28.912
1952,5,27,28.487,28.487
1952,5,28,25.859,25.859
1952,5,29,16.702,16.702
1952,5,30,16.833,16.833
1952,5,31,14.404,14.404
1952,6,1,11.427,11.427
1952,6,2,21.242,21.242
1952,6,3,24.942,24.942
1952,6,4,21.59,21.59
1952,6,5,16.454,16.454
1952,6,6,19.756,19.756
1952,6,7,20.961,20.961
1952,6,8,24.546,24.546
1952,6,9,25.907,25.907
1952,6,10,26.721,26.721
1952,6,11,28.921,28.921
1952,6,12,30.56,30.56
1952,6,13,31.071,31.071
1952,6,14,34.534,34.534
1952,6,15,37.662,37.662
1952,6,16,37.095,37.095
1952,6,17,34.422,34.422
1952,6,18,31.407,31.407
1952,6,19,32.357,32.357
1952,6,20,34.061,34.061
1952,6,21,30.894,30.894
1952,6,22,29.079,29.079
1952,6,23,25.258,25.258
1952,6,24,24.805,24.805
1952,6,25,28.719,28.719
1952,6,26,31.311,31.311
1952,6,27,30.101,30.101
1952,6,28,30.787,30.787
1952,6,29,32.245,32.245
1952,6,30,33.774,33.774
1952,7,1,34.547,34.547
1952,7,2,33.481,33.481
1952,7,3,34.212,34.212
1952,7,4,35.24,35.24
1952,7,5,35.828,35.828
1952,7,6,35.776,35.776
1952,7,7,35.492,35.492
1952,7,8,35.908,35.908
1952,7,9,37.192,37.192
1952,7,10,36.206,36.206
1952,7,11,34.932,34.932
1952,7,12,33.099,33.099
1952,7,13,35.676,35.676
1952,7,14,35.71,35.71
1952,7,15,33.998,33.998
1952,7,16,36.278,36.278
1952,7,17,35.395,35.395
1952,7,18,36.463,36.463
1952,7,19,35.267,35.267
1952,7,20,33.196,33.196
1952,7,21,29.045,29.045
1952,7,22,29.736,29.736
1952,7,23,30.138,30.138
1952,7,24,32.639,32.639
1952,7,25,35.526,35.526
1952,7,26,34.184,34.184
1952,7,27,32.562,32.562
1952,7,28,31.624,31.624
1952,7,29,35.021,35.021
1952,7,30,37.047,37.047
1952,7,31,39.946,39.946
1952,8,1,39.623,39.623
1952,8,2,38.822,38.822
1952,8,3,37.831,37.831
1952,8,4,35.487,35.487
1952,8,5,34.784,34.784
1952,8,6,31.25,31.25
1952,8,7,32.175,32.175
1952,8,8,34.393,34.393
1952,8,9,35.705,35.705
1952,8,10,35.781,35.781
1952,8,11,36.623,36.623
1952,8,12,35.745,35.745
1952,8,13,35.643,35.643
1952,8,14,32.518,32.518
1952,8,15,30.17,30.17
1952,8,16,30.778,30.778
1952,8,17,33.668,33.668
1952,8,18,32.256,32.256
1952,8,19,32.97,32.97
1952,8,20,34.224,34.224
1952,8,21,35.869,35.869
1952,8,22,37.032,37.032
1952,8,23,37.172,37.172
1952,8,24,36.37,36.37
1952,8,25,33.438,33.438
1952,8,26,31.662,31.662
1952,8,27,33.861,33.861
1952,8,28,36.846,36.846
1952,8,29,37.238,37.238
1952,8,30,35.633,35.633
1952,8,31,30.891,30.891
1952,9,1,29.862,29.862
1952,9,2,28.731,28.731
1952,9,3,27.665,27.665
1952,9,4,26.249,26.249
1952,9,5,28.578,28.578
1952,9,6,29.952,29.952
1952,9,7,31.283,31.283
1952,9,8,31.55,31.55
1952,9,9,31.449,31.449
1952,9,10,28.715,28.715
1952,9,11,27.988,27.988
1952,9,12,29.752,29.752
1952,9,13,29.781,29.781
1952,9,14,28.775,28.775
1952,9,15,26.034,26.034
1952,9,16,25.725,25.725
1952,9,17,25.788,25.788
1952,9,18,23.996,23.996
1952,9,19,22.573,22.573
1952,9,20,23.317,23.317
1952,9,21,21.99,21.99
1952,9,22,21.017,21.017
1952,9,23,22.17,22.17
1952,9,24,24.706,24.706
1952,9,25,25.457,25.457
1952,9,26,23.171,23.171
1952,9,27,23.704,23.704
1952,9,28,22.923,22.923
1952,9,29,27.587,27.587
1952,9,30,28.836,28.836
1952,10,1,28.698,28.698
1952,10,2,30.731,30.731
1952,10,3,31.476,31.476
1952,10,4,33.093,33.093
1952,10,5,33.816,33.816
1952,10,6,34.41,34.41
1952,10,7,33.318,33.318
1952,10,8,31.551,31.551
1952,10,9,32.497,32.497
1952,10,10,32.945,32.945
1952,10,11,31.647,31.647
1952,10,12,28.161,28.161
1952,10,13,26.962,26.962
1952,10,14,20.73,20.73
1952,10,15,23.428,23.428
1952,10,16,25.999,25.999
1952,10,17,27.627,27.627
1952,10,18,26.126,26.126
1952,10,19,25.701,25.701
1952,10,20,28.296,28.296
1952,10,21,26.327,26.327
1952,10,22,28.045,28.045
1952,10,23,26.23,26.23
1952,10,24,24.62,24.62
1952,10,25,25.663,25.663
1952,10,26,19.237,19.237
1952,10,27,18.961,18.961
1952,10,28,18.022,18.022
1952,10,29,17.337,17.337
1952,10,30,19.878,19.878
1952,10,31,20.616,20.616
1952,11,1,22.389,22.389
1952,11,2,20.456,20.456
1952,11,3,16.955,16.955
1952,11,4,18.757,18.757
1952,11,5,17.415,17.415
1952,11,6,13.391,13.391
1952,11,7,13.311,13.311
1952,11,8,15.076,15.076
1952,11,9,14.523,14.523
1952,11,10,16.48,16.48
1952,11,11,14.303,14.303
1952,11,12,11.789,11.789
1952,11,13,14.216,14.216
1952,11,14,12.905,12.905
1952,11,15,12.649,12.649
1952,11,16,10.22,10.22
1952,11,17,11.493,11.493
1952,11,18,12.375,12.375
1952,11,19,15.035,15.035
1952,11,20,18.191,18.191
1952,11,21,21.427,21.427
1952,11,22,18.462,18.462
1952,11,23,17.564,17.564
1952,11,24,18.102,18.102
1952,11,25,18.12,18.12
1952,11,26,18.202,18.202
1952,11,27,18.7,18.7
1952,11,28,16.392,16.392
1952,11,29,17.581,17.581
1952,11,30,18.466,18.466
1952,12,1,15.689,15.689
1952,12,2,17.158,17.158
1952,12,3,16.843,16.843
1952,12,4,15.928,15.928
1952,12,5,13.955,13.955
1952,12,6,10.552,10.552
1952,12,7,12.023,12.023
1952,12,8,14.096,14.096
1952,12,9,13.973,13.973
1952,12,10,14.878,14.878
1952,12,11,13.94,13.94
1952,12,12,12.975,12.975
1952,12,13,19.135,19.135
1952,12,14,17.465,17.465
1952,12,15,16.826,16.826
1952,12,16,16.687,16.687
1952,12,17,17.883,17.883
1952,12,18,16.735,16.735
1952,12,19,15.141,15.141
1952,12,20,20.863,20.863
1952,12,21,17.258,17.258
1952,12,22,17.718,17.718
1952,12,23,16.731,16.731
1952,12,24,13.001,13.001
1952,12,25,14.94,14.94
1952,12,26,13.575,13.575
1952,12,27,15.877,15.877
1952,12,28,12.2,12.2
1952,12,29,9.405,9.405
1952,12,30,7.142,7.142
1952,12,31,6.372,6.372
1953,1,1,10.795,10.795
1953,1,2,11.779,11.779
1953,1,3,10.522,10.522
1953,1,4,9.509,9.509
1953,1,5,11.3,11.3
1953,1,6,10.657,10.657
1953,1,7,10.821,10.821
1953,1,8,13.625,13.625
1953,1,9,9.594,9.594
1953,1,10,3.852,3.852
1953,1,11,5.307,5.307
1953,1,12,5.752,5.752
1953,1,13,5.933,5.933
1953,1,14,9.473,9.473
1953,1,15,11.203,11.203
1953,1,16,14.331,14.331
1953,1,17,12.613,12.613
1953,1,18,12.75,12.75
1953,1,19,12.469,12.469
1953,1,20,14.494,14.494
1953,1,21,11.432,11.432
1953,1,22,11.11,11.11
1953,1,23,9.424,9.424
1953,1,24,7.839,7.839
1953,1,25,9.337,9.337
1953,1,26,11.325,11.325
1953,1,27,12.231,12.231
1953,1,28,10.821,10.821
1953,1,29,11.116,11.116
1953,1,30,12.296,12.296
1953,1,31,12.863,12.863
1953,2,1,15.432,15.432
1953,2,2,15.211,15.211
1953,2,3,14.85,14.85
1953,2,4,12.979,12.979
1953,2,5,13.331,13.331
1953,2,6,13.89,13.89
1953,2,7,10.233,10.233
1953,2,8,9.565,9.565
1953,2,9,13.271,13.271
1953,2,10,11.596,11.596
1953,2,11,9.864,9.864
1953,2,12,9.95,9.95
1953,2,13,10.68,10.68
1953,2,14,12.062,12.062
1953,2,15,12.997,12.997
1953,2,16,12.644,12.644
1953,2,17,13.499,13.499
1953,2,18,13.707,13.707
1953,2,19,16.015,16.015
1953,2,20,15.394,15.394
1953,2,21,19.194,19.194
1953,2,22,17.597,17.597
1953,2,23,22.457,22.457
1953,2,24,23.484,23.484
1953,2,25,21.322,21.322
1953,2,26,21.304,21.304
1953,2,27,20.135,20.135
1953,2,28,19.868,19.868
1953,3,1,22.246,22.246
1953,3,2,23.532,23.532
1953,3,3,23.442,23.442
1953,3,4,23.493,23.493
1953,3,5,21.881,21.881
1953,3,6,18.597,18.597
1953,3,7,13.495,13.495
1953,3,8,13.171,13.171
1953,3,9,17.667,17.667
1953,3,10,22.195,22.195
1953,3,11,22.177,22.177
1953,3,12,19.796,19.796
1953,3,13,16.585,16.585
1953,3,14,14.414,14.414
1953,3,15,13.982,13.982
1953,3,16,16.764,16.764
1953,3,17,18.825,18.825
1953,3,18,17.647,17.647
1953,3,19,16.737,16.737
1953,3,20,16.178,16.178
1953,3,21,16.325,16.325
1953,3,22,13.438,13.438
1953,3,23,13.15,13.15
1953,3,24,13.51,13.51
1953,3,25,15.38,15.38
1953,3,26,15.203,15.203
1953,3,27,17.313,17.313
1953,3,28,18.861,18.861
1953,3,29,16.743,16.743
1953,3,30,13.738,13.738
1953,3,31,14.165,14.165
1953,4,1,10.589,10.589
1953,4,2,17.837,17.837
1953,4,3,18.227,18.227
1953,4,4,14.672,14.672
1953,4,5,14.922,14.922
1953,4,6,16.39,16.39
1953,4,7,18.938,18.938
1953,4,8,20.112,20.112
1953,4,9,24.91,24.91
1953,4,10,26.582,26.582
1953,4,11,27.844,27.844
1953,4,12,25.693,25.693
1953,4,13,23.346,23.346
1953,4,14,18.779,18.779
1953,4,15,13.774,13.774
1953,4,16,20.377,20.377
1953,4,17,20.197,20.197
1953,4,18,15.492,15.492
1953,4,19,14.802,14.802
1953,4,20,10.901,10.901
1953,4,21,13.316,13.316
1953,4,22,17.162,17.162
1953,4,23,21.399,21.399
1953,4,24,22.16,22.16
1953,4,25,25.407,25.407
1953,4,26,25.252,25.252
1953,4,27,27.522,27.522
1953,4,28,29.6,29.6
1953,4,29,25.475,25.475
1953,4,30,24.713,24.713
1953,5,1,24.854,24.854
1953,5,2,30.603,30.603
1953,5,3,31.428,31.428
1953,5,4,31.403,31.403
1953,5,5,27.713,27.713
1953,5,6,22.487,22.487
1953,5,7,21.659,21.659
1953,5,8,24.92,24.92
1953,5,9,28.746,28.746
1953,5,10,30.999,30.999
1953,5,11,32.144,32.144
1953,5,12,26.989,26.989
1953,5,13,21.556,21.556
1953,5,14,26.078,26.078
1953,5,15,27.796,27.796
1953,5,16,26.784,26.784
1953,5,17,26.74,26.74
1953,5,18,27.606,27.606
1953,5,19,28.405,28.405
1953,5,20,29.298,29.298
1953,5,21,30.12,30.12
1953,5,22,32.179,32.179
1953,5,23,28.426,28.426
1953,5,24,26.185,26.185
1953,5,25,27.966,27.966
1953,5,26,30.248,30.248
1953,5,27,31.539,31.539
1953,5,28,31.175,31.175
1953,5,29,32.007,32.007
1953,5,30,31.835,31.835
1953,5,31,29.902,29.902
1953,6,1,27.309,27.309
1953,6,2,29.2,29.2
1953,6,3,28.946,28.946
1953,6,4,28.462,28.462
1953,6,5,28.091,28.091
1953,6,6,29.357,29.357
1953,6,7,31.555,31.555
1953,6,8,32.951,32.951
1953,6,9,34.954,34.954
1953,6,10,35.044,35.044
1953,6,11,35.136,35.136
1953,6,12,36.097,36.097
1953,6,13,36.516,36.516
1953,6,14,37.916,37.916
1953,6,15,36.691,36.691
1953,6,16,35.222,35.222
1953,6,17,29.909,29.909
1953,6,18,29.5,29.5
1953,6,19,30.379,30.379
1953,6,20,30.269,30.269
1953,6,21,33.626,33.626
1953,6,22,32.839,32.839
1953,6,23,33.362,33.362
1953,6,24,36.06,36.06
1953,6,25,35.454,35.454
1953,6,26,34.557,34.557
1953,6,27,35.312,35.312
1953,6,28,36.379,36.379
1953,6,29,36.581,36.581
1953,6,30,35.57,35.57
1953,7,1,33.935,33.935
1953,7,2,30.051,30.051
1953,7,3,31.708,31.708
1953,7,4,33.491,33.491
1953,7,5,36.065,36.065
1953,7,6,37.107,37.107
1953,7,7,37.023,37.023
1953,7,8,38.09,38.09
1953,7,9,38.607,38.607
1953,7,10,39.38,39.38
1953,7,11,38.02,38.02
1953,7,12,33.83,33.83
1953,7,13,32.235,32.235
1953,7,14,30.42,30.42
1953,7,15,31.525,31.525
1953,7,16,30.926,30.926
1953,7,17,31.771,31.771
1953,7,18,32.596,32.596
1953,7,19,30.894,30.894
1953,7,20,31.543,31.543
1953,7,21,27.488,27.488
1953,7,22,27.644,27.644
1953,7,23,29.913,29.913
1953,7,24,32.71,32.71
1953,7,25,36.785,36.785
1953,7,26,37.841,37.841
1953,7,27,38.218,38.218
1953,7,28,36.13,36.13
1953,7,29,36.469,36.469
1953,7,30,36.881,36.881
1953,7,31,37.329,37.329
1953,8,1,38.845,38.845
1953,8,2,41.77,41.77
1953,8,3,39.854,39.854
1953,8,4,36.864,36.864
1953,8,5,30.956,30.956
1953,8,6,32.775,32.775
1953,8,7,33.223,33.223
1953,8,8,32.07,32.07
1953,8,9,34.21,34.21
1953,8,10,35.084,35.084
1953,8,11,35.357,35.357
1953,8,12,34.038,34.038
1953,8,13,34.516,34.516
1953,8,14,37.547,37.547
1953,8,15,38.21,38.21
1953,8,16,37.028,37.028
1953,8,17,36.927,36.927
1953,8,18,35.033,35.033
1953,8,19,35.557,35.557
1953,8,20,29.965,29.965
1953,8,21,23.05,23.05
1953,8,22,27.55,27.55
1953,8,23,29.765,29.765
1953,8,24,33.616,33.616
1953,8,25,35.838,35.838
1953,8,26,36.667,36.667
1953,8,27,34.443,34.443
1953,8,28,32.46,32.46
1953,8,29,28.215,28.215
1953,8,30,27.406,27.406
1953,8,31,31.414,31.414
1953,9,1,32.505,32.505
1953,9,2,32.561,32.561
1953,9,3,30.873,30.873
1953,9,4,29.904,29.904
1953,9,5,31.982,31.982
1953,9,6,33.175,33.175
1953,9,7,34.585,34.585
1953,9,8,34.312,34.312
1953,9,9,33.132,33.132
1953,9,10,34.956,34.956
1953,9,11,35.166,35.166
1953,9,12,34.26,34.26
1953,9,13,33.81,33.81
1953,9,14,33.278,33.278
1953,9,15,34.122,34.122
1953,9,16,35.006,35.006
1953,9,17,33.356,33.356
1953,9,18,29.37,29.37
1953,9,19,27.674,27.674
1953,9,20,30.011,30.011
1953,9,21,32.428,32.428
1953,9,22,34.47,34.47
1953,9,23,32.886,32.886
1953,9,24,32.162,32.162
1953,9,25,31.128,31.128
1953,9,26,30.474,30.474
1953,9,27,28.291,28.291
1953,9,28,30.749,30.749
1953,9,29,30.226,30.226
1953,9,30,32.762,32.762
1953,10,1,32.452,32.452
1953,10,2,33.599,33.599
1953,10,3,33.479,33.479
1953,10,4,32.083,32.083
1953,10,5,30.97,30.97
1953,10,6,32.858,32.858
1953,10,7,34.642,34.642
1953,10,8,34.225,34.225
1953,10,9,34.312,34.312
1953,10,10,29.838,29.838
1953,10,11,31.29,31.29
1953,10,12,29.457,29.457
1953,10,13,31.566,31.566
1953,10,14,32.87,32.87
1953,10,15,32.284,32.284
1953,10,16,32.908,32.908
1953,10,17,32.174,32.174
1953,10,18,32.546,32.546
1953,10,19,29.416,29.416
1953,10,20,30.48,30.48
1953,10,21,24.513,24.513
1953,10,22,22.211,22.211
1953,10,23,19.366,19.366
1953,10,24,17.924,17.924
1953,10,25,18.942,18.942
1953,10,26,20.339,20.339
1953,10,27,20.433,20.433
1953,10,28,20.614,20.614
1953,10,29,21.962,21.962
1953,10,30,19.384,19.384
1953,10,31,20.526,20.526
1953,11,1,23.898,23.898
1953,11,2,23.711,23.711
1953,11,3,28.263,28.263
1953,11,4,26.315,26.315
1953,11,5,26.673,26.673
1953,11,6,23.95,23.95
1953,11,7,22.62,22.62
1953,11,8,19.846,19.846
1953,11,9,19.507,19.507
1953,11,10,17.251,17.251
1953,11,11,18.816,18.816
1953,11,12,14.227,14.227
1953,11,13,10.146,10.146
1953,11,14,10.478,10.478
1953,11,15,8.817,8.817
1953,11,16,7.462,7.462
1953,11,17,8.613,8.613
1953,11,18,10.103,10.103
1953,11,19,9.809,9.809
1953,11,20,10.592,10.592
1953,11,21,12.184,12.184
1953,11,22,16.881,16.881
1953,11,23,16.579,16.579
1953,11,24,15.981,15.981
1953,11,25,12.49,12.49
1953,11,26,11.139,11.139
1953,11,27,14.994,14.994
1953,11,28,15.243,15.243
1953,11,29,13.36,13.36
1953,11,30,9.989,9.989
1953,12,1,12.693,12.693
1953,12,2,10.346,10.346
1953,12,3,7.848,7.848
1953,12,4,9.35,9.35
1953,12,5,14.756,14.756
1953,12,6,11.43,11.43
1953,12,7,13.827,13.827
1953,12,8,16.892,16.892
1953,12,9,19.118,19.118
1953,12,10,19.5,19.5
1953,12,11,18.861,18.861
1953,12,12,19.691,19.691
1953,12,13,20.058,20.058
1953,12,14,15.699,15.699
1953,12,15,16.245,16.245
1953,12,16,15.657,15.657
1953,12,17,15.174,15.174
1953,12,18,15.611,15.611
1953,12,19,17.857,17.857
1953,12,20,18.424,18.424
1953,12,21,18.1,18.1
1953,12,22,20.59,20.59
1953,12,23,22.998,22.998
1953,12,24,19.372,19.372
1953,12,25,17.103,17.103
1953,12,26,15.352,15.352
1953,12,27,17.695,17.695
1953,12,28,17.248,17.248
1953,12,29,16.461,16.461
1953,12,30,17.045,17.045
1953,12,31,15.516,15.516
1954,1,1,15.772,15.772
1954,1,2,15.771,15.771
1954,1,3,17.41,17.41
1954,1,4,14.199,14.199
1954,1,5,14.92,14.92
1954,1,6,14.836,14.836
1954,1,7,13.17,13.17
1954,1,8,11.771,11.771
1954,1,9,11.19,11.19
1954,1,10,10.941,10.941
1954,1,11,11.467,11.467
1954,1,12,12.533,12.533
1954,1,13,10.984,10.984
1954,1,14,11.47,11.47
1954,1,15,14.44,14.44
1954,1,16,10.496,10.496
1954,1,17,9.113,9.113
1954,1,18,8.215,8.215
1954,1,19,10.923,10.923
1954,1,20,12.225,12.225
1954,1,21,11.667,11.667
1954,1,22,10.042,10.042
1954,1,23,11.419,11.419
1954,1,24,10.446,10.446
1954,1,25,11.229,11.229
1954,1,26,12.257,12.257
1954,1,27,11.42,11.42
1954,1,28,10.291,10.291
1954,1,29,13.68,13.68
1954,1,30,10.467,10.467
1954,1,31,12.41,12.41
1954,2,1,15.155,15.155
1954,2,2,16.628,16.628
1954,2,3,16.688,16.688
1954,2,4,16.346,16.346
1954,2,5,16.724,16.724
1954,2,6,15.436,15.436
1954,2,7,16.361,16.361
1954,2,8,17.207,17.207
1954,2,9,18.883,18.883
1954,2,10,16.924,16.924
1954,2,11,18.527,18.527
1954,2,12,18.609,18.609
1954,2,13,13.288,13.288
1954,2,14,13.75,13.75
1954,2,15,12.062,12.062
1954,2,16,12.916,12.916
1954,2,17,15.377,15.377
1954,2,18,17.286,17.286
1954,2,19,17.141,17.141
1954,2,20,17.101,17.101
1954,2,21,16.475,16.475
1954,2,22,13.747,13.747
1954,2,23,11.319,11.319
1954,2,24,13.222,13.222
1954,2,25,6.611,6.611
1954,2,26,8.521,8.521
1954,2,27,15.761,15.761
1954,2,28,14.646,14.646
1954,3,1,17.33,17.33
1954,3,2,16.059,16.059
1954,3,3,10.504,10.504
1954,3,4,7.542,7.542
1954,3,5,7.856,7.856
1954,3,6,8.417,8.417
1954,3,7,6.843,6.843
1954,3,8,12.81,12.81
1954,3,9,15.006,15.006
1954,3,10,15.451,15.451
1954,3,11,13.688,13.688
1954,3,12,14.434,14.434
1954,3,13,16.01,16.01
1954,3,14,19.105,19.105
1954,3,15,20.789,20.789
1954,3,16,21.514,21.514
1954,3,17,23.97,23.97
1954,3,18,22.07,22.07
1954,3,19,20.253,20.253
1954,3,20,18.13,18.13
1954,3,21,13.151,13.151
1954,3,22,14.092,14.092
1954,3,23,13.174,13.174
1954,3,24,13.174,13.174
1954,3,25,15.384,15.384
1954,3,26,15.306,15.306
1954,3,27,14.649,14.649
1954,3,28,13.318,13.318
1954,3,29,11.461,11.461
1954,3,30,11.306,11.306
1954,3,31,12.376,12.376
1954,4,1,16.263,16.263
1954,4,2,19.389,19.389
1954,4,3,22.26,22.26
1954,4,4,21.405,21.405
1954,4,5,19.336,19.336
1954,4,6,13.945,13.945
1954,4,7,14.612,14.612
1954,4,8,15.463,15.463
1954,4,9,12.683,12.683
1954,4,10,13.282,13.282
1954,4,11,14.108,14.108
1954,4,12,13.931,13.931
1954,4,13,15.473,15.473
1954,4,14,19.486,19.486
1954,4,15,22.077,22.077
1954,4,16,25.127,25.127
1954,4,17,25.367,25.367
1954,4,18,24.623,24.623
1954,4,19,21.326,21.326
1954,4,20,18.869,18.869
1954,4,21,18.433,18.433
1954,4,22,17.215,17.215
1954,4,23,18.772,18.772
1954,4,24,18.435,18.435
1954,4,25,18.809,18.809
1954,4,26,22.864,22.864
1954,4,27,26.313,26.313
1954,4,28,27.929,27.929
1954,4,29,26.193,26.193
1954,4,30,25.364,25.364
1954,5,1,20.327,20.327
1954,5,2,22.758,22.758
1954,5,3,20.195,20.195
1954,5,4,16.444,16.444
1954,5,5,18.332,18.332
1954,5,6,26.55,26.55
1954,5,7,29.333,29.333
1954,5,8,29.575,29.575
1954,5,9,29.405,29.405
1954,5,10,29.721,29.721
1954,5,11,30.21,30.21
1954,5,12,29.469,29.469
1954,5,13,29.516,29.516
1954,5,14,29.845,29.845
1954,5,15,28.448,28.448
1954,5,16,22.966,22.966
1954,5,17,19.741,19.741
1954,5,18,19.781,19.781
1954,5,19,21.665,21.665
1954,5,20,26.568,26.568
1954,5,21,27.875,27.875
1954,5,22,30.258,30.258
1954,5,23,29.686,29.686
1954,5,24,23.57,23.57
1954,5,25,20.327,20.327
1954,5,26,19.625,19.625
1954,5,27,24.414,24.414
1954,5,28,26.584,26.584
1954,5,29,26.377,26.377
1954,5,30,25.926,25.926
1954,5,31,23.922,23.922
1954,6,1,25.762,25.762
1954,6,2,30.036,30.036
1954,6,3,30.067,30.067
1954,6,4,28.43,28.43
1954,6,5,29.882,29.882
1954,6,6,28.729,28.729
1954,6,7,24.819,24.819
1954,6,8,27.442,27.442
1954,6,9,27.448,27.448
1954,6,10,26.547,26.547
1954,6,11,21.128,21.128
1954,6,12,22.147,22.147
1954,6,13,27.842,27.842
1954,6,14,32.572,32.572
1954,6,15,29.837,29.837
1954,6,16,26.698,26.698
1954,6,17,26.202,26.202
1954,6,18,25.822,25.822
1954,6,19,28.739,28.739
1954,6,20,31.271,31.271
1954,6,21,31.669,31.669
1954,6,22,32.633,32.633
1954,6,23,33.991,33.991
1954,6,24,36.154,36.154
1954,6,25,37.722,37.722
1954,6,26,36.747,36.747
1954,6,27,36.039,36.039
1954,6,28,34.514,34.514
1954,6,29,31.099,31.099
1954,6,30,31.197,31.197
1954,7,1,30.622,30.622
1954,7,2,31.625,31.625
1954,7,3,33.866,33.866
1954,7,4,33.928,33.928
1954,7,5,35.111,35.111
1954,7,6,35.455,35.455
1954,7,7,32.344,32.344
1954,7,8,31.753,31.753
1954,7,9,32.216,32.216
1954,7,10,34.228,34.228
1954,7,11,34.914,34.914
1954,7,12,37.163,37.163
1954,7,13,37.793,37.793
1954,7,14,37.527,37.527
1954,7,15,28.879,28.879
1954,7,16,28.085,28.085
1954,7,17,28.151,28.151
1954,7,18,28.92,28.92
1954,7,19,32.038,32.038
1954,7,20,32.276,32.276
1954,7,21,35.24,35.24
1954,7,22,35.875,35.875
1954,7,23,36.599,36.599
1954,7,24,37.584,37.584
1954,7,25,38.828,38.828
1954,7,26,38.484,38.484
1954,7,27,37.811,37.811
1954,7,28,34.687,34.687
1954,7,29,35.563,35.563
1954,7,30,33.983,33.983
1954,7,31,34.087,34.087
1954,8,1,35.153,35.153
1954,8,2,35.068,35.068
1954,8,3,38.925,38.925
1954,8,4,38.91,38.91
1954,8,5,37.597,37.597
1954,8,6,32.802,32.802
1954,8,7,30.636,30.636
1954,8,8,34.601,34.601
1954,8,9,36.291,36.291
1954,8,10,36.85,36.85
1954,8,11,42.099,42.099
1954,8,12,42.212,42.212
1954,8,13,40.171,40.171
1954,8,14,37.931,37.931
1954,8,15,30.666,30.666
1954,8,16,31.714,31.714
1954,8,17,29.588,29.588
1954,8,18,23.236,23.236
1954,8,19,15.007,15.007
1954,8,20,22.348,22.348
1954,8,21,27.086,27.086
1954,8,22,27.979,27.979
1954,8,23,27.725,27.725
1954,8,24,25.93,25.93
1954,8,25,28.007,28.007
1954,8,26,30.321,30.321
1954,8,27,30.081,30.081
1954,8,28,29.283,29.283
1954,8,29,28.549,28.549
1954,8,30,33.464,33.464
1954,8,31,35.154,35.154
1954,9,1,35.848,35.848
1954,9,2,40.13,40.13
1954,9,3,39.434,39.434
1954,9,4,35.576,35.576
1954,9,5,30.604,30.604
1954,9,6,26.399,26.399
1954,9,7,32.375,32.375
1954,9,8,34.38,34.38
1954,9,9,34.407,34.407
1954,9,10,33.941,33.941
1954,9,11,32.955,32.955
1954,9,12,34.547,34.547
1954,9,13,36.146,36.146
1954,9,14,37.645,37.645
1954,9,15,38.099,38.099
1954,9,16,36.178,36.178
1954,9,17,35.062,35.062
1954,9,18,34.162,34.162
1954,9,19,31.314,31.314
1954,9,20,27.506,27.506
1954,9,21,29.344,29.344
1954,9,22,26.402,26.402
1954,9,23,23.336,23.336
1954,9,24,22.578,22.578
1954,9,25,23.06,23.06
1954,9,26,25.545,25.545
1954,9,27,27.408,27.408
1954,9,28,30.379,30.379
1954,9,29,29.03,29.03
1954,9,30,25.711,25.711
1954,10,1,22.571,22.571
1954,10,2,26.294,26.294
1954,10,3,31.202,31.202
1954,10,4,29.697,29.697
1954,10,5,28.454,28.454
1954,10,6,27.586,27.586
1954,10,7,28.335,28.335
1954,10,8,28.566,28.566
1954,10,9,25.004,25.004
1954,10,10,22.169,22.169
1954,10,11,22.908,22.908
1954,10,12,23.953,23.953
1954,10,13,28.851,28.851
1954,10,14,26.508,26.508
1954,10,15,26.094,26.094
1954,10,16,27.978,27.978
1954,10,17,29.057,29.057
1954,10,18,28.759,28.759
1954,10,19,29.688,29.688
1954,10,20,30.883,30.883
1954,10,21,31.588,31.588
1954,10,22,32.589,32.589
1954,10,23,31.298,31.298
1954,10,24,30.561,30.561
1954,10,25,29.668,29.668
1954,10,26,28.735,28.735
1954,10,27,24.485,24.485
1954,10,28,20.565,20.565
1954,10,29,19.029,19.029
1954,10,30,16.054,16.054
1954,10,31,16.957,16.957
1954,11,1,14.656,14.656
1954,11,2,14.201,14.201
1954,11,3,12.144,12.144
1954,11,4,13.258,13.258
1954,11,5,18.088,18.088
1954,11,6,16.138,16.138
1954,11,7,14.379,14.379
1954,11,8,15.919,15.919
1954,11,9,15.412,15.412
1954,11,10,19.456,19.456
1954,11,11,18.673,18.673
1954,11,12,18.273,18.273
1954,11,13,14.261,14.261
1954,11,14,13.925,13.925
1954,11,15,15.806,15.806
1954,11,16,17.026,17.026
1954,11,17,20.199,20.199
1954,11,18,17.496,17.496
1954,11,19,19.591,19.591
1954,11,20,17.97,17.97
1954,11,21,19.527,19.527
1954,11,22,13.485,13.485
1954,11,23,14.53,14.53
1954,11,24,12.635,12.635
1954,11,25,14.37,14.37
1954,11,26,14.902,14.902
1954,11,27,16.005,16.005
1954,11,28,15.013,15.013
1954,11,29,16.811,16.811
1954,11,30,16.588,16.588
1954,12,1,15.482,15.482
1954,12,2,16.661,16.661
1954,12,3,16.911,16.911
1954,12,4,14.758,14.758
1954,12,5,13.741,13.741
1954,12,6,13.307,13.307
1954,12,7,12.759,12.759
1954,12,8,9.818,9.818
1954,12,9,15.85,15.85
1954,12,10,16.083,16.083
1954,12,11,15.477,15.477
1954,12,12,14.939,14.939
1954,12,13,13.443,13.443
1954,12,14,14.434,14.434
1954,12,15,11.659,11.659
1954,12,16,11.6,11.6
1954,12,17,13.975,13.975
1954,12,18,13.964,13.964
1954,12,19,14.2,14.2
1954,12,20,11.224,11.224
1954,12,21,15.788,15.788
1954,12,22,16.062,16.062
1954,12,23,14.31,14.31
1954,12,24,12.485,12.485
1954,12,25,11.559,11.559
1954,12,26,8.883,8.883
1954,12,27,10.622,10.622
1954,12,28,8.817,8.817
1954,12,29,9.464,9.464
1954,12,30,8.523,8.523
1954,12,31,10.095,10.095
1955,1,1,10.744,10.744
1955,1,2,11.368,11.368
1955,1,3,11.808,11.808
1955,1,4,11.77,11.77
1955,1,5,8.942,8.942
1955,1,6,7.231,7.231
1955,1,7,7.18,7.18
1955,1,8,8.682,8.682
1955,1,9,9.497,9.497
1955,1,10,8.476,8.476
1955,1,11,5.211,5.211
1955,1,12,6.737,6.737
1955,1,13,9.955,9.955
1955,1,14,5.976,5.976
1955,1,15,7.229,7.229
1955,1,16,8.436,8.436
1955,1,17,8.684,8.684
1955,1,18,9.544,9.544
1955,1,19,5.866,5.866
1955,1,20,7.989,7.989
1955,1,21,7.685,7.685
1955,1,22,8.319,8.319
1955,1,23,9.765,9.765
1955,1,24,8.168,8.168
1955,1,25,9.636,9.636
1955,1,26,9.856,9.856
1955,1,27,11.12,11.12
1955,1,28,11.62,11.62
1955,1,29,16.802,16.802
1955,1,30,16.648,16.648
1955,1,31,18.493,18.493
1955,2,1,17.689,17.689
1955,2,2,16.29,16.29
1955,2,3,14.49,14.49
1955,2,4,17.236,17.236
1955,2,5,18.441,18.441
1955,2,6,16.093,16.093
1955,2,7,14.38,14.38
1955,2,8,17.175,17.175
1955,2,9,17.802,17.802
1955,2,10,15.842,15.842
1955,2,11,14.305,14.305
1955,2,12,15.723,15.723
1955,2,13,18.264,18.264
1955,2,14,17.656,17.656
1955,2,15,13.677,13.677
1955,2,16,12.742,12.742
1955,2,17,15.897,15.897
1955,2,18,17.181,17.181
1955,2,19,17.546,17.546
1955,2,20,18.792,18.792
1955,2,21,20.609,20.609
1955,2,22,16.059,16.059
1955,2,23,16.643,16.643
1955,2,24,13.552,13.552
1955,2,25,13.183,13.183
1955,2,26,17.491,17.491
1955,2,27,13.099,13.099
1955,2,28,9.595,9.595
1955,3,1,6.385,6.385
1955,3,2,9.973,9.973
1955,3,3,7.939,7.939
1955,3,4,6.259,6.259
1955,3,5,9.053,9.053
1955,3,6,10.219,10.219
1955,3,7,11.021,11.021
1955,3,8,10.756,10.756
1955,3,9,10.64,10.64
1955,3,10,12.941,12.941
1955,3,11,12.52,12.52
1955,3,12,13.035,13.035
1955,3,13,14.044,14.044
1955,3,14,15.556,15.556
1955,3,15,17.08,17.08
1955,3,16,15.955,15.955
1955,3,17,15.374,15.374
1955,3,18,15.365,15.365
1955,3,19,9.577,9.577
1955,3,20,9.473,9.473
1955,3,21,13.329,13.329
1955,3,22,15.086,15.086
1955,3,23,15.236,15.236
1955,3,24,15.151,15.151
1955,3,25,16.231,16.231
1955,3,26,15.13,15.13
1955,3,27,19.655,19.655
1955,3,28,18.231,18.231
1955,3,29,16.558,16.558
1955,3,30,20.638,20.638
1955,3,31,23.668,23.668
1955,4,1,22.435,22.435
1955,4,2,20.422,20.422
1955,4,3,21.747,21.747
1955,4,4,23.471,23.471
1955,4,5,23.597,23.597
1955,4,6,23.756,23.756
1955,4,7,14.782,14.782
1955,4,8,12.898,12.898
1955,4,9,13.577,13.577
1955,4,10,15.578,15.578
1955,4,11,13.562,13.562
1955,4,12,13.88,13.88
1955,4,13,18.881,18.881
1955,4,14,24.515,24.515
1955,4,15,26.777,26.777
1955,4,16,26.883,26.883
1955,4,17,22.314,22.314
1955,4,18,15.359,15.359
1955,4,19,16.355,16.355
1955,4,20,16.015,16.015
1955,4,21,16.811,16.811
1955,4,22,13.793,13.793
1955,4,23,16.6,16.6
1955,4,24,23.17,23.17
1955,4,25,27.361,27.361
1955,4,26,27.736,27.736
1955,4,27,27.173,27.173
1955,4,28,25.716,25.716
1955,4,29,28.07,28.07
1955,4,30,27.127,27.127
1955,5,1,29.352,29.352
1955,5,2,21.882,21.882
1955,5,3,19.845,19.845
1955,5,4,23.342,23.342
1955,5,5,26.653,26.653
1955,5,6,25.866,25.866
1955,5,7,23.445,23.445
1955,5,8,20.702,20.702
1955,5,9,15.303,15.303
1955,5,10,14.197,14.197
1955,5,11,14.892,14.892
1955,5,12,16.887,16.887
1955,5,13,22.91,22.91
1955,5,14,25.441,25.441
1955,5,15,24.71,24.71
1955,5,16,23.136,23.136
1955,5,17,23.461,23.461
1955,5,18,25.43,25.43
1955,5,19,27.15,27.15
1955,5,20,28.087,28.087
1955,5,21,26.273,26.273
1955,5,22,23.781,23.781
1955,5,23,20.183,20.183
1955,5,24,22.112,22.112
1955,5,25,20.327,20.327
1955,5,26,14.385,14.385
1955,5,27,16.683,16.683
1955,5,28,15.116,15.116
1955,5,29,22.24,22.24
1955,5,30,18.088,18.088
1955,5,31,14.124,14.124
1955,6,1,15.961,15.961
1955,6,2,22.874,22.874
1955,6,3,27.879,27.879
1955,6,4,28.654,28.654
1955,6,5,28.77,28.77
1955,6,6,27.827,27.827
1955,6,7,29.231,29.231
1955,6,8,31.427,31.427
1955,6,9,32.119,32.119
1955,6,10,25.78,25.78
1955,6,11,26.181,26.181
1955,6,12,26.839,26.839
1955,6,13,25.436,25.436
1955,6,14,23.283,23.283
1955,6,15,29.05,29.05
1955,6,16,31.691,31.691
1955,6,17,31.765,31.765
1955,6,18,33.092,33.092
1955,6,19,30.459,30.459
1955,6,20,29.719,29.719
1955,6,21,31.455,31.455
1955,6,22,31.245,31.245
1955,6,23,34.349,34.349
1955,6,24,33.953,33.953
1955,6,25,31.307,31.307
1955,6,26,30.54,30.54
1955,6,27,31.269,31.269
1955,6,28,28.088,28.088
1955,6,29,27.128,27.128
1955,6,30,26.842,26.842
1955,7,1,27.355,27.355
1955,7,2,30.389,30.389
1955,7,3,29.941,29.941
1955,7,4,31.469,31.469
1955,7,5,33.681,33.681
1955,7,6,33.035,33.035
1955,7,7,34.258,34.258
1955,7,8,34.836,34.836
1955,7,9,33.359,33.359
1955,7,10,35.272,35.272
1955,7,11,35.002,35.002
1955,7,12,36.594,36.594
1955,7,13,36.995,36.995
1955,7,14,35.905,35.905
1955,7,15,33.283,33.283
1955,7,16,30.49,30.49
1955,7,17,29.769,29.769
1955,7,18,33.569,33.569
1955,7,19,36.742,36.742
1955,7,20,38.415,38.415
1955,7,21,38.825,38.825
1955,7,22,37.564,37.564
1955,7,23,35.474,35.474
1955,7,24,36.247,36.247
1955,7,25,33.846,33.846
1955,7,26,33.571,33.571
1955,7,27,33.24,33.24
1955,7,28,37.295,37.295
1955,7,29,40.499,40.499
1955,7,30,41.04,41.04
1955,7,31,37.867,37.867
1955,8,1,36.841,36.841
1955,8,2,37.677,37.677
1955,8,3,37.21,37.21
1955,8,4,37.449,37.449
1955,8,5,37.93,37.93
1955,8,6,38.348,38.348
1955,8,7,39.707,39.707
1955,8,8,36.738,36.738
1955,8,9,34.67,34.67
1955,8,10,36.327,36.327
1955,8,11,38.909,38.909
1955,8,12,37.889,37.889
1955,8,13,37.577,37.577
1955,8,14,36.47,36.47
1955,8,15,32.061,32.061
1955,8,16,30.778,30.778
1955,8,17,33.279,33.279
1955,8,18,36.559,36.559
1955,8,19,36.862,36.862
1955,8,20,36.242,36.242
1955,8,21,34.894,34.894
1955,8,22,35.569,35.569
1955,8,23,35.217,35.217
1955,8,24,33.489,33.489
1955,8,25,27.216,27.216
1955,8,26,25.018,25.018
1955,8,27,26.716,26.716
1955,8,28,29.796,29.796
1955,8,29,33.033,33.033
1955,8,30,34.969,34.969
1955,8,31,32.175,32.175
1955,9,1,31.167,31.167
1955,9,2,31.913,31.913
1955,9,3,31.07,31.07
1955,9,4,31.948,31.948
1955,9,5,31.379,31.379
1955,9,6,30.59,30.59
1955,9,7,31.664,31.664
1955,9,8,32.932,32.932
1955,9,9,32.911,32.911
1955,9,10,32.469,32.469
1955,9,11,33.462,33.462
1955,9,12,33.141,33.141
1955,9,13,32.34,32.34
1955,9,14,31.267,31.267
1955,9,15,27.153,27.153
1955,9,16,31.815,31.815
1955,9,17,34.843,34.843
1955,9,18,35.077,35.077
1955,9,19,34.561,34.561
1955,9,20,32.748,32.748
1955,9,21,32.789,32.789
1955,9,22,32.448,32.448
1955,9,23,32.3,32.3
1955,9,24,32.44,32.44
1955,9,25,33.031,33.031
1955,9,26,33.904,33.904
1955,9,27,32.3,32.3
1955,9,28,32.771,32.771
1955,9,29,34.614,34.614
1955,9,30,33.821,33.821
1955,10,1,31.831,31.831
1955,10,2,31.69,31.69
1955,10,3,31.163,31.163
1955,10,4,33.214,33.214
1955,10,5,35.157,35.157
1955,10,6,37.002,37.002
1955,10,7,36.313,36.313
1955,10,8,36.278,36.278
1955,10,9,31.995,31.995
1955,10,10,27.18,27.18
1955,10,11,23.219,23.219
1955,10,12,19.884,19.884
1955,10,13,18.737,18.737
1955,10,14,19.196,19.196
1955,10,15,17.096,17.096
1955,10,16,20.49,20.49
1955,10,17,21.044,21.044
1955,10,18,26.779,26.779
1955,10,19,25.84,25.84
1955,10,20,26.429,26.429
1955,10,21,26.315,26.315
1955,10,22,24.272,24.272
1955,10,23,19.364,19.364
1955,10,24,21.025,21.025
1955,10,25,20.429,20.429
1955,10,26,17.498,17.498
1955,10,27,16.525,16.525
1955,10,28,15.75,15.75
1955,10,29,15.602,15.602
1955,10,30,16.485,16.485
1955,10,31,18.412,18.412
1955,11,1,18.704,18.704
1955,11,2,17.55,17.55
1955,11,3,15.436,15.436
1955,11,4,16.506,16.506
1955,11,5,18.375,18.375
1955,11,6,20.159,20.159
1955,11,7,21.725,21.725
1955,11,8,21.985,21.985
1955,11,9,20.815,20.815
1955,11,10,18.671,18.671
1955,11,11,18.056,18.056
1955,11,12,16.302,16.302
1955,11,13,13.779,13.779
1955,11,14,14.335,14.335
1955,11,15,13.598,13.598
1955,11,16,9.774,9.774
1955,11,17,10.709,10.709
1955,11,18,8.919,8.919
1955,11,19,9.865,9.865
1955,11,20,7.661,7.661
1955,11,21,8.171,8.171
1955,11,22,9.774,9.774
1955,11,23,13.651,13.651
1955,11,24,13.399,13.399
1955,11,25,8.031,8.031
1955,11,26,7.745,7.745
1955,11,27,9.442,9.442
1955,11,28,9.967,9.967
1955,11,29,12.059,12.059
1955,11,30,11.476,11.476
1955,12,1,11.355,11.355
1955,12,2,10.8,10.8
1955,12,3,10.123,10.123
1955,12,4,10.561,10.561
1955,12,5,10.614,10.614
1955,12,6,8.816,8.816
1955,12,7,8.781,8.781
1955,12,8,12.014,12.014
1955,12,9,11.059,11.059
1955,12,10,12.044,12.044
1955,12,11,6.056,6.056
1955,12,12,7.392,7.392
1955,12,13,11.036,11.036
1955,12,14,14.466,14.466
1955,12,15,14.343,14.343
1955,12,16,14.645,14.645
1955,12,17,14.059,14.059
1955,12,18,11.912,11.912
1955,12,19,11.081,11.081
1955,12,20,9.163,9.163
1955,12,21,10.79,10.79
1955,12,22,11.005,11.005
1955,12,23,5.626,5.626
1955,12,24,3.862,3.862
1955,12,25,4.762,4.762
1955,12,26,2.869,2.869
1955,12,27,2.98,2.98
1955,12,28,8.18,8.18
1955,12,29,7.689,7.689
1955,12,30,4.832,4.832
1955,12,31,9.79,9.79
1956,1,1,11.154,11.154
1956,1,2,11.764,11.764
1956,1,3,14.465,14.465
1956,1,4,15.558,15.558
1956,1,5,14.404,14.404
1956,1,6,13.516,13.516
1956,1,7,11.335,11.335
1956,1,8,17.135,17.135
1956,1,9,15.115,15.115
1956,1,10,12.183,12.183
1956,1,11,12.072,12.072
1956,1,12,12.966,12.966
1956,1,13,14.234,14.234
1956,1,14,13.347,13.347
1956,1,15,13.736,13.736
1956,1,16,13.386,13.386
1956,1,17,10.433,10.433
1956,1,18,10.603,10.603
1956,1,19,13.997,13.997
1956,1,20,15.67,15.67
1956,1,21,11.852,11.852
1956,1,22,12.067,12.067
1956,1,23,8.344,8.344
1956,1,24,11.413,11.413
1956,1,25,12.19,12.19
1956,1,26,11.59,11.59
1956,1,27,10.877,10.877
1956,1,28,13.954,13.954
1956,1,29,14.106,14.106
1956,1,30,12.727,12.727
1956,1,31,16.311,16.311
1956,2,1,15.025,15.025
1956,2,2,9.928,9.928
1956,2,3,12.761,12.761
1956,2,4,14.433,14.433
1956,2,5,14.761,14.761
1956,2,6,18.65,18.65
1956,2,7,15.907,15.907
1956,2,8,17.14,17.14
1956,2,9,16.133,16.133
1956,2,10,16.272,16.272
1956,2,11,14.639,14.639
1956,2,12,16.139,16.139
1956,2,13,19.219,19.219
1956,2,14,18.077,18.077
1956,2,15,15.015,15.015
1956,2,16,16.591,16.591
1956,2,17,16.09,16.09
1956,2,18,12.171,12.171
1956,2,19,12.51,12.51
1956,2,20,12.434,12.434
1956,2,21,13.926,13.926
1956,2,22,14.308,14.308
1956,2,23,13.595,13.595
1956,2,24,11.613,11.613
1956,2,25,13.484,13.484
1956,2,26,14.714,14.714
1956,2,27,21.364,21.364
1956,2,28,20.61,20.61
1956,2,29,15.223,15.223
1956,3,1,12.503,12.503
1956,3,2,15.96,15.96
1956,3,3,12.736,12.736
1956,3,4,12.577,12.577
1956,3,5,11.139,11.139
1956,3,6,12.346,12.346
1956,3,7,13.603,13.603
1956,3,8,15.79,15.79
1956,3,9,17.116,17.116
1956,3,10,17.881,17.881
1956,3,11,19.589,19.589
1956,3,12,19.168,19.168
1956,3,13,17.56,17.56
1956,3,14,14.07,14.07
1956,3,15,11.621,11.621
1956,3,16,13.767,13.767
1956,3,17,12.47,12.47
1956,3,18,18.782,18.782
1956,3,19,19.249,19.249
1956,3,20,17.48,17.48
1956,3,21,21.68,21.68
1956,3,22,25.072,25.072
1956,3,23,22.49,22.49
1956,3,24,22.683,22.683
1956,3,25,24.771,24.771
1956,3,26,25.667,25.667
1956,3,27,24.618,24.618
1956,3,28,22.027,22.027
1956,3,29,22.995,22.995
1956,3,30,19.573,19.573
1956,3,31,19.108,19.108
1956,4,1,17.908,17.908
1956,4,2,17.919,17.919
1956,4,3,16.363,16.363
1956,4,4,16.566,16.566
1956,4,5,12.337,12.337
1956,4,6,16.109,16.109
1956,4,7,18.454,18.454
1956,4,8,17.847,17.847
1956,4,9,17.604,17.604
1956,4,10,23.716,23.716
1956,4,11,27.169,27.169
1956,4,12,22.81,22.81
1956,4,13,17.817,17.817
1956,4,14,20.437,20.437
1956,4,15,20.755,20.755
1956,4,16,16.076,16.076
1956,4,17,19.728,19.728
1956,4,18,24.293,24.293
1956,4,19,25.987,25.987
1956,4,20,23.49,23.49
1956,4,21,19.114,19.114
1956,4,22,11.882,11.882
1956,4,23,9.884,9.884
1956,4,24,10.03,10.03
1956,4,25,16.871,16.871
1956,4,26,20.991,20.991
1956,4,27,20.484,20.484
1956,4,28,19.361,19.361
1956,4,29,16.638,16.638
1956,4,30,15.181,15.181
1956,5,1,14.184,14.184
1956,5,2,14.8,14.8
1956,5,3,12.553,12.553
1956,5,4,12.385,12.385
1956,5,5,12.655,12.655
1956,5,6,13.337,13.337
1956,5,7,16.717,16.717
1956,5,8,15.977,15.977
1956,5,9,18.207,18.207
1956,5,10,24.405,24.405
1956,5,11,20.918,20.918
1956,5,12,22.038,22.038
1956,5,13,21.547,21.547
1956,5,14,18.577,18.577
1956,5,15,17.321,17.321
1956,5,16,16.315,16.315
1956,5,17,18.808,18.808
1956,5,18,24.033,24.033
1956,5,19,28.606,28.606
1956,5,20,33.351,33.351
1956,5,21,31.651,31.651
1956,5,22,31.275,31.275
1956,5,23,27.046,27.046
1956,5,24,25.567,25.567
1956,5,25,22.008,22.008
1956,5,26,21.283,21.283
1956,5,27,18.754,18.754
1956,5,28,16.918,16.918
1956,5,29,19.504,19.504
1956,5,30,20.466,20.466
1956,5,31,20.804,20.804
1956,6,1,24.021,24.021
1956,6,2,26.077,26.077
1956,6,3,25.484,25.484
1956,6,4,26.398,26.398
1956,6,5,26.25,26.25
1956,6,6,25.158,25.158
1956,6,7,23.813,23.813
1956,6,8,23.382,23.382
1956,6,9,25.651,25.651
1956,6,10,23.246,23.246
1956,6,11,19.28,19.28
1956,6,12,17.057,17.057
1956,6,13,20.941,20.941
1956,6,14,23.298,23.298
1956,6,15,24.728,24.728
1956,6,16,28.887,28.887
1956,6,17,27.961,27.961
1956,6,18,25.886,25.886
1956,6,19,23.565,23.565
1956,6,20,22.132,22.132
1956,6,21,25.201,25.201
1956,6,22,30.661,30.661
1956,6,23,33.149,33.149
1956,6,24,35.136,35.136
1956,6,25,34.809,34.809
1956,6,26,33.439,33.439
1956,6,27,32.064,32.064
1956,6,28,29.473,29.473
1956,6,29,27.933,27.933
1956,6,30,27.167,27.167
1956,7,1,27.431,27.431
1956,7,2,27.395,27.395
1956,7,3,29.694,29.694
1956,7,4,33.909,33.909
1956,7,5,33.039,33.039
1956,7,6,33.765,33.765
1956,7,7,34.55,34.55
1956,7,8,34.868,34.868
1956,7,9,35.216,35.216
1956,7,10,35.445,35.445
1956,7,11,32.605,32.605
1956,7,12,30.178,30.178
1956,7,13,31.211,31.211
1956,7,14,32.714,32.714
1956,7,15,30.478,30.478
1956,7,16,28.197,28.197
1956,7,17,30.402,30.402
1956,7,18,30.491,30.491
1956,7,19,26.909,26.909
1956,7,20,27.301,27.301
1956,7,21,29.793,29.793
1956,7,22,34.222,34.222
1956,7,23,34.03,34.03
1956,7,24,35.435,35.435
1956,7,25,32.367,32.367
1956,7,26,30.696,30.696
1956,7,27,28.704,28.704
1956,7,28,32.259,32.259
1956,7,29,34.027,34.027
1956,7,30,37.609,37.609
1956,7,31,38.14,38.14
1956,8,1,37.178,37.178
1956,8,2,31.729,31.729
1956,8,3,29.815,29.815
1956,8,4,30.945,30.945
1956,8,5,32.264,32.264
1956,8,6,30.575,30.575
1956,8,7,28.836,28.836
1956,8,8,28.971,28.971
1956,8,9,30.237,30.237
1956,8,10,30.648,30.648
1956,8,11,30.761,30.761
1956,8,12,33.776,33.776
1956,8,13,31.978,31.978
1956,8,14,34.156,34.156
1956,8,15,32.67,32.67
1956,8,16,34.544,34.544
1956,8,17,32.104,32.104
1956,8,18,34.732,34.732
1956,8,19,36.868,36.868
1956,8,20,37.906,37.906
1956,8,21,39.423,39.423
1956,8,22,38.611,38.611
1956,8,23,37.152,37.152
1956,8,24,37.058,37.058
1956,8,25,32.04,32.04
1956,8,26,27.676,27.676
1956,8,27,26.856,26.856
1956,8,28,27.228,27.228
1956,8,29,27.352,27.352
1956,8,30,31.704,31.704
1956,8,31,33.842,33.842
1956,9,1,34.889,34.889
1956,9,2,34.67,34.67
1956,9,3,34.262,34.262
1956,9,4,33.365,33.365
1956,9,5,33.778,33.778
1956,9,6,36.502,36.502
1956,9,7,36.939,36.939
1956,9,8,38.685,38.685
1956,9,9,38.002,38.002
1956,9,10,36.799,36.799
1956,9,11,37.724,37.724
1956,9,12,39.431,39.431
1956,9,13,38.833,38.833
1956,9,14,38.016,38.016
1956,9,15,39.672,39.672
1956,9,16,36.053,36.053
1956,9,17,33.301,33.301
1956,9,18,28.632,28.632
1956,9,19,26.984,26.984
1956,9,20,22.283,22.283
1956,9,21,23.545,23.545
1956,9,22,27.404,27.404
1956,9,23,30.825,30.825
1956,9,24,30.586,30.586
1956,9,25,33.406,33.406
1956,9,26,33.67,33.67
1956,9,27,34.425,34.425
1956,9,28,28.459,28.459
1956,9,29,23.613,23.613
1956,9,30,23.273,23.273
1956,10,1,25.606,25.606
1956,10,2,29.096,29.096
1956,10,3,29.871,29.871
1956,10,4,29.909,29.909
1956,10,5,28.696,28.696
1956,10,6,25.38,25.38
1956,10,7,21.439,21.439
1956,10,8,24.25,24.25
1956,10,9,25.279,25.279
1956,10,10,24.655,24.655
1956,10,11,23.614,23.614
1956,10,12,17.699,17.699
1956,10,13,18.997,18.997
1956,10,14,21.609,21.609
1956,10,15,22.686,22.686
1956,10,16,24.546,24.546
1956,10,17,26.748,26.748
1956,10,18,27.06,27.06
1956,10,19,26.271,26.271
1956,10,20,22.185,22.185
1956,10,21,18.418,18.418
1956,10,22,13.548,13.548
1956,10,23,15.516,15.516
1956,10,24,17.582,17.582
1956,10,25,22.658,22.658
1956,10,26,24.759,24.759
1956,10,27,25.884,25.884
1956,10,28,23.645,23.645
1956,10,29,24.977,24.977
1956,10,30,17.208,17.208
1956,10,31,18.41,18.41
1956,11,1,19.857,19.857
1956,11,2,20.623,20.623
1956,11,3,20.246,20.246
1956,11,4,18.542,18.542
1956,11,5,18.181,18.181
1956,11,6,21.227,21.227
1956,11,7,18.183,18.183
1956,11,8,20.508,20.508
1956,11,9,18.773,18.773
1956,11,10,16.167,16.167
1956,11,11,16.549,16.549
1956,11,12,14.044,14.044
1956,11,13,11.557,11.557
1956,11,14,11.995,11.995
1956,11,15,13.588,13.588
1956,11,16,11.523,11.523
1956,11,17,9.363,9.363
1956,11,18,11.535,11.535
1956,11,19,11.454,11.454
1956,11,20,11.449,11.449
1956,11,21,12.759,12.759
1956,11,22,12.324,12.324
1956,11,23,11.78,11.78
1956,11,24,14.628,14.628
1956,11,25,13.099,13.099
1956,11,26,17.165,17.165
1956,11,27,16.859,16.859
1956,11,28,15.665,15.665
1956,11,29,9.653,9.653
1956,11,30,9.563,9.563
1956,12,1,6.985,6.985
1956,12,2,7.59,7.59
1956,12,3,11.808,11.808
1956,12,4,11.494,11.494
1956,12,5,11.155,11.155
1956,12,6,12.716,12.716
1956,12,7,12.77,12.77
1956,12,8,13.928,13.928
1956,12,9,10.866,10.866
1956,12,10,7.244,7.244
1956,12,11,8.074,8.074
1956,12,12,8.636,8.636
1956,12,13,9.158,9.158
1956,12,14,7.563,7.563
1956,12,15,9.035,9.035
1956,12,16,7.684,7.684
1956,12,17,7.049,7.049
1956,12,18,1.832,1.832
1956,12,19,7.775,7.775
1956,12,20,7.865,7.865
1956,12,21,7.424,7.424
1956,12,22,6.539,6.539
1956,12,23,6.328,6.328
1956,12,24,12.131,12.131
1956,12,25,12.493,12.493
1956,12,26,12.026,12.026
1956,12,27,13.519,13.519
1956,12,28,12.271,12.271
1956,12,29,8.842,8.842
1956,12,30,10.325,10.325
1956,12,31,10.586,10.586
1957,1,1,9.416,9.416
1957,1,2,9.479,9.479
1957,1,3,9.959,9.959
1957,1,4,7.55,7.55
1957,1,5,9.862,9.862
1957,1,6,8.722,8.722
1957,1,7,11.026,11.026
1957,1,8,10.992,10.992
1957,1,9,12.103,12.103
1957,1,10,11.532,11.532
1957,1,11,12.194,12.194
1957,1,12,9.904,9.904
1957,1,13,9.674,9.674
1957,1,14,9.667,9.667
1957,1,15,9.543,9.543
1957,1,16,9.95,9.95
1957,1,17,11.341,11.341
1957,1,18,15.898,15.898
1957,1,19,15.794,15.794
1957,1,20,14.097,14.097
1957,1,21,17.828,17.828
1957,1,22,17.163,17.163
1957,1,23,17.085,17.085
1957,1,24,16.356,16.356
1957,1,25,13.039,13.039
1957,1,26,13.409,13.409
1957,1,27,14.254,14.254
1957,1,28,12.282,12.282
1957,1,29,9.522,9.522
1957,1,30,8.003,8.003
1957,1,31,7.492,7.492
1957,2,1,10.491,10.491
1957,2,2,8.451,8.451
1957,2,3,10.581,10.581
1957,2,4,11.073,11.073
1957,2,5,11.891,11.891
1957,2,6,11.937,11.937
1957,2,7,11.097,11.097
1957,2,8,13.301,13.301
1957,2,9,13.028,13.028
1957,2,10,12.259,12.259
1957,2,11,12.805,12.805
1957,2,12,14.971,14.971
1957,2,13,12.072,12.072
1957,2,14,14.45,14.45
1957,2,15,11.733,11.733
1957,2,16,14.572,14.572
1957,2,17,14.438,14.438
1957,2,18,9.471,9.471
1957,2,19,11.697,11.697
1957,2,20,12.98,12.98
1957,2,21,16.972,16.972
1957,2,22,15.379,15.379
1957,2,23,15.907,15.907
1957,2,24,17.386,17.386
1957,2,25,18.143,18.143
1957,2,26,15.014,15.014
1957,2,27,15.46,15.46
1957,2,28,16.469,16.469
1957,3,1,22.064,22.064
1957,3,2,23.942,23.942
1957,3,3,25.724,25.724
1957,3,4,25.505,25.505
1957,3,5,26.624,26.624
1957,3,6,23.791,23.791
1957,3,7,21.188,21.188
1957,3,8,19.679,19.679
1957,3,9,19.368,19.368
1957,3,10,18.868,18.868
1957,3,11,19.299,19.299
1957,3,12,21.542,21.542
1957,3,13,19.556,19.556
1957,3,14,20.495,20.495
1957,3,15,22.028,22.028
1957,3,16,18.81,18.81
1957,3,17,16.182,16.182
1957,3,18,12.379,12.379
1957,3,19,15.191,15.191
1957,3,20,19.443,19.443
1957,3,21,19.327,19.327
1957,3,22,18.369,18.369
1957,3,23,18.207,18.207
1957,3,24,20.743,20.743
1957,3,25,21.501,21.501
1957,3,26,19.863,19.863
1957,3,27,19.014,19.014
1957,3,28,16.199,16.199
1957,3,29,19.61,19.61
1957,3,30,17.252,17.252
1957,3,31,16.068,16.068
1957,4,1,16.125,16.125
1957,4,2,17.439,17.439
1957,4,3,19.103,19.103
1957,4,4,26.881,26.881
1957,4,5,31.538,31.538
1957,4,6,31.827,31.827
1957,4,7,32.871,32.871
1957,4,8,31.748,31.748
1957,4,9,25.673,25.673
1957,4,10,23.512,23.512
1957,4,11,26.312,26.312
1957,4,12,23.166,23.166
1957,4,13,21.435,21.435
1957,4,14,17.113,17.113
1957,4,15,9.033,9.033
1957,4,16,11.226,11.226
1957,4,17,13.303,13.303
1957,4,18,13.367,13.367
1957,4,19,12.119,12.119
1957,4,20,19.197,19.197
1957,4,21,22.505,22.505
1957,4,22,20.483,20.483
1957,4,23,14.178,14.178
1957,4,24,19.374,19.374
1957,4,25,20.523,20.523
1957,4,26,20.679,20.679
1957,4,27,20.019,20.019
1957,4,28,17.453,17.453
1957,4,29,17.127,17.127
1957,4,30,17.764,17.764
1957,5,1,24.106,24.106
1957,5,2,27.893,27.893
1957,5,3,26.761,26.761
1957,5,4,24.849,24.849
1957,5,5,25.451,25.451
1957,5,6,28.107,28.107
1957,5,7,27.479,27.479
1957,5,8,26.487,26.487
1957,5,9,20.808,20.808
1957,5,10,22.38,22.38
1957,5,11,19.946,19.946
1957,5,12,22.712,22.712
1957,5,13,25.041,25.041
1957,5,14,28.336,28.336
1957,5,15,28.993,28.993
1957,5,16,27.78,27.78
1957,5,17,25.585,25.585
1957,5,18,27.383,27.383
1957,5,19,29.843,29.843
1957,5,20,27.961,27.961
1957,5,21,24.753,24.753
1957,5,22,22.531,22.531
1957,5,23,21.932,21.932
1957,5,24,20.896,20.896
1957,5,25,20.079,20.079
1957,5,26,25.352,25.352
1957,5,27,28.609,28.609
1957,5,28,29.047,29.047
1957,5,29,29.07,29.07
1957,5,30,29.398,29.398
1957,5,31,28.782,28.782
1957,6,1,28.78,28.78
1957,6,2,31.439,31.439
1957,6,3,36.275,36.275
1957,6,4,38.333,38.333
1957,6,5,38.872,38.872
1957,6,6,33.712,33.712
1957,6,7,30.5,30.5
1957,6,8,26.448,26.448
1957,6,9,25.454,25.454
1957,6,10,31.698,31.698
1957,6,11,32.97,32.97
1957,6,12,29.309,29.309
1957,6,13,25.167,25.167
1957,6,14,28.479,28.479
1957,6,15,30.577,30.577
1957,6,16,31.356,31.356
1957,6,17,30.011,30.011
1957,6,18,28.944,28.944
1957,6,19,29.69,29.69
1957,6,20,31.046,31.046
1957,6,21,32.964,32.964
1957,6,22,31.041,31.041
1957,6,23,30.452,30.452
1957,6,24,26.479,26.479
1957,6,25,26.473,26.473
1957,6,26,25.139,25.139
1957,6,27,19.87,19.87
1957,6,28,25.488,25.488
1957,6,29,28.345,28.345
1957,6,30,30.464,30.464
1957,7,1,31.219,31.219
1957,7,2,33.225,33.225
1957,7,3,33.795,33.795
1957,7,4,32.661,32.661
1957,7,5,32.394,32.394
1957,7,6,28.54,28.54
1957,7,7,28.779,28.779
1957,7,8,28.935,28.935
1957,7,9,33.986,33.986
1957,7,10,36.04,36.04
1957,7,11,36.915,36.915
1957,7,12,37.03,37.03
1957,7,13,37.837,37.837
1957,7,14,38.12,38.12
1957,7,15,38.001,38.001
1957,7,16,37.938,37.938
1957,7,17,37.47,37.47
1957,7,18,37.229,37.229
1957,7,19,34.148,34.148
1957,7,20,36.098,36.098
1957,7,21,36.407,36.407
1957,7,22,36.22,36.22
1957,7,23,36.6,36.6
1957,7,24,34.767,34.767
1957,7,25,32.122,32.122
1957,7,26,31.601,31.601
1957,7,27,30.477,30.477
1957,7,28,31.328,31.328
1957,7,29,32.107,32.107
1957,7,30,33.212,33.212
1957,7,31,36.795,36.795
1957,8,1,39.49,39.49
1957,8,2,39.315,39.315
1957,8,3,38.878,38.878
1957,8,4,39.197,39.197
1957,8,5,37.682,37.682
1957,8,6,33.182,33.182
1957,8,7,31.691,31.691
1957,8,8,27.533,27.533
1957,8,9,28.086,28.086
1957,8,10,26.174,26.174
1957,8,11,28.357,28.357
1957,8,12,28.671,28.671
1957,8,13,26.384,26.384
1957,8,14,28.249,28.249
1957,8,15,30.179,30.179
1957,8,16,29.961,29.961
1957,8,17,28.742,28.742
1957,8,18,28.564,28.564
1957,8,19,28.777,28.777
1957,8,20,30.875,30.875
1957,8,21,32.746,32.746
1957,8,22,33.118,33.118
1957,8,23,35.686,35.686
1957,8,24,37.001,37.001
1957,8,25,38.825,38.825
1957,8,26,38.999,38.999
1957,8,27,34.745,34.745
1957,8,28,28.021,28.021
1957,8,29,31.467,31.467
1957,8,30,33.076,33.076
1957,8,31,34.922,34.922
1957,9,1,36.135,36.135
1957,9,2,33.201,33.201
1957,9,3,30.544,30.544
1957,9,4,30.793,30.793
1957,9,5,30.806,30.806
1957,9,6,33.954,33.954
1957,9,7,31.511,31.511
1957,9,8,26.222,26.222
1957,9,9,25.988,25.988
1957,9,10,25.521,25.521
1957,9,11,28.575,28.575
1957,9,12,29.063,29.063
1957,9,13,31.084,31.084
1957,9,14,31.13,31.13
1957,9,15,30.684,30.684
1957,9,16,33.588,33.588
1957,9,17,34.829,34.829
1957,9,18,35.386,35.386
1957,9,19,30.583,30.583
1957,9,20,26.412,26.412
1957,9,21,23.275,23.275
1957,9,22,18.361,18.361
1957,9,23,18.121,18.121
1957,9,24,21.4,21.4
1957,9,25,22.592,22.592
1957,9,26,20.752,20.752
1957,9,27,22.805,22.805
1957,9,28,24.464,24.464
1957,9,29,25.918,25.918
1957,9,30,31.672,31.672
1957,10,1,30.406,30.406
1957,10,2,30.752,30.752
1957,10,3,28.203,28.203
1957,10,4,25.72,25.72
1957,10,5,23.05,23.05
1957,10,6,24.144,24.144
1957,10,7,26.367,26.367
1957,10,8,28.231,28.231
1957,10,9,29.609,29.609
1957,10,10,27.895,27.895
1957,10,11,24.142,24.142
1957,10,12,19.883,19.883
1957,10,13,24.113,24.113
1957,10,14,27.464,27.464
1957,10,15,28.521,28.521
1957,10,16,27.622,27.622
1957,10,17,28.622,28.622
1957,10,18,26.938,26.938
1957,10,19,30.466,30.466
1957,10,20,26.823,26.823
1957,10,21,27.681,27.681
1957,10,22,29.296,29.296
1957,10,23,29.697,29.697
1957,10,24,25.668,25.668
1957,10,25,21.605,21.605
1957,10,26,21.631,21.631
1957,10,27,20.082,20.082
1957,10,28,20.779,20.779
1957,10,29,22.318,22.318
1957,10,30,22.82,22.82
1957,10,31,25.006,25.006
1957,11,1,24.811,24.811
1957,11,2,24.747,24.747
1957,11,3,22.236,22.236
1957,11,4,22.728,22.728
1957,11,5,20.159,20.159
1957,11,6,13.841,13.841
1957,11,7,11.78,11.78
1957,11,8,13.883,13.883
1957,11,9,14.947,14.947
1957,11,10,16.351,16.351
1957,11,11,15.133,15.133
1957,11,12,12.904,12.904
1957,11,13,16.455,16.455
1957,11,14,17.57,17.57
1957,11,15,18.882,18.882
1957,11,16,16.624,16.624
1957,11,17,16.448,16.448
1957,11,18,11.553,11.553
1957,11,19,14.594,14.594
1957,11,20,17.562,17.562
1957,11,21,16.687,16.687
1957,11,22,14.025,14.025
1957,11,23,14.504,14.504
1957,11,24,15.22,15.22
1957,11,25,16.832,16.832
1957,11,26,12.292,12.292
1957,11,27,13.339,13.339
1957,11,28,15.927,15.927
1957,11,29,15.721,15.721
1957,11,30,18.048,18.048
1957,12,1,18.694,18.694
1957,12,2,21.627,21.627
1957,12,3,16.575,16.575
1957,12,4,14.179,14.179
1957,12,5,13.305,13.305
1957,12,6,17.791,17.791
1957,12,7,13.696,13.696
1957,12,8,14.521,14.521
1957,12,9,11.759,11.759
1957,12,10,10.924,10.924
1957,12,11,11.216,11.216
1957,12,12,11.367,11.367
1957,12,13,10.983,10.983
1957,12,14,11.795,11.795
1957,12,15,12.82,12.82
1957,12,16,13.606,13.606
1957,12,17,13.542,13.542
1957,12,18,19.713,19.713
1957,12,19,19.258,19.258
1957,12,20,18.127,18.127
1957,12,21,17.859,17.859
1957,12,22,17.398,17.398
1957,12,23,15.248,15.248
1957,12,24,12.856,12.856
1957,12,25,13.613,13.613
1957,12,26,17.603,17.603
1957,12,27,17.69,17.69
1957,12,28,13.822,13.822
1957,12,29,11.023,11.023
1957,12,30,12.675,12.675
1957,12,31,15.47,15.47
1958,1,1,12.837,12.837
1958,1,2,12.643,12.643
1958,1,3,12.721,12.721
1958,1,4,12.755,12.755
1958,1,5,13.288,13.288
1958,1,6,11.888,11.888
1958,1,7,12.127,12.127
1958,1,8,12.723,12.723
1958,1,9,13.306,13.306
1958,1,10,12.858,12.858
1958,1,11,12.078,12.078
1958,1,12,14.059,14.059
1958,1,13,15.015,15.015
1958,1,14,13.63,13.63
1958,1,15,18.062,18.062
1958,1,16,14.318,14.318
1958,1,17,15.773,15.773
1958,1,18,11.886,11.886
1958,1,19,11.664,11.664
1958,1,20,10.069,10.069
1958,1,21,12.838,12.838
1958,1,22,15.28,15.28
1958,1,23,15.712,15.712
1958,1,24,17.214,17.214
1958,1,25,15.522,15.522
1958,1,26,16.828,16.828
1958,1,27,16.406,16.406
1958,1,28,15.491,15.491
1958,1,29,12.411,12.411
1958,1,30,11.348,11.348
1958,1,31,13.159,13.159
1958,2,1,12.772,12.772
1958,2,2,9.643,9.643
1958,2,3,9.184,9.184
1958,2,4,10.928,10.928
1958,2,5,7.883,7.883
1958,2,6,9.126,9.126
1958,2,7,11.322,11.322
1958,2,8,11.501,11.501
1958,2,9,11.359,11.359
1958,2,10,12.07,12.07
1958,2,11,13.408,13.408
1958,2,12,14.878,14.878
1958,2,13,14.995,14.995
1958,2,14,12.644,12.644
1958,2,15,13.192,13.192
1958,2,16,15.338,15.338
1958,2,17,14.353,14.353
1958,2,18,14.714,14.714
1958,2,19,15.113,15.113
1958,2,20,13.919,13.919
1958,2,21,12.063,12.063
1958,2,22,10.648,10.648
1958,2,23,10.117,10.117
1958,2,24,8.911,8.911
1958,2,25,7.012,7.012
1958,2,26,9.519,9.519
1958,2,27,11.904,11.904
1958,2,28,16.239,16.239
1958,3,1,18.527,18.527
1958,3,2,20.402,20.402
1958,3,3,20.919,20.919
1958,3,4,19.58,19.58
1958,3,5,17.975,17.975
1958,3,6,18.129,18.129
1958,3,7,17.483,17.483
1958,3,8,19.144,19.144
1958,3,9,19.624,19.624
1958,3,10,19.97,19.97
1958,3,11,20.062,20.062
1958,3,12,20.293,20.293
1958,3,13,20.651,20.651
1958,3,14,16.757,16.757
1958,3,15,19.318,19.318
1958,3,16,19.069,19.069
1958,3,17,17.444,17.444
1958,3,18,11.586,11.586
1958,3,19,14.009,14.009
1958,3,20,17.918,17.918
1958,3,21,19.212,19.212
1958,3,22,17.17,17.17
1958,3,23,15.461,15.461
1958,3,24,13.996,13.996
1958,3,25,14.576,14.576
1958,3,26,13.836,13.836
1958,3,27,13.394,13.394
1958,3,28,17.098,17.098
1958,3,29,17.733,17.733
1958,3,30,18.023,18.023
1958,3,31,14.59,14.59
1958,4,1,10.165,10.165
1958,4,2,14.421,14.421
1958,4,3,19.649,19.649
1958,4,4,21.129,21.129
1958,4,5,21.881,21.881
1958,4,6,19.651,19.651
1958,4,7,21.609,21.609
1958,4,8,22.445,22.445
1958,4,9,24.567,24.567
1958,4,10,23.779,23.779
1958,4,11,23.25,23.25
1958,4,12,18.228,18.228
1958,4,13,15.426,15.426
1958,4,14,15.58,15.58
1958,4,15,14.43,14.43
1958,4,16,11.976,11.976
1958,4,17,19.453,19.453
1958,4,18,20.259,20.259
1958,4,19,16.575,16.575
1958,4,20,11.879,11.879
1958,4,21,12.526,12.526
1958,4,22,19.853,19.853
1958,4,23,21.918,21.918
1958,4,24,22.705,22.705
1958,4,25,22.175,22.175
1958,4,26,18.223,18.223
1958,4,27,17.531,17.531
1958,4,28,18.18,18.18
1958,4,29,18.078,18.078
1958,4,30,18.002,18.002
1958,5,1,16.881,16.881
1958,5,2,14.583,14.583
1958,5,3,20.824,20.824
1958,5,4,22.433,22.433
1958,5,5,31.84,31.84
1958,5,6,27.143,27.143
1958,5,7,26.793,26.793
1958,5,8,23.588,23.588
1958,5,9,25.664,25.664
1958,5,10,27.416,27.416
1958,5,11,23.643,23.643
1958,5,12,17.105,17.105
1958,5,13,13.232,13.232
1958,5,14,16.114,16.114
1958,5,15,20.535,20.535
1958,5,16,25.812,25.812
1958,5,17,33.793,33.793
1958,5,18,32.03,32.03
1958,5,19,33.183,33.183
1958,5,20,32.336,32.336
1958,5,21,26.339,26.339
1958,5,22,22.692,22.692
1958,5,23,24.711,24.711
1958,5,24,20.74,20.74
1958,5,25,20.841,20.841
1958,5,26,19.861,19.861
1958,5,27,20.778,20.778
1958,5,28,21.563,21.563
1958,5,29,24.749,24.749
1958,5,30,23.875,23.875
1958,5,31,24.853,24.853
1958,6,1,25.507,25.507
1958,6,2,22.666,22.666
1958,6,3,21.085,21.085
1958,6,4,23.265,23.265
1958,6,5,21.204,21.204
1958,6,6,20.21,20.21
1958,6,7,16.145,16.145
1958,6,8,19.157,19.157
1958,6,9,16.228,16.228
1958,6,10,17.393,17.393
1958,6,11,25.44,25.44
1958,6,12,27.342,27.342
1958,6,13,27.624,27.624
1958,6,14,27.0,27.0
1958,6,15,29.057,29.057
1958,6,16,30.299,30.299
1958,6,17,29.84,29.84
1958,6,18,30.381,30.381
1958,6,19,32.024,32.024
1958,6,20,33.19,33.19
1958,6,21,33.657,33.657
1958,6,22,33.59,33.59
1958,6,23,29.131,29.131
1958,6,24,25.661,25.661
1958,6,25,23.613,23.613
1958,6,26,24.857,24.857
1958,6,27,24.736,24.736
1958,6,28,26.128,26.128
1958,6,29,28.931,28.931
1958,6,30,30.793,30.793
1958,7,1,31.652,31.652
1958,7,2,32.549,32.549
1958,7,3,34.429,34.429
1958,7,4,34.63,34.63
1958,7,5,34.562,34.562
1958,7,6,36.537,36.537
1958,7,7,34.085,34.085
1958,7,8,35.635,35.635
1958,7,9,31.737,31.737
1958,7,10,30.59,30.59
1958,7,11,30.041,30.041
1958,7,12,26.866,26.866
1958,7,13,27.298,27.298
1958,7,14,26.438,26.438
1958,7,15,28.314,28.314
1958,7,16,27.007,27.007
1958,7,17,26.869,26.869
1958,7,18,29.409,29.409
1958,7,19,30.5,30.5
1958,7,20,33.737,33.737
1958,7,21,36.764,36.764
1958,7,22,38.021,38.021
1958,7,23,38.52,38.52
1958,7,24,37.476,37.476
1958,7,25,36.638,36.638
1958,7,26,36.595,36.595
1958,7,27,38.157,38.157
1958,7,28,37.147,37.147
1958,7,29,36.44,36.44
1958,7,30,36.219,36.219
1958,7,31,36.983,36.983
1958,8,1,31.032,31.032
1958,8,2,30.522,30.522
1958,8,3,32.325,32.325
1958,8,4,35.359,35.359
1958,8,5,32.852,32.852
1958,8,6,28.11,28.11
1958,8,7,32.705,32.705
1958,8,8,33.477,33.477
1958,8,9,33.897,33.897
1958,8,10,34.082,34.082
1958,8,11,35.1,35.1
1958,8,12,38.568,38.568
1958,8,13,35.753,35.753
1958,8,14,34.338,34.338
1958,8,15,34.254,34.254
1958,8,16,32.145,32.145
1958,8,17,33.258,33.258
1958,8,18,33.316,33.316
1958,8,19,34.805,34.805
1958,8,20,33.06,33.06
1958,8,21,33.475,33.475
1958,8,22,32.067,32.067
1958,8,23,34.13,34.13
1958,8,24,34.988,34.988
1958,8,25,34.758,34.758
1958,8,26,34.048,34.048
1958,8,27,32.455,32.455
1958,8,28,34.735,34.735
1958,8,29,31.273,31.273
1958,8,30,32.57,32.57
1958,8,31,34.865,34.865
1958,9,1,35.925,35.925
1958,9,2,36.249,36.249
1958,9,3,36.819,36.819
1958,9,4,32.907,32.907
1958,9,5,28.077,28.077
1958,9,6,23.522,23.522
1958,9,7,25.242,25.242
1958,9,8,27.872,27.872
1958,9,9,29.08,29.08
1958,9,10,27.831,27.831
1958,9,11,24.406,24.406
1958,9,12,23.745,23.745
1958,9,13,25.441,25.441
1958,9,14,29.398,29.398
1958,9,15,33.454,33.454
1958,9,16,36.285,36.285
1958,9,17,40.35,40.35
1958,9,18,36.809,36.809
1958,9,19,28.072,28.072
1958,9,20,26.136,26.136
1958,9,21,26.352,26.352
1958,9,22,27.595,27.595
1958,9,23,26.32,26.32
1958,9,24,28.657,28.657
1958,9,25,30.046,30.046
1958,9,26,28.235,28.235
1958,9,27,21.209,21.209
1958,9,28,24.504,24.504
1958,9,29,29.733,29.733
1958,9,30,30.793,30.793
1958,10,1,27.426,27.426
1958,10,2,24.204,24.204
1958,10,3,26.364,26.364
1958,10,4,28.216,28.216
1958,10,5,29.324,29.324
1958,10,6,28.801,28.801
1958,10,7,27.64,27.64
1958,10,8,22.607,22.607
1958,10,9,25.796,25.796
1958,10,10,26.722,26.722
1958,10,11,27.842,27.842
1958,10,12,27.078,27.078
1958,10,13,27.833,27.833
1958,10,14,26.48,26.48
1958,10,15,26.855,26.855
1958,10,16,28.485,28.485
1958,10,17,31.895,31.895
1958,10,18,33.049,33.049
1958,10,19,31.937,31.937
1958,10,20,33.84,33.84
1958,10,21,33.417,33.417
1958,10,22,30.063,30.063
1958,10,23,25.22,25.22
1958,10,24,22.72,22.72
1958,10,25,26.893,26.893
1958,10,26,25.512,25.512
1958,10,27,22.475,22.475
1958,10,28,26.373,26.373
1958,10,29,26.311,26.311
1958,10,30,26.822,26.822
1958,10,31,29.204,29.204
1958,11,1,29.174,29.174
1958,11,2,25.346,25.346
1958,11,3,22.477,22.477
1958,11,4,20.299,20.299
1958,11,5,18.071,18.071
1958,11,6,23.896,23.896
1958,11,7,24.259,24.259
1958,11,8,25.348,25.348
1958,11,9,21.076,21.076
1958,11,10,22.502,22.502
1958,11,11,23.101,23.101
1958,11,12,23.563,23.563
1958,11,13,22.639,22.639
1958,11,14,22.193,22.193
1958,11,15,17.403,17.403
1958,11,16,19.24,19.24
1958,11,17,17.982,17.982
1958,11,18,19.422,19.422
1958,11,19,19.12,19.12
1958,11,20,16.696,16.696
1958,11,21,13.902,13.902
1958,11,22,15.708,15.708
1958,11,23,15.366,15.366
1958,11,24,11.667,11.667
1958,11,25,12.617,12.617
1958,11,26,13.464,13.464
1958,11,27,12.539,12.539
1958,11,28,15.942,15.942
1958,11,29,13.511,13.511
1958,11,30,16.182,16.182
1958,12,1,18.082,18.082
1958,12,2,17.497,17.497
1958,12,3,17.656,17.656
1958,12,4,16.386,16.386
1958,12,5,13.031,13.031
1958,12,6,12.429,12.429
1958,12,7,14.652,14.652
1958,12,8,15.295,15.295
1958,12,9,18.029,18.029
1958,12,10,18.316,18.316
1958,12,11,16.371,16.371
1958,12,12,13.783,13.783
1958,12,13,16.066,16.066
1958,12,14,12.448,12.448
1958,12,15,16.695,16.695
1958,12,16,13.384,13.384
1958,12,17,17.774,17.774
1958,12,18,16.787,16.787
1958,12,19,11.487,11.487
1958,12,20,10.015,10.015
1958,12,21,5.825,5.825
1958,12,22,6.904,6.904
1958,12,23,7.901,7.901
1958,12,24,6.806,6.806
1958,12,25,7.043,7.043
1958,12,26,7.708,7.708
1958,12,27,9.486,9.486
1958,12,28,11.979,11.979
1958,12,29,9.993,9.993
1958,12,30,13.739,13.739
1958,12,31,11.821,11.821
1959,1,1,7.708,7.708
1959,1,2,10.878,10.878
1959,1,3,11.161,11.161
1959,1,4,7.055,7.055
1959,1,5,7.957,7.957
1959,1,6,11.34,11.34
1959,1,7,10.872,10.872
1959,1,8,10.991,10.991
1959,1,9,12.359,12.359
1959,1,10,9.991,9.991
1959,1,11,11.567,11.567
1959,1,12,13.757,13.757
1959,1,13,13.087,13.087
1959,1,14,13.451,13.451
1959,1,15,12.152,12.152
1959,1,16,12.079,12.079
1959,1,17,10.209,10.209
1959,1,18,9.747,9.747
1959,1,19,6.395,6.395
1959,1,20,6.559,6.559
1959,1,21,6.513,6.513
1959,1,22,10.168,10.168
1959,1,23,11.676,11.676
1959,1,24,6.781,6.781
1959,1,25,9.51,9.51
1959,1,26,10.924,10.924
1959,1,27,10.693,10.693
1959,1,28,12.687,12.687
1959,1,29,14.738,14.738
1959,1,30,13.848,13.848
1959,1,31,13.237,13.237
1959,2,1,15.075,15.075
1959,2,2,15.179,15.179
1959,2,3,13.235,13.235
1959,2,4,14.717,14.717
1959,2,5,15.604,15.604
1959,2,6,12.713,12.713
1959,2,7,11.779,11.779
1959,2,8,16.435,16.435
1959,2,9,18.922,18.922
1959,2,10,17.735,17.735
1959,2,11,18.931,18.931
1959,2,12,11.381,11.381
1959,2,13,10.362,10.362
1959,2,14,16.559,16.559
1959,2,15,13.118,13.118
1959,2,16,8.818,8.818
1959,2,17,10.215,10.215
1959,2,18,11.05,11.05
1959,2,19,11.616,11.616
1959,2,20,7.931,7.931
1959,2,21,10.638,10.638
1959,2,22,11.788,11.788
1959,2,23,15.942,15.942
1959,2,24,15.321,15.321
1959,2,25,14.797,14.797
1959,2,26,13.648,13.648
1959,2,27,11.876,11.876
1959,2,28,14.22,14.22
1959,3,1,15.794,15.794
1959,3,2,17.738,17.738
1959,3,3,13.925,13.925
1959,3,4,14.138,14.138
1959,3,5,14.072,14.072
1959,3,6,12.028,12.028
1959,3,7,12.948,12.948
1959,3,8,16.025,16.025
1959,3,9,18.645,18.645
1959,3,10,16.379,16.379
1959,3,11,12.43,12.43
1959,3,12,12.078,12.078
1959,3,13,14.136,14.136
1959,3,14,16.841,16.841
1959,3,15,21.409,21.409
1959,3,16,23.618,23.618
1959,3,17,21.601,21.601
1959,3,18,19.714,19.714
1959,3,19,14.096,14.096
1959,3,20,11.878,11.878
1959,3,21,11.067,11.067
1959,3,22,14.233,14.233
1959,3,23,15.987,15.987
1959,3,24,16.311,16.311
1959,3,25,16.362,16.362
1959,3,26,20.399,20.399
1959,3,27,18.99,18.99
1959,3,28,19.471,19.471
1959,3,29,18.345,18.345
1959,3,30,19.162,19.162
1959,3,31,18.429,18.429
1959,4,1,19.359,19.359
1959,4,2,18.109,18.109
1959,4,3,21.706,21.706
1959,4,4,28.275,28.275
1959,4,5,30.247,30.247
1959,4,6,29.819,29.819
1959,4,7,23.457,23.457
1959,4,8,18.013,18.013
1959,4,9,18.841,18.841
1959,4,10,20.472,20.472
1959,4,11,22.933,22.933
1959,4,12,21.507,21.507
1959,4,13,23.358,23.358
1959,4,14,20.153,20.153
1959,4,15,13.17,13.17
1959,4,16,15.351,15.351
1959,4,17,17.904,17.904
1959,4,18,15.483,15.483
1959,4,19,18.079,18.079
1959,4,20,18.779,18.779
1959,4,21,20.703,20.703
1959,4,22,23.113,23.113
1959,4,23,25.714,25.714
1959,4,24,23.307,23.307
1959,4,25,22.802,22.802
1959,4,26,27.71,27.71
1959,4,27,30.473,30.473
1959,4,28,30.328,30.328
1959,4,29,28.247,28.247
1959,4,30,19.192,19.192
1959,5,1,19.893,19.893
1959,5,2,24.794,24.794
1959,5,3,27.09,27.09
1959,5,4,26.77,26.77
1959,5,5,28.418,28.418
1959,5,6,28.534,28.534
1959,5,7,25.069,25.069
1959,5,8,21.423,21.423
1959,5,9,15.479,15.479
1959,5,10,15.352,15.352
1959,5,11,17.206,17.206
1959,5,12,12.715,12.715
1959,5,13,18.947,18.947
1959,5,14,23.506,23.506
1959,5,15,28.336,28.336
1959,5,16,28.84,28.84
1959,5,17,30.309,30.309
1959,5,18,29.932,29.932
1959,5,19,28.006,28.006
1959,5,20,25.138,25.138
1959,5,21,24.288,24.288
1959,5,22,26.689,26.689
1959,5,23,27.05,27.05
1959,5,24,21.648,21.648
1959,5,25,19.321,19.321
1959,5,26,19.643,19.643
1959,5,27,24.336,24.336
1959,5,28,28.129,28.129
1959,5,29,23.582,23.582
1959,5,30,18.231,18.231
1959,5,31,19.582,19.582
1959,6,1,26.931,26.931
1959,6,2,27.877,27.877
1959,6,3,27.089,27.089
1959,6,4,25.396,25.396
1959,6,5,26.602,26.602
1959,6,6,26.04,26.04
1959,6,7,25.939,25.939
1959,6,8,26.818,26.818
1959,6,9,24.872,24.872
1959,6,10,24.401,24.401
1959,6,11,30.466,30.466
1959,6,12,33.496,33.496
1959,6,13,34.597,34.597
1959,6,14,33.474,33.474
1959,6,15,34.276,34.276
1959,6,16,35.452,35.452
1959,6,17,37.441,37.441
1959,6,18,36.027,36.027
1959,6,19,34.529,34.529
1959,6,20,32.336,32.336
1959,6,21,33.855,33.855
1959,6,22,31.808,31.808
1959,6,23,31.352,31.352
1959,6,24,34.051,34.051
1959,6,25,31.686,31.686
1959,6,26,29.177,29.177
1959,6,27,29.32,29.32
1959,6,28,31.772,31.772
1959,6,29,34.561,34.561
1959,6,30,36.774,36.774
1959,7,1,39.159,39.159
1959,7,2,39.664,39.664
1959,7,3,40.424,40.424
1959,7,4,40.253,40.253
1959,7,5,38.261,38.261
1959,7,6,36.735,36.735
1959,7,7,34.2,34.2
1959,7,8,33.958,33.958
1959,7,9,34.129,34.129
1959,7,10,35.402,35.402
1959,7,11,35.104,35.104
1959,7,12,36.253,36.253
1959,7,13,36.608,36.608
1959,7,14,36.368,36.368
1959,7,15,35.505,35.505
1959,7,16,36.49,36.49
1959,7,17,36.699,36.699
1959,7,18,37.76,37.76
1959,7,19,37.664,37.664
1959,7,20,38.136,38.136
1959,7,21,34.895,34.895
1959,7,22,34.542,34.542
1959,7,23,32.965,32.965
1959,7,24,32.677,32.677
1959,7,25,33.496,33.496
1959,7,26,34.395,34.395
1959,7,27,37.516,37.516
1959,7,28,39.441,39.441
1959,7,29,39.181,39.181
1959,7,30,36.349,36.349
1959,7,31,37.586,37.586
1959,8,1,39.123,39.123
1959,8,2,38.262,38.262
1959,8,3,37.19,37.19
1959,8,4,33.976,33.976
1959,8,5,33.37,33.37
1959,8,6,31.862,31.862
1959,8,7,32.53,32.53
1959,8,8,36.561,36.561
1959,8,9,36.883,36.883
1959,8,10,33.384,33.384
1959,8,11,31.847,31.847
1959,8,12,30.352,30.352
1959,8,13,30.345,30.345
1959,8,14,31.051,31.051
1959,8,15,32.972,32.972
1959,8,16,32.688,32.688
1959,8,17,33.547,33.547
1959,8,18,31.814,31.814
1959,8,19,32.879,32.879
1959,8,20,31.938,31.938
1959,8,21,34.925,34.925
1959,8,22,33.792,33.792
1959,8,23,33.887,33.887
1959,8,24,34.508,34.508
1959,8,25,35.357,35.357
1959,8,26,36.131,36.131
1959,8,27,34.411,34.411
1959,8,28,35.633,35.633
1959,8,29,36.631,36.631
1959,8,30,38.19,38.19
1959,8,31,39.062,39.062
1959,9,1,40.518,40.518
1959,9,2,38.213,38.213
1959,9,3,35.892,35.892
1959,9,4,35.711,35.711
1959,9,5,33.797,33.797
1959,9,6,35.451,35.451
1959,9,7,35.691,35.691
1959,9,8,35.314,35.314
1959,9,9,33.291,33.291
1959,9,10,32.015,32.015
1959,9,11,31.472,31.472
1959,9,12,31.353,31.353
1959,9,13,33.91,33.91
1959,9,14,31.145,31.145
1959,9,15,28.033,28.033
1959,9,16,28.047,28.047
1959,9,17,15.195,15.195
1959,9,18,13.592,13.592
1959,9,19,17.34,17.34
1959,9,20,19.372,19.372
1959,9,21,21.823,21.823
1959,9,22,25.115,25.115
1959,9,23,27.243,27.243
1959,9,24,25.123,25.123
1959,9,25,24.719,24.719
1959,9,26,24.57,24.57
1959,9,27,27.734,27.734
1959,9,28,30.174,30.174
1959,9,29,32.734,32.734
1959,9,30,30.158,30.158
1959,10,1,27.015,27.015
1959,10,2,29.556,29.556
1959,10,3,30.764,30.764
1959,10,4,30.777,30.777
1959,10,5,24.726,24.726
1959,10,6,20.269,20.269
1959,10,7,22.181,22.181
1959,10,8,25.079,25.079
1959,10,9,24.447,24.447
1959,10,10,24.322,24.322
1959,10,11,26.705,26.705
1959,10,12,28.067,28.067
1959,10,13,30.531,30.531
1959,10,14,31.815,31.815
1959,10,15,29.04,29.04
1959,10,16,26.0,26.0
1959,10,17,25.626,25.626
1959,10,18,21.784,21.784
1959,10,19,21.961,21.961
1959,10,20,25.283,25.283
1959,10,21,23.901,23.901
1959,10,22,18.0,18.0
1959,10,23,16.697,16.697
1959,10,24,17.376,17.376
1959,10,25,15.286,15.286
1959,10,26,15.102,15.102
1959,10,27,14.763,14.763
1959,10,28,15.832,15.832
1959,10,29,15.867,15.867
1959,10,30,14.92,14.92
1959,10,31,17.318,17.318
1959,11,1,16.976,16.976
1959,11,2,14.777,14.777
1959,11,3,12.615,12.615
1959,11,4,18.429,18.429
1959,11,5,19.512,19.512
1959,11,6,20.479,20.479
1959,11,7,22.257,22.257
1959,11,8,21.496,21.496
1959,11,9,20.3,20.3
1959,11,10,19.584,19.584
1959,11,11,20.041,20.041
1959,11,12,18.476,18.476
1959,11,13,17.681,17.681
1959,11,14,14.482,14.482
1959,11,15,10.896,10.896
1959,11,16,11.644,11.644
1959,11,17,8.531,8.531
1959,11,18,9.669,9.669
1959,11,19,10.681,10.681
1959,11,20,11.929,11.929
1959,11,21,8.66,8.66
1959,11,22,10.554,10.554
1959,11,23,13.599,13.599
1959,11,24,13.923,13.923
1959,11,25,13.522,13.522
1959,11,26,13.362,13.362
1959,11,27,11.876,11.876
1959,11,28,12.189,12.189
1959,11,29,11.972,11.972
1959,11,30,11.52,11.52
1959,12,1,12.137,12.137
1959,12,2,13.744,13.744
1959,12,3,12.812,12.812
1959,12,4,11.974,11.974
1959,12,5,13.586,13.586
1959,12,6,12.223,12.223
1959,12,7,11.978,11.978
1959,12,8,12.813,12.813
1959,12,9,13.616,13.616
1959,12,10,12.389,12.389
1959,12,11,13.74,13.74
1959,12,12,13.019,13.019
1959,12,13,11.64,11.64
1959,12,14,12.231,12.231
1959,12,15,10.157,10.157
1959,12,16,8.137,8.137
1959,12,17,9.118,9.118
1959,12,18,9.705,9.705
1959,12,19,9.513,9.513
1959,12,20,6.775,6.775
1959,12,21,9.265,9.265
1959,12,22,9.731,9.731
1959,12,23,9.622,9.622
1959,12,24,10.557,10.557
1959,12,25,9.855,9.855
1959,12,26,11.833,11.833
1959,12,27,11.678,11.678
1959,12,28,12.172,12.172
1959,12,29,11.142,11.142
1959,12,30,11.354,11.354
1959,12,31,11.275,11.275
1960,1,1,10.192,10.192
1960,1,2,11.148,11.148
1960,1,3,11.286,11.286
1960,1,4,8.252,8.252
1960,1,5,7.821,7.821
1960,1,6,7.735,7.735
1960,1,7,6.677,6.677
1960,1,8,8.676,8.676
1960,1,9,9.502,9.502
1960,1,10,7.119,7.119
1960,1,11,4.245,4.245
1960,1,12,8.007,8.007
1960,1,13,9.467,9.467
1960,1,14,9.829,9.829
1960,1,15,9.922,9.922
1960,1,16,11.623,11.623
1960,1,17,8.187,8.187
1960,1,18,9.397,9.397
1960,1,19,10.693,10.693
1960,1,20,6.989,6.989
1960,1,21,8.009,8.009
1960,1,22,10.101,10.101
1960,1,23,10.122,10.122
1960,1,24,8.404,8.404
1960,1,25,10.557,10.557
1960,1,26,16.024,16.024
1960,1,27,18.334,18.334
1960,1,28,17.118,17.118
1960,1,29,16.525,16.525
1960,1,30,13.683,13.683
1960,1,31,12.088,12.088
1960,2,1,12.962,12.962
1960,2,2,14.91,14.91
1960,2,3,13.501,13.501
1960,2,4,16.152,16.152
1960,2,5,19.233,19.233
1960,2,6,16.466,16.466
1960,2,7,17.261,17.261
1960,2,8,12.072,12.072
1960,2,9,14.696,14.696
1960,2,10,15.713,15.713
1960,2,11,16.336,16.336
1960,2,12,11.157,11.157
1960,2,13,8.211,8.211
1960,2,14,7.494,7.494
1960,2,15,10.019,10.019
1960,2,16,10.139,10.139
1960,2,17,12.481,12.481
1960,2,18,19.364,19.364
1960,2,19,20.486,20.486
1960,2,20,18.751,18.751
1960,2,21,14.359,14.359
1960,2,22,14.791,14.791
1960,2,23,17.888,17.888
1960,2,24,14.88,14.88
1960,2,25,14.137,14.137
1960,2,26,11.006,11.006
1960,2,27,13.25,13.25
1960,2,28,14.694,14.694
1960,2,29,15.582,15.582
1960,3,1,14.126,14.126
1960,3,2,11.541,11.541
1960,3,3,8.474,8.474
1960,3,4,8.823,8.823
1960,3,5,6.424,6.424
1960,3,6,8.61,8.61
1960,3,7,12.341,12.341
1960,3,8,13.965,13.965
1960,3,9,14.899,14.899
1960,3,10,19.651,19.651
1960,3,11,18.01,18.01
1960,3,12,20.049,20.049
1960,3,13,21.468,21.468
1960,3,14,20.672,20.672
1960,3,15,23.681,23.681
1960,3,16,21.962,21.962
1960,3,17,22.416,22.416
1960,3,18,20.188,20.188
1960,3,19,23.071,23.071
1960,3,20,24.038,24.038
1960,3,21,20.594,20.594
1960,3,22,25.01,25.01
1960,3,23,26.086,26.086
1960,3,24,25.911,25.911
1960,3,25,24.239,24.239
1960,3,26,20.472,20.472
1960,3,27,19.349,19.349
1960,3,28,16.509,16.509
1960,3,29,16.368,16.368
1960,3,30,15.837,15.837
1960,3,31,13.555,13.555
1960,4,1,14.551,14.551
1960,4,2,13.535,13.535
1960,4,3,13.193,13.193
1960,4,4,13.205,13.205
1960,4,5,15.877,15.877
1960,4,6,18.282,18.282
1960,4,7,12.291,12.291
1960,4,8,10.834,10.834
1960,4,9,13.789,13.789
1960,4,10,15.675,15.675
1960,4,11,13.57,13.57
1960,4,12,13.972,13.972
1960,4,13,16.741,16.741
1960,4,14,19.177,19.177
1960,4,15,19.356,19.356
1960,4,16,22.5,22.5
1960,4,17,25.878,25.878
1960,4,18,25.888,25.888
1960,4,19,23.423,23.423
1960,4,20,23.733,23.733
1960,4,21,23.201,23.201
1960,4,22,24.363,24.363
1960,4,23,25.703,25.703
1960,4,24,24.167,24.167
1960,4,25,21.589,21.589
1960,4,26,13.635,13.635
1960,4,27,17.86,17.86
1960,4,28,25.718,25.718
1960,4,29,32.177,32.177
1960,4,30,27.872,27.872
1960,5,1,28.419,28.419
1960,5,2,24.655,24.655
1960,5,3,25.565,25.565
1960,5,4,20.687,20.687
1960,5,5,17.03,17.03
1960,5,6,13.02,13.02
1960,5,7,10.632,10.632
1960,5,8,19.534,19.534
1960,5,9,17.788,17.788
1960,5,10,21.623,21.623
1960,5,11,21.679,21.679
1960,5,12,21.941,21.941
1960,5,13,27.046,27.046
1960,5,14,29.474,29.474
1960,5,15,28.284,28.284
1960,5,16,25.639,25.639
1960,5,17,21.89,21.89
1960,5,18,21.506,21.506
1960,5,19,24.914,24.914
1960,5,20,27.901,27.901
1960,5,21,30.859,30.859
1960,5,22,30.877,30.877
1960,5,23,28.421,28.421
1960,5,24,29.45,29.45
1960,5,25,29.533,29.533
1960,5,26,28.947,28.947
1960,5,27,31.59,31.59
1960,5,28,33.271,33.271
1960,5,29,32.119,32.119
1960,5,30,27.863,27.863
1960,5,31,26.559,26.559
1960,6,1,22.72,22.72
1960,6,2,22.161,22.161
1960,6,3,26.034,26.034
1960,6,4,26.732,26.732
1960,6,5,26.342,26.342
1960,6,6,24.176,24.176
1960,6,7,25.599,25.599
1960,6,8,26.54,26.54
1960,6,9,30.376,30.376
1960,6,10,34.506,34.506
1960,6,11,37.482,37.482
1960,6,12,36.785,36.785
1960,6,13,36.464,36.464
1960,6,14,35.402,35.402
1960,6,15,35.547,35.547
1960,6,16,37.827,37.827
1960,6,17,37.514,37.514
1960,6,18,37.97,37.97
1960,6,19,37.146,37.146
1960,6,20,36.065,36.065
1960,6,21,32.915,32.915
1960,6,22,30.431,30.431
1960,6,23,30.086,30.086
1960,6,24,29.878,29.878
1960,6,25,32.383,32.383
1960,6,26,33.727,33.727
1960,6,27,31.924,31.924
1960,6,28,30.376,30.376
1960,6,29,31.139,31.139
1960,6,30,33.658,33.658
1960,7,1,30.819,30.819
1960,7,2,31.216,31.216
1960,7,3,30.992,30.992
1960,7,4,33.362,33.362
1960,7,5,31.539,31.539
1960,7,6,30.04,30.04
1960,7,7,30.443,30.443
1960,7,8,28.725,28.725
1960,7,9,29.338,29.338
1960,7,10,32.329,32.329
1960,7,11,32.574,32.574
1960,7,12,34.175,34.175
1960,7,13,32.858,32.858
1960,7,14,30.87,30.87
1960,7,15,34.156,34.156
1960,7,16,35.504,35.504
1960,7,17,34.981,34.981
1960,7,18,36.111,36.111
1960,7,19,35.589,35.589
1960,7,20,35.707,35.707
1960,7,21,36.069,36.069
1960,7,22,33.226,33.226
1960,7,23,33.196,33.196
1960,7,24,34.849,34.849
1960,7,25,35.919,35.919
1960,7,26,35.563,35.563
1960,7,27,39.263,39.263
1960,7,28,39.191,39.191
1960,7,29,38.611,38.611
1960,7,30,37.53,37.53
1960,7,31,36.213,36.213
1960,8,1,35.598,35.598
1960,8,2,34.619,34.619
1960,8,3,34.224,34.224
1960,8,4,36.58,36.58
1960,8,5,35.79,35.79
1960,8,6,32.833,32.833
1960,8,7,24.386,24.386
1960,8,8,27.882,27.882
1960,8,9,30.456,30.456
1960,8,10,30.779,30.779
1960,8,11,32.472,32.472
1960,8,12,33.563,33.563
1960,8,13,34.798,34.798
1960,8,14,33.861,33.861
1960,8,15,32.288,32.288
1960,8,16,32.697,32.697
1960,8,17,28.96,28.96
1960,8,18,26.951,26.951
1960,8,19,25.952,25.952
1960,8,20,23.345,23.345
1960,8,21,22.647,22.647
1960,8,22,23.762,23.762
1960,8,23,27.436,27.436
1960,8,24,24.251,24.251
1960,8,25,23.464,23.464
1960,8,26,26.146,26.146
1960,8,27,29.924,29.924
1960,8,28,28.244,28.244
1960,8,29,26.625,26.625
1960,8,30,25.687,25.687
1960,8,31,27.147,27.147
1960,9,1,31.072,31.072
1960,9,2,32.228,32.228
1960,9,3,34.262,34.262
1960,9,4,35.649,35.649
1960,9,5,36.466,36.466
1960,9,6,36.096,36.096
1960,9,7,35.9,35.9
1960,9,8,34.22,34.22
1960,9,9,30.289,30.289
1960,9,10,29.43,29.43
1960,9,11,25.794,25.794
1960,9,12,29.122,29.122
1960,9,13,32.019,32.019
1960,9,14,32.625,32.625
1960,9,15,28.957,28.957
1960,9,16,30.995,30.995
1960,9,17,30.59,30.59
1960,9,18,32.198,32.198
1960,9,19,31.903,31.903
1960,9,20,31.402,31.402
1960,9,21,30.824,30.824
1960,9,22,32.999,32.999
1960,9,23,27.269,27.269
1960,9,24,23.452,23.452
1960,9,25,19.224,19.224
1960,9,26,21.039,21.039
1960,9,27,20.231,20.231
1960,9,28,17.471,17.471
1960,9,29,18.267,18.267
1960,9,30,19.446,19.446
1960,10,1,17.99,17.99
1960,10,2,18.98,18.98
1960,10,3,20.711,20.711
1960,10,4,22.339,22.339
1960,10,5,22.949,22.949
1960,10,6,19.511,19.511
1960,10,7,16.476,16.476
1960,10,8,20.421,20.421
1960,10,9,22.109,22.109
1960,10,10,23.356,23.356
1960,10,11,24.104,24.104
1960,10,12,21.305,21.305
1960,10,13,20.704,20.704
1960,10,14,22.364,22.364
1960,10,15,23.497,23.497
1960,10,16,23.236,23.236
1960,10,17,18.89,18.89
1960,10,18,19.998,19.998
1960,10,19,21.18,21.18
1960,10,20,18.3,18.3
1960,10,21,18.771,18.771
1960,10,22,21.857,21.857
1960,10,23,22.891,22.891
1960,10,24,21.476,21.476
1960,10,25,20.007,20.007
1960,10,26,18.721,18.721
1960,10,27,23.003,23.003
1960,10,28,21.92,21.92
1960,10,29,23.674,23.674
1960,10,30,21.905,21.905
1960,10,31,20.354,20.354
1960,11,1,21.629,21.629
1960,11,2,21.801,21.801
1960,11,3,21.467,21.467
1960,11,4,21.315,21.315
1960,11,5,21.9,21.9
1960,11,6,22.018,22.018
1960,11,7,20.01,20.01
1960,11,8,17.339,17.339
1960,11,9,19.788,19.788
1960,11,10,17.902,17.902
1960,11,11,18.867,18.867
1960,11,12,18.902,18.902
1960,11,13,15.526,15.526
1960,11,14,15.343,15.343
1960,11,15,14.773,14.773
1960,11,16,12.925,12.925
1960,11,17,15.654,15.654
1960,11,18,16.112,16.112
1960,11,19,14.347,14.347
1960,11,20,14.039,14.039
1960,11,21,16.577,16.577
1960,11,22,18.577,18.577
1960,11,23,18.272,18.272
1960,11,24,16.57,16.57
1960,11,25,15.252,15.252
1960,11,26,10.638,10.638
1960,11,27,11.163,11.163
1960,11,28,9.725,9.725
1960,11,29,14.308,14.308
1960,11,30,14.056,14.056
1960,12,1,8.368,8.368
1960,12,2,11.351,11.351
1960,12,3,13.243,13.243
1960,12,4,13.258,13.258
1960,12,5,13.319,13.319
1960,12,6,10.903,10.903
1960,12,7,11.682,11.682
1960,12,8,12.475,12.475
1960,12,9,12.045,12.045
1960,12,10,12.864,12.864
1960,12,11,11.265,11.265
1960,12,12,12.069,12.069
1960,12,13,11.887,11.887
1960,12,14,11.522,11.522
1960,12,15,13.422,13.422
1960,12,16,13.897,13.897
1960,12,17,11.832,11.832
1960,12,18,9.586,9.586
1960,12,19,9.207,9.207
1960,12,20,7.123,7.123
1960,12,21,7.868,7.868
1960,12,22,8.889,8.889
1960,12,23,12.116,12.116
1960,12,24,9.898,9.898
1960,12,25,12.44,12.44
1960,12,26,12.621,12.621
1960,12,27,11.595,11.595
1960,12,28,8.138,8.138
1960,12,29,9.272,9.272
1960,12,30,11.871,11.871
1960,12,31,11.436,11.436
1961,1,1,13.063,13.063
1961,1,2,12.878,12.878
1961,1,3,10.73,10.73
1961,1,4,9.396,9.396
1961,1,5,7.649,7.649
1961,1,6,7.875,7.875
1961,1,7,7.724,7.724
1961,1,8,7.944,7.944
1961,1,9,11.125,11.125
1961,1,10,12.908,12.908
1961,1,11,12.789,12.789
1961,1,12,15.67,15.67
1961,1,13,15.502,15.502
1961,1,14,16.032,16.032
1961,1,15,15.756,15.756
1961,1,16,15.174,15.174
1961,1,17,13.632,13.632
1961,1,18,13.345,13.345
1961,1,19,14.838,14.838
1961,1,20,16.078,16.078
1961,1,21,13.12,13.12
1961,1,22,7.349,7.349
1961,1,23,6.413,6.413
1961,1,24,8.918,8.918
1961,1,25,7.148,7.148
1961,1,26,8.603,8.603
1961,1,27,9.93,9.93
1961,1,28,10.962,10.962
1961,1,29,10.346,10.346
1961,1,30,12.421,12.421
1961,1,31,12.124,12.124
1961,2,1,14.425,14.425
1961,2,2,9.401,9.401
1961,2,3,8.027,8.027
1961,2,4,8.865,8.865
1961,2,5,9.661,9.661
1961,2,6,10.257,10.257
1961,2,7,10.321,10.321
1961,2,8,8.222,8.222
1961,2,9,10.89,10.89
1961,2,10,11.916,11.916
1961,2,11,9.842,9.842
1961,2,12,8.638,8.638
1961,2,13,8.466,8.466
1961,2,14,12.457,12.457
1961,2,15,13.906,13.906
1961,2,16,18.119,18.119
1961,2,17,16.545,16.545
1961,2,18,19.9,19.9
1961,2,19,21.255,21.255
1961,2,20,20.102,20.102
1961,2,21,17.824,17.824
1961,2,22,14.312,14.312
1961,2,23,20.018,20.018
1961,2,24,18.512,18.512
1961,2,25,17.566,17.566
1961,2,26,19.438,19.438
1961,2,27,18.581,18.581
1961,2,28,17.807,17.807
1961,3,1,15.848,15.848
1961,3,2,15.044,15.044
1961,3,3,13.728,13.728
1961,3,4,12.238,12.238
1961,3,5,13.835,13.835
1961,3,6,12.615,12.615
1961,3,7,14.068,14.068
1961,3,8,13.34,13.34
1961,3,9,15.293,15.293
1961,3,10,13.292,13.292
1961,3,11,14.36,14.36
1961,3,12,17.756,17.756
1961,3,13,18.731,18.731
1961,3,14,17.064,17.064
1961,3,15,14.111,14.111
1961,3,16,16.325,16.325
1961,3,17,17.974,17.974
1961,3,18,17.953,17.953
1961,3,19,11.814,11.814
1961,3,20,13.77,13.77
1961,3,21,14.697,14.697
1961,3,22,18.429,18.429
1961,3,23,18.898,18.898
1961,3,24,13.016,13.016
1961,3,25,14.812,14.812
1961,3,26,18.901,18.901
1961,3,27,20.462,20.462
1961,3,28,19.444,19.444
1961,3,29,17.213,17.213
1961,3,30,20.113,20.113
1961,3,31,20.737,20.737
1961,4,1,22.572,22.572
1961,4,2,19.676,19.676
1961,4,3,15.486,15.486
1961,4,4,13.226,13.226
1961,4,5,20.088,20.088
1961,4,6,23.692,23.692
1961,4,7,22.066,22.066
1961,4,8,17.078,17.078
1961,4,9,13.366,13.366
1961,4,10,12.764,12.764
1961,4,11,13.767,13.767
1961,4,12,11.262,11.262
1961,4,13,14.693,14.693
1961,4,14,16.567,16.567
1961,4,15,19.681,19.681
1961,4,16,21.12,21.12
1961,4,17,22.828,22.828
1961,4,18,24.64,24.64
1961,4,19,25.922,25.922
1961,4,20,26.591,26.591
1961,4,21,23.6,23.6
1961,4,22,21.319,21.319
1961,4,23,17.523,17.523
1961,4,24,22.697,22.697
1961,4,25,28.159,28.159
1961,4,26,30.228,30.228
1961,4,27,30.008,30.008
1961,4,28,29.375,29.375
1961,4,29,25.592,25.592
1961,4,30,20.113,20.113
1961,5,1,15.725,15.725
1961,5,2,18.868,18.868
1961,5,3,20.219,20.219
1961,5,4,21.503,21.503
1961,5,5,25.714,25.714
1961,5,6,29.967,29.967
1961,5,7,29.805,29.805
1961,5,8,27.433,27.433
1961,5,9,19.096,19.096
1961,5,10,19.058,19.058
1961,5,11,17.563,17.563
1961,5,12,16.072,16.072
1961,5,13,17.381,17.381
1961,5,14,20.922,20.922
1961,5,15,20.232,20.232
1961,5,16,21.977,21.977
1961,5,17,24.942,24.942
1961,5,18,28.672,28.672
1961,5,19,25.847,25.847
1961,5,20,27.267,27.267
1961,5,21,24.194,24.194
1961,5,22,26.723,26.723
1961,5,23,27.7,27.7
1961,5,24,30.785,30.785
1961,5,25,31.774,31.774
1961,5,26,31.071,31.071
1961,5,27,29.076,29.076
1961,5,28,30.316,30.316
1961,5,29,31.103,31.103
1961,5,30,30.46,30.46
1961,5,31,31.414,31.414
1961,6,1,29.298,29.298
1961,6,2,26.703,26.703
1961,6,3,23.309,23.309
1961,6,4,21.961,21.961
1961,6,5,27.186,27.186
1961,6,6,31.624,31.624
1961,6,7,32.933,32.933
1961,6,8,32.409,32.409
1961,6,9,33.144,33.144
1961,6,10,33.272,33.272
1961,6,11,30.564,30.564
1961,6,12,31.627,31.627
1961,6,13,31.897,31.897
1961,6,14,32.346,32.346
1961,6,15,31.73,31.73
1961,6,16,27.497,27.497
1961,6,17,25.734,25.734
1961,6,18,24.496,24.496
1961,6,19,22.039,22.039
1961,6,20,19.053,19.053
1961,6,21,28.259,28.259
1961,6,22,29.461,29.461
1961,6,23,30.124,30.124
1961,6,24,31.398,31.398
1961,6,25,28.085,28.085
1961,6,26,27.982,27.982
1961,6,27,31.445,31.445
1961,6,28,35.618,35.618
1961,6,29,37.99,37.99
1961,6,30,38.72,38.72
1961,7,1,41.251,41.251
1961,7,2,39.941,39.941
1961,7,3,38.765,38.765
1961,7,4,36.517,36.517
1961,7,5,33.663,33.663
1961,7,6,33.509,33.509
1961,7,7,35.499,35.499
1961,7,8,32.286,32.286
1961,7,9,30.512,30.512
1961,7,10,29.235,29.235
1961,7,11,28.928,28.928
1961,7,12,31.268,31.268
1961,7,13,33.528,33.528
1961,7,14,33.412,33.412
1961,7,15,34.638,34.638
1961,7,16,35.511,35.511
1961,7,17,36.876,36.876
1961,7,18,36.399,36.399
1961,7,19,34.905,34.905
1961,7,20,33.268,33.268
1961,7,21,34.715,34.715
1961,7,22,37.24,37.24
1961,7,23,38.246,38.246
1961,7,24,38.517,38.517
1961,7,25,41.32,41.32
1961,7,26,37.823,37.823
1961,7,27,35.153,35.153
1961,7,28,27.582,27.582
1961,7,29,29.49,29.49
1961,7,30,30.369,30.369
1961,7,31,32.497,32.497
1961,8,1,36.533,36.533
1961,8,2,37.756,37.756
1961,8,3,37.519,37.519
1961,8,4,37.882,37.882
1961,8,5,35.344,35.344
1961,8,6,35.708,35.708
1961,8,7,35.371,35.371
1961,8,8,36.99,36.99
1961,8,9,36.806,36.806
1961,8,10,35.801,35.801
1961,8,11,34.845,34.845
1961,8,12,35.404,35.404
1961,8,13,33.615,33.615
1961,8,14,30.821,30.821
1961,8,15,25.798,25.798
1961,8,16,28.91,28.91
1961,8,17,34.423,34.423
1961,8,18,37.963,37.963
1961,8,19,37.858,37.858
1961,8,20,36.836,36.836
1961,8,21,37.36,37.36
1961,8,22,32.888,32.888
1961,8,23,32.973,32.973
1961,8,24,34.553,34.553
1961,8,25,36.78,36.78
1961,8,26,37.333,37.333
1961,8,27,37.119,37.119
1961,8,28,35.496,35.496
1961,8,29,34.272,34.272
1961,8,30,34.722,34.722
1961,8,31,35.617,35.617
1961,9,1,34.337,34.337
1961,9,2,36.723,36.723
1961,9,3,35.922,35.922
1961,9,4,34.279,34.279
1961,9,5,27.583,27.583
1961,9,6,28.832,28.832
1961,9,7,26.405,26.405
1961,9,8,23.038,23.038
1961,9,9,21.826,21.826
1961,9,10,22.349,22.349
1961,9,11,24.191,24.191
1961,9,12,25.23,25.23
1961,9,13,26.191,26.191
1961,9,14,29.254,29.254
1961,9,15,32.37,32.37
1961,9,16,32.014,32.014
1961,9,17,32.212,32.212
1961,9,18,29.629,29.629
1961,9,19,27.339,27.339
1961,9,20,20.807,20.807
1961,9,21,23.234,23.234
1961,9,22,25.949,25.949
1961,9,23,26.257,26.257
1961,9,24,26.927,26.927
1961,9,25,26.219,26.219
1961,9,26,26.275,26.275
1961,9,27,25.13,25.13
1961,9,28,24.666,24.666
1961,9,29,26.841,26.841
1961,9,30,30.998,30.998
1961,10,1,30.506,30.506
1961,10,2,31.144,31.144
1961,10,3,34.052,34.052
1961,10,4,35.039,35.039
1961,10,5,34.088,34.088
1961,10,6,31.81,31.81
1961,10,7,29.545,29.545
1961,10,8,29.083,29.083
1961,10,9,25.836,25.836
1961,10,10,23.38,23.38
1961,10,11,23.701,23.701
1961,10,12,28.333,28.333
1961,10,13,29.601,29.601
1961,10,14,32.102,32.102
1961,10,15,31.28,31.28
1961,10,16,29.597,29.597
1961,10,17,24.814,24.814
1961,10,18,22.517,22.517
1961,10,19,20.191,20.191
1961,10,20,19.572,19.572
1961,10,21,20.513,20.513
1961,10,22,22.865,22.865
1961,10,23,21.555,21.555
1961,10,24,20.255,20.255
1961,10,25,17.399,17.399
1961,10,26,18.514,18.514
1961,10,27,19.8,19.8
1961,10,28,22.511,22.511
1961,10,29,21.921,21.921
1961,10,30,20.979,20.979
1961,10,31,20.288,20.288
1961,11,1,17.241,17.241
1961,11,2,13.013,13.013
1961,11,3,15.466,15.466
1961,11,4,17.062,17.062
1961,11,5,17.58,17.58
1961,11,6,22.706,22.706
1961,11,7,22.339,22.339
1961,11,8,21.855,21.855
1961,11,9,22.357,22.357
1961,11,10,19.713,19.713
1961,11,11,20.225,20.225
1961,11,12,19.958,19.958
1961,11,13,15.944,15.944
1961,11,14,14.535,14.535
1961,11,15,16.711,16.711
1961,11,16,13.923,13.923
1961,11,17,14.059,14.059
1961,11,18,11.774,11.774
1961,11,19,11.049,11.049
1961,11,20,11.493,11.493
1961,11,21,14.336,14.336
1961,11,22,17.098,17.098
1961,11,23,17.094,17.094
1961,11,24,16.203,16.203
1961,11,25,16.137,16.137
1961,11,26,18.249,18.249
1961,11,27,16.789,16.789
1961,11,28,14.982,14.982
1961,11,29,13.354,13.354
1961,11,30,13.769,13.769
1961,12,1,12.434,12.434
1961,12,2,12.202,12.202
1961,12,3,13.789,13.789
1961,12,4,6.174,6.174
1961,12,5,8.663,8.663
1961,12,6,12.107,12.107
1961,12,7,11.943,11.943
1961,12,8,12.409,12.409
1961,12,9,17.12,17.12
1961,12,10,17.736,17.736
1961,12,11,16.837,16.837
1961,12,12,16.491,16.491
1961,12,13,15.487,15.487
1961,12,14,15.016,15.016
1961,12,15,14.147,14.147
1961,12,16,18.219,18.219
1961,12,17,13.69,13.69
1961,12,18,12.034,12.034
1961,12,19,12.602,12.602
1961,12,20,11.359,11.359
1961,12,21,10.021,10.021
1961,12,22,11.038,11.038
1961,12,23,13.688,13.688
1961,12,24,16.745,16.745
1961,12,25,15.144,15.144
1961,12,26,16.512,16.512
1961,12,27,15.099,15.099
1961,12,28,10.06,10.06
1961,12,29,13.472,13.472
1961,12,30,10.604,10.604
1961,12,31,7.92,7.92
1962,1,1,6.607,6.607
1962,1,2,6.322,6.322
1962,1,3,8.645,8.645
1962,1,4,8.185,8.185
1962,1,5,8.515,8.515
1962,1,6,9.366,9.366
1962,1,7,9.256,9.256
1962,1,8,7.007,7.007
1962,1,9,8.426,8.426
1962,1,10,9.999,9.999
1962,1,11,9.469,9.469
1962,1,12,10.48,10.48
1962,1,13,12.215,12.215
1962,1,14,11.862,11.862
1962,1,15,9.277,9.277
1962,1,16,9.942,9.942
1962,1,17,10.148,10.148
1962,1,18,11.767,11.767
1962,1,19,11.983,11.983
1962,1,20,12.459,12.459
1962,1,21,12.059,12.059
1962,1,22,10.373,10.373
1962,1,23,10.788,10.788
1962,1,24,11.91,11.91
1962,1,25,12.969,12.969
1962,1,26,13.767,13.767
1962,1,27,13.445,13.445
1962,1,28,11.673,11.673
1962,1,29,12.593,12.593
1962,1,30,15.944,15.944
1962,1,31,14.735,14.735
1962,2,1,10.204,10.204
1962,2,2,14.019,14.019
1962,2,3,16.894,16.894
1962,2,4,15.242,15.242
1962,2,5,18.545,18.545
1962,2,6,18.069,18.069
1962,2,7,20.533,20.533
1962,2,8,21.082,21.082
1962,2,9,21.076,21.076
1962,2,10,16.247,16.247
1962,2,11,15.675,15.675
1962,2,12,15.184,15.184
1962,2,13,17.181,17.181
1962,2,14,16.196,16.196
1962,2,15,17.186,17.186
1962,2,16,14.177,14.177
1962,2,17,13.198,13.198
1962,2,18,11.644,11.644
1962,2,19,11.951,11.951
1962,2,20,13.405,13.405
1962,2,21,14.379,14.379
1962,2,22,12.113,12.113
1962,2,23,9.586,9.586
1962,2,24,11.621,11.621
1962,2,25,12.164,12.164
1962,2,26,12.563,12.563
1962,2,27,14.148,14.148
1962,2,28,15.962,15.962
1962,3,1,16.232,16.232
1962,3,2,11.797,11.797
1962,3,3,12.309,12.309
1962,3,4,11.457,11.457
1962,3,5,12.625,12.625
1962,3,6,12.287,12.287
1962,3,7,11.031,11.031
1962,3,8,10.912,10.912
1962,3,9,16.168,16.168
1962,3,10,18.042,18.042
1962,3,11,18.121,18.121
1962,3,12,14.247,14.247
1962,3,13,15.922,15.922
1962,3,14,14.491,14.491
1962,3,15,14.943,14.943
1962,3,16,16.769,16.769
1962,3,17,16.344,16.344
1962,3,18,15.413,15.413
1962,3,19,9.207,9.207
1962,3,20,10.045,10.045
1962,3,21,15.763,15.763
1962,3,22,16.318,16.318
1962,3,23,17.771,17.771
1962,3,24,16.939,16.939
1962,3,25,15.159,15.159
1962,3,26,11.588,11.588
1962,3,27,17.979,17.979
1962,3,28,21.149,21.149
1962,3,29,24.242,24.242
1962,3,30,19.831,19.831
1962,3,31,18.175,18.175
1962,4,1,11.942,11.942
1962,4,2,11.26,11.26
1962,4,3,17.086,17.086
1962,4,4,19.394,19.394
1962,4,5,22.496,22.496
1962,4,6,23.866,23.866
1962,4,7,24.076,24.076
1962,4,8,25.109,25.109
1962,4,9,26.529,26.529
1962,4,10,26.401,26.401
1962,4,11,21.387,21.387
1962,4,12,19.507,19.507
1962,4,13,17.338,17.338
1962,4,14,16.964,16.964
1962,4,15,16.019,16.019
1962,4,16,16.181,16.181
1962,4,17,17.829,17.829
1962,4,18,17.591,17.591
1962,4,19,15.511,15.511
1962,4,20,14.296,14.296
1962,4,21,18.363,18.363
1962,4,22,23.736,23.736
1962,4,23,27.675,27.675
1962,4,24,25.756,25.756
1962,4,25,21.772,21.772
1962,4,26,24.031,24.031
1962,4,27,23.408,23.408
1962,4,28,15.383,15.383
1962,4,29,11.016,11.016
1962,4,30,12.55,12.55
1962,5,1,17.284,17.284
1962,5,2,21.272,21.272
1962,5,3,25.694,25.694
1962,5,4,27.096,27.096
1962,5,5,26.37,26.37
1962,5,6,21.936,21.936
1962,5,7,22.233,22.233
1962,5,8,23.075,23.075
1962,5,9,23.155,23.155
1962,5,10,17.424,17.424
1962,5,11,17.402,17.402
1962,5,12,23.238,23.238
1962,5,13,23.412,23.412
1962,5,14,22.401,22.401
1962,5,15,25.335,25.335
1962,5,16,27.416,27.416
1962,5,17,25.595,25.595
1962,5,18,27.252,27.252
1962,5,19,27.377,27.377
1962,5,20,29.423,29.423
1962,5,21,29.482,29.482
1962,5,22,28.169,28.169
1962,5,23,28.823,28.823
1962,5,24,29.617,29.617
1962,5,25,28.698,28.698
1962,5,26,23.946,23.946
1962,5,27,21.61,21.61
1962,5,28,21.342,21.342
1962,5,29,20.706,20.706
1962,5,30,24.612,24.612
1962,5,31,24.66,24.66
1962,6,1,26.549,26.549
1962,6,2,24.605,24.605
1962,6,3,27.423,27.423
1962,6,4,29.454,29.454
1962,6,5,32.375,32.375
1962,6,6,33.047,33.047
1962,6,7,34.294,34.294
1962,6,8,32.967,32.967
1962,6,9,28.676,28.676
1962,6,10,28.419,28.419
1962,6,11,28.097,28.097
1962,6,12,27.363,27.363
1962,6,13,27.56,27.56
1962,6,14,29.106,29.106
1962,6,15,28.557,28.557
1962,6,16,32.445,32.445
1962,6,17,33.078,33.078
1962,6,18,34.928,34.928
1962,6,19,33.051,33.051
1962,6,20,31.753,31.753
1962,6,21,28.673,28.673
1962,6,22,27.624,27.624
1962,6,23,28.534,28.534
1962,6,24,31.273,31.273
1962,6,25,33.61,33.61
1962,6,26,28.53,28.53
1962,6,27,28.776,28.776
1962,6,28,29.284,29.284
1962,6,29,29.149,29.149
1962,6,30,28.754,28.754
1962,7,1,24.351,24.351
1962,7,2,16.894,16.894
1962,7,3,17.073,17.073
1962,7,4,20.171,20.171
1962,7,5,27.214,27.214
1962,7,6,31.346,31.346
1962,7,7,31.817,31.817
1962,7,8,29.73,29.73
1962,7,9,28.984,28.984
1962,7,10,24.897,24.897
1962,7,11,24.248,24.248
1962,7,12,29.535,29.535
1962,7,13,31.737,31.737
1962,7,14,33.901,33.901
1962,7,15,36.136,36.136
1962,7,16,35.717,35.717
1962,7,17,36.001,36.001
1962,7,18,37.217,37.217
1962,7,19,37.373,37.373
1962,7,20,38.151,38.151
1962,7,21,35.499,35.499
1962,7,22,35.823,35.823
1962,7,23,35.329,35.329
1962,7,24,34.918,34.918
1962,7,25,33.804,33.804
1962,7,26,29.947,29.947
1962,7,27,29.693,29.693
1962,7,28,28.198,28.198
1962,7,29,29.859,29.859
1962,7,30,32.837,32.837
1962,7,31,38.092,38.092
1962,8,1,38.836,38.836
1962,8,2,40.288,40.288
1962,8,3,41.945,41.945
1962,8,4,38.7,38.7
1962,8,5,40.207,40.207
1962,8,6,39.651,39.651
1962,8,7,36.065,36.065
1962,8,8,30.89,30.89
1962,8,9,23.988,23.988
1962,8,10,28.417,28.417
1962,8,11,30.484,30.484
1962,8,12,28.023,28.023
1962,8,13,29.666,29.666
1962,8,14,29.758,29.758
1962,8,15,31.788,31.788
1962,8,16,33.571,33.571
1962,8,17,32.338,32.338
1962,8,18,30.391,30.391
1962,8,19,31.382,31.382
1962,8,20,32.614,32.614
1962,8,21,34.56,34.56
1962,8,22,33.653,33.653
1962,8,23,31.301,31.301
1962,8,24,31.768,31.768
1962,8,25,32.605,32.605
1962,8,26,33.899,33.899
1962,8,27,31.857,31.857
1962,8,28,29.586,29.586
1962,8,29,29.364,29.364
1962,8,30,31.633,31.633
1962,8,31,34.578,34.578
1962,9,1,34.552,34.552
1962,9,2,33.571,33.571
1962,9,3,34.105,34.105
1962,9,4,36.56,36.56
1962,9,5,40.57,40.57
1962,9,6,39.483,39.483
1962,9,7,36.561,36.561
1962,9,8,31.238,31.238
1962,9,9,37.657,37.657
1962,9,10,37.611,37.611
1962,9,11,34.883,34.883
1962,9,12,36.799,36.799
1962,9,13,34.975,34.975
1962,9,14,36.831,36.831
1962,9,15,36.245,36.245
1962,9,16,37.26,37.26
1962,9,17,37.527,37.527
1962,9,18,36.18,36.18
1962,9,19,35.153,35.153
1962,9,20,35.015,35.015
1962,9,21,35.465,35.465
1962,9,22,35.198,35.198
1962,9,23,30.913,30.913
1962,9,24,21.448,21.448
1962,9,25,19.732,19.732
1962,9,26,20.523,20.523
1962,9,27,22.347,22.347
1962,9,28,25.35,25.35
1962,9,29,26.431,26.431
1962,9,30,28.823,28.823
1962,10,1,31.376,31.376
1962,10,2,32.397,32.397
1962,10,3,31.265,31.265
1962,10,4,29.588,29.588
1962,10,5,26.399,26.399
1962,10,6,26.073,26.073
1962,10,7,26.342,26.342
1962,10,8,24.63,24.63
1962,10,9,26.529,26.529
1962,10,10,29.427,29.427
1962,10,11,27.286,27.286
1962,10,12,23.254,23.254
1962,10,13,23.97,23.97
1962,10,14,26.503,26.503
1962,10,15,25.128,25.128
1962,10,16,23.514,23.514
1962,10,17,23.974,23.974
1962,10,18,23.405,23.405
1962,10,19,23.292,23.292
1962,10,20,19.455,19.455
1962,10,21,17.967,17.967
1962,10,22,17.102,17.102
1962,10,23,21.29,21.29
1962,10,24,21.961,21.961
1962,10,25,20.551,20.551
1962,10,26,19.073,19.073
1962,10,27,18.657,18.657
1962,10,28,17.545,17.545
1962,10,29,19.405,19.405
1962,10,30,23.005,23.005
1962,10,31,25.412,25.412
1962,11,1,24.214,24.214
1962,11,2,24.507,24.507
1962,11,3,21.413,21.413
1962,11,4,20.572,20.572
1962,11,5,9.576,9.576
1962,11,6,10.617,10.617
1962,11,7,12.915,12.915
1962,11,8,17.826,17.826
1962,11,9,17.617,17.617
1962,11,10,15.942,15.942
1962,11,11,16.089,16.089
1962,11,12,13.178,13.178
1962,11,13,16.224,16.224
1962,11,14,18.351,18.351
1962,11,15,14.221,14.221
1962,11,16,10.984,10.984
1962,11,17,14.597,14.597
1962,11,18,16.227,16.227
1962,11,19,17.074,17.074
1962,11,20,13.468,13.468
1962,11,21,12.783,12.783
1962,11,22,13.383,13.383
1962,11,23,13.735,13.735
1962,11,24,15.805,15.805
1962,11,25,15.211,15.211
1962,11,26,13.492,13.492
1962,11,27,14.096,14.096
1962,11,28,17.601,17.601
1962,11,29,20.371,20.371
1962,11,30,17.248,17.248
1962,12,1,16.68,16.68
1962,12,2,17.7,17.7
1962,12,3,16.335,16.335
1962,12,4,17.128,17.128
1962,12,5,18.125,18.125
1962,12,6,17.811,17.811
1962,12,7,17.862,17.862
1962,12,8,18.351,18.351
1962,12,9,16.679,16.679
1962,12,10,15.11,15.11
1962,12,11,14.398,14.398
1962,12,12,12.519,12.519
1962,12,13,12.534,12.534
1962,12,14,12.528,12.528
1962,12,15,10.682,10.682
1962,12,16,12.669,12.669
1962,12,17,16.478,16.478
1962,12,18,14.909,14.909
1962,12,19,16.505,16.505
1962,12,20,11.821,11.821
1962,12,21,10.003,10.003
1962,12,22,15.438,15.438
1962,12,23,17.295,17.295
1962,12,24,14.747,14.747
1962,12,25,14.227,14.227
1962,12,26,11.123,11.123
1962,12,27,8.471,8.471
1962,12,28,9.9,9.9
1962,12,29,10.331,10.331
1962,12,30,9.44,9.44
1962,12,31,12.03,12.03
1963,1,1,14.192,14.192
1963,1,2,12.529,12.529
1963,1,3,15.086,15.086
1963,1,4,15.487,15.487
1963,1,5,11.36,11.36
1963,1,6,6.339,6.339
1963,1,7,4.629,4.629
1963,1,8,8.118,8.118
1963,1,9,9.425,9.425
1963,1,10,7.722,7.722
1963,1,11,8.266,8.266
1963,1,12,8.404,8.404
1963,1,13,8.86,8.86
1963,1,14,11.605,11.605
1963,1,15,12.009,12.009
1963,1,16,12.971,12.971
1963,1,17,13.54,13.54
1963,1,18,14.924,14.924
1963,1,19,12.934,12.934
1963,1,20,11.157,11.157
1963,1,21,8.966,8.966
1963,1,22,3.557,3.557
1963,1,23,6.001,6.001
1963,1,24,7.963,7.963
1963,1,25,9.76,9.76
1963,1,26,11.203,11.203
1963,1,27,14.122,14.122
1963,1,28,15.712,15.712
1963,1,29,16.28,16.28
1963,1,30,16.776,16.776
1963,1,31,18.24,18.24
1963,2,1,17.072,17.072
1963,2,2,14.293,14.293
1963,2,3,14.211,14.211
1963,2,4,14.021,14.021
1963,2,5,14.232,14.232
1963,2,6,9.937,9.937
1963,2,7,14.603,14.603
1963,2,8,15.18,15.18
1963,2,9,13.261,13.261
1963,2,10,15.838,15.838
1963,2,11,19.787,19.787
1963,2,12,20.654,20.654
1963,2,13,20.272,20.272
1963,2,14,19.745,19.745
1963,2,15,18.836,18.836
1963,2,16,20.122,20.122
1963,2,17,20.709,20.709
1963,2,18,22.04,22.04
1963,2,19,21.581,21.581
1963,2,20,24.895,24.895
1963,2,21,24.229,24.229
1963,2,22,25.149,25.149
1963,2,23,21.419,21.419
1963,2,24,15.928,15.928
1963,2,25,15.677,15.677
1963,2,26,19.407,19.407
1963,2,27,23.835,23.835
1963,2,28,24.817,24.817
1963,3,1,25.602,25.602
1963,3,2,25.006,25.006
1963,3,3,26.151,26.151
1963,3,4,27.063,27.063
1963,3,5,27.123,27.123
1963,3,6,21.165,21.165
1963,3,7,18.773,18.773
1963,3,8,15.981,15.981
1963,3,9,18.416,18.416
1963,3,10,20.781,20.781
1963,3,11,20.907,20.907
1963,3,12,20.453,20.453
1963,3,13,20.662,20.662
1963,3,14,18.042,18.042
1963,3,15,18.097,18.097
1963,3,16,17.104,17.104
1963,3,17,17.507,17.507
1963,3,18,18.164,18.164
1963,3,19,19.576,19.576
1963,3,20,20.978,20.978
1963,3,21,21.233,21.233
1963,3,22,23.829,23.829
1963,3,23,23.264,23.264
1963,3,24,16.104,16.104
1963,3,25,14.906,14.906
1963,3,26,16.888,16.888
1963,3,27,18.398,18.398
1963,3,28,20.816,20.816
1963,3,29,22.217,22.217
1963,3,30,22.391,22.391
1963,3,31,25.138,25.138
1963,4,1,28.87,28.87
1963,4,2,21.912,21.912
1963,4,3,22.453,22.453
1963,4,4,21.955,21.955
1963,4,5,22.217,22.217
1963,4,6,21.691,21.691
1963,4,7,19.194,19.194
1963,4,8,16.537,16.537
1963,4,9,13.903,13.903
1963,4,10,16.121,16.121
1963,4,11,18.517,18.517
1963,4,12,20.177,20.177
1963,4,13,24.123,24.123
1963,4,14,23.789,23.789
1963,4,15,22.774,22.774
1963,4,16,21.251,21.251
1963,4,17,21.414,21.414
1963,4,18,17.279,17.279
1963,4,19,15.504,15.504
1963,4,20,15.886,15.886
1963,4,21,17.558,17.558
1963,4,22,21.535,21.535
1963,4,23,24.933,24.933
1963,4,24,25.031,25.031
1963,4,25,25.615,25.615
1963,4,26,29.021,29.021
1963,4,27,24.911,24.911
1963,4,28,23.412,23.412
1963,4,29,22.171,22.171
1963,4,30,22.888,22.888
1963,5,1,22.787,22.787
1963,5,2,20.639,20.639
1963,5,3,25.151,25.151
1963,5,4,27.344,27.344
1963,5,5,30.115,30.115
1963,5,6,29.533,29.533
1963,5,7,29.665,29.665
1963,5,8,32.233,32.233
1963,5,9,31.618,31.618
1963,5,10,34.007,34.007
1963,5,11,33.046,33.046
1963,5,12,31.761,31.761
1963,5,13,33.274,33.274
1963,5,14,33.778,33.778
1963,5,15,26.99,26.99
1963,5,16,23.426,23.426
1963,5,17,24.847,24.847
1963,5,18,28.715,28.715
1963,5,19,30.035,30.035
1963,5,20,28.207,28.207
1963,5,21,22.561,22.561
1963,5,22,26.108,26.108
1963,5,23,22.578,22.578
1963,5,24,17.339,17.339
1963,5,25,27.244,27.244
1963,5,26,30.402,30.402
1963,5,27,31.722,31.722
1963,5,28,33.392,33.392
1963,5,29,33.638,33.638
1963,5,30,35.184,35.184
1963,5,31,35.343,35.343
1963,6,1,32.885,32.885
1963,6,2,33.395,33.395
1963,6,3,32.668,32.668
1963,6,4,33.021,33.021
1963,6,5,32.856,32.856
1963,6,6,28.813,28.813
1963,6,7,27.822,27.822
1963,6,8,27.672,27.672
1963,6,9,32.154,32.154
1963,6,10,34.366,34.366
1963,6,11,36.192,36.192
1963,6,12,36.636,36.636
1963,6,13,32.007,32.007
1963,6,14,26.8,26.8
1963,6,15,25.679,25.679
1963,6,16,27.431,27.431
1963,6,17,28.188,28.188
1963,6,18,27.267,27.267
1963,6,19,23.223,23.223
1963,6,20,22.698,22.698
1963,6,21,25.756,25.756
1963,6,22,28.052,28.052
1963,6,23,28.456,28.456
1963,6,24,28.709,28.709
1963,6,25,29.783,29.783
1963,6,26,31.722,31.722
1963,6,27,33.897,33.897
1963,6,28,31.314,31.314
1963,6,29,26.455,26.455
1963,6,30,30.537,30.537
1963,7,1,29.153,29.153
1963,7,2,27.385,27.385
1963,7,3,24.875,24.875
1963,7,4,27.381,27.381
1963,7,5,25.834,25.834
1963,7,6,26.979,26.979
1963,7,7,30.493,30.493
1963,7,8,32.67,32.67
1963,7,9,31.682,31.682
1963,7,10,29.969,29.969
1963,7,11,28.857,28.857
1963,7,12,28.787,28.787
1963,7,13,30.442,30.442
1963,7,14,30.92,30.92
1963,7,15,30.359,30.359
1963,7,16,32.199,32.199
1963,7,17,31.704,31.704
1963,7,18,32.652,32.652
1963,7,19,34.242,34.242
1963,7,20,35.259,35.259
1963,7,21,34.028,34.028
1963,7,22,36.737,36.737
1963,7,23,30.151,30.151
1963,7,24,33.264,33.264
1963,7,25,34.526,34.526
1963,7,26,36.173,36.173
1963,7,27,35.792,35.792
1963,7,28,37.165,37.165
1963,7,29,34.73,34.73
1963,7,30,32.023,32.023
1963,7,31,32.565,32.565
1963,8,1,31.673,31.673
1963,8,2,30.65,30.65
1963,8,3,29.548,29.548
1963,8,4,30.379,30.379
1963,8,5,29.385,29.385
1963,8,6,31.698,31.698
1963,8,7,35.279,35.279
1963,8,8,35.161,35.161
1963,8,9,36.272,36.272
1963,8,10,34.019,34.019
1963,8,11,27.114,27.114
1963,8,12,30.415,30.415
1963,8,13,33.328,33.328
1963,8,14,34.04,34.04
1963,8,15,33.747,33.747
1963,8,16,33.47,33.47
1963,8,17,31.814,31.814
1963,8,18,33.327,33.327
1963,8,19,34.688,34.688
1963,8,20,35.338,35.338
1963,8,21,32.354,32.354
1963,8,22,35.472,35.472
1963,8,23,34.721,34.721
1963,8,24,36.179,36.179
1963,8,25,36.705,36.705
1963,8,26,37.431,37.431
1963,8,27,38.552,38.552
1963,8,28,38.608,38.608
1963,8,29,38.363,38.363
1963,8,30,38.723,38.723
1963,8,31,38.813,38.813
1963,9,1,37.329,37.329
1963,9,2,35.134,35.134
1963,9,3,34.442,34.442
1963,9,4,33.492,33.492
1963,9,5,26.086,26.086
1963,9,6,24.921,24.921
1963,9,7,23.434,23.434
1963,9,8,23.551,23.551
1963,9,9,25.364,25.364
1963,9,10,25.437,25.437
1963,9,11,24.109,24.109
1963,9,12,24.399,24.399
1963,9,13,24.592,24.592
1963,9,14,24.433,24.433
1963,9,15,28.175,28.175
1963,9,16,31.607,31.607
1963,9,17,31.219,31.219
1963,9,18,28.553,28.553
1963,9,19,28.857,28.857
1963,9,20,29.489,29.489
1963,9,21,31.26,31.26
1963,9,22,34.471,34.471
1963,9,23,36.393,36.393
1963,9,24,35.859,35.859
1963,9,25,34.003,34.003
1963,9,26,33.875,33.875
1963,9,27,35.458,35.458
1963,9,28,35.94,35.94
1963,9,29,35.542,35.542
1963,9,30,35.491,35.491
1963,10,1,33.066,33.066
1963,10,2,30.579,30.579
1963,10,3,30.484,30.484
1963,10,4,30.166,30.166
1963,10,5,30.779,30.779
1963,10,6,28.731,28.731
1963,10,7,27.62,27.62
1963,10,8,26.087,26.087
1963,10,9,27.083,27.083
1963,10,10,28.724,28.724
1963,10,11,30.239,30.239
1963,10,12,32.505,32.505
1963,10,13,31.901,31.901
1963,10,14,32.228,32.228
1963,10,15,31.592,31.592
1963,10,16,33.876,33.876
1963,10,17,31.963,31.963
1963,10,18,27.121,27.121
1963,10,19,28.708,28.708
1963,10,20,28.515,28.515
1963,10,21,24.364,24.364
1963,10,22,21.298,21.298
1963,10,23,20.261,20.261
1963,10,24,21.69,21.69
1963,10,25,25.179,25.179
1963,10,26,25.815,25.815
1963,10,27,24.066,24.066
1963,10,28,23.561,23.561
1963,10,29,26.665,26.665
1963,10,30,28.342,28.342
1963,10,31,29.783,29.783
1963,11,1,29.906,29.906
1963,11,2,30.552,30.552
1963,11,3,30.747,30.747
1963,11,4,29.35,29.35
1963,11,5,26.359,26.359
1963,11,6,20.847,20.847
1963,11,7,15.741,15.741
1963,11,8,12.373,12.373
1963,11,9,12.662,12.662
1963,11,10,13.057,13.057
1963,11,11,14.858,14.858
1963,11,12,14.574,14.574
1963,11,13,15.571,15.571
1963,11,14,11.769,11.769
1963,11,15,12.422,12.422
1963,11,16,13.256,13.256
1963,11,17,17.891,17.891
1963,11,18,23.272,23.272
1963,11,19,20.709,20.709
1963,11,20,21.549,21.549
1963,11,21,21.431,21.431
1963,11,22,20.432,20.432
1963,11,23,20.904,20.904
1963,11,24,20.926,20.926
1963,11,25,16.172,16.172
1963,11,26,12.523,12.523
1963,11,27,14.779,14.779
1963,11,28,17.112,17.112
1963,11,29,20.735,20.735
1963,11,30,21.14,21.14
1963,12,1,20.716,20.716
1963,12,2,20.915,20.915
1963,12,3,22.125,22.125
1963,12,4,19.372,19.372
1963,12,5,18.947,18.947
1963,12,6,18.258,18.258
1963,12,7,17.357,17.357
1963,12,8,18.476,18.476
1963,12,9,16.446,16.446
1963,12,10,14.751,14.751
1963,12,11,17.065,17.065
1963,12,12,9.259,9.259
1963,12,13,14.718,14.718
1963,12,14,13.904,13.904
1963,12,15,12.554,12.554
1963,12,16,13.286,13.286
1963,12,17,11.355,11.355
1963,12,18,12.839,12.839
1963,12,19,10.638,10.638
1963,12,20,9.955,9.955
1963,12,21,10.491,10.491
1963,12,22,11.273,11.273
1963,12,23,12.24,12.24
1963,12,24,14.739,14.739
1963,12,25,14.198,14.198
1963,12,26,12.481,12.481
1963,12,27,7.16,7.16
1963,12,28,11.644,11.644
1963,12,29,10.54,10.54
1963,12,30,7.55,7.55
1963,12,31,6.112,6.112
1964,1,1,5.179,5.179
1964,1,2,9.277,9.277
1964,1,3,10.796,10.796
1964,1,4,10.985,10.985
1964,1,5,9.379,9.379
1964,1,6,12.267,12.267
1964,1,7,14.171,14.171
1964,1,8,11.923,11.923
1964,1,9,11.446,11.446
1964,1,10,10.149,10.149
1964,1,11,9.694,9.694
1964,1,12,7.87,7.87
1964,1,13,7.119,7.119
1964,1,14,6.889,6.889
1964,1,15,8.331,8.331
1964,1,16,13.187,13.187
1964,1,17,13.587,13.587
1964,1,18,12.562,12.562
1964,1,19,15.885,15.885
1964,1,20,11.648,11.648
1964,1,21,11.973,11.973
1964,1,22,13.142,13.142
1964,1,23,12.89,12.89
1964,1,24,9.576,9.576
1964,1,25,7.087,7.087
1964,1,26,8.904,8.904
1964,1,27,10.093,10.093
1964,1,28,12.12,12.12
1964,1,29,10.2,10.2
1964,1,30,10.973,10.973
1964,1,31,13.692,13.692
1964,2,1,11.851,11.851
1964,2,2,11.401,11.401
1964,2,3,12.706,12.706
1964,2,4,12.153,12.153
1964,2,5,14.088,14.088
1964,2,6,13.07,13.07
1964,2,7,16.694,16.694
1964,2,8,15.977,15.977
1964,2,9,12.177,12.177
1964,2,10,16.307,16.307
1964,2,11,13.771,13.771
1964,2,12,9.694,9.694
1964,2,13,10.769,10.769
1964,2,14,14.443,14.443
1964,2,15,15.805,15.805
1964,2,16,15.836,15.836
1964,2,17,16.623,16.623
1964,2,18,18.342,18.342
1964,2,19,21.683,21.683
1964,2,20,20.057,20.057
1964,2,21,18.44,18.44
1964,2,22,19.376,19.376
1964,2,23,19.565,19.565
1964,2,24,18.809,18.809
1964,2,25,19.153,19.153
1964,2,26,19.681,19.681
1964,2,27,22.499,22.499
1964,2,28,23.865,23.865
1964,2,29,20.581,20.581
1964,3,1,14.71,14.71
1964,3,2,11.02,11.02
1964,3,3,12.938,12.938
1964,3,4,12.36,12.36
1964,3,5,12.222,12.222
1964,3,6,12.054,12.054
1964,3,7,9.834,9.834
1964,3,8,10.224,10.224
1964,3,9,11.24,11.24
1964,3,10,9.608,9.608
1964,3,11,11.023,11.023
1964,3,12,15.212,15.212
1964,3,13,18.177,18.177
1964,3,14,14.613,14.613
1964,3,15,11.888,11.888
1964,3,16,12.713,12.713
1964,3,17,9.08,9.08
1964,3,18,10.327,10.327
1964,3,19,15.087,15.087
1964,3,20,21.043,21.043
1964,3,21,24.32,24.32
1964,3,22,24.399,24.399
1964,3,23,24.545,24.545
1964,3,24,24.275,24.275
1964,3,25,16.874,16.874
1964,3,26,8.23,8.23
1964,3,27,10.478,10.478
1964,3,28,13.775,13.775
1964,3,29,13.048,13.048
1964,3,30,14.366,14.366
1964,3,31,14.852,14.852
1964,4,1,15.97,15.97
1964,4,2,18.675,18.675
1964,4,3,24.248,24.248
1964,4,4,24.208,24.208
1964,4,5,28.805,28.805
1964,4,6,29.445,29.445
1964,4,7,25.23,25.23
1964,4,8,23.062,23.062
1964,4,9,19.637,19.637
1964,4,10,20.866,20.866
1964,4,11,22.709,22.709
1964,4,12,19.983,19.983
1964,4,13,16.886,16.886
1964,4,14,16.434,16.434
1964,4,15,20.349,20.349
1964,4,16,26.567,26.567
1964,4,17,29.243,29.243
1964,4,18,24.644,24.644
1964,4,19,21.331,21.331
1964,4,20,20.978,20.978
1964,4,21,24.875,24.875
1964,4,22,25.363,25.363
1964,4,23,22.239,22.239
1964,4,24,20.538,20.538
1964,4,25,20.998,20.998
1964,4,26,23.557,23.557
1964,4,27,26.945,26.945
1964,4,28,25.315,25.315
1964,4,29,21.932,21.932
1964,4,30,19.592,19.592
1964,5,1,20.325,20.325
1964,5,2,21.75,21.75
1964,5,3,22.368,22.368
1964,5,4,21.342,21.342
1964,5,5,19.67,19.67
1964,5,6,14.01,14.01
1964,5,7,14.061,14.061
1964,5,8,17.796,17.796
1964,5,9,14.452,14.452
1964,5,10,18.133,18.133
1964,5,11,22.994,22.994
1964,5,12,26.313,26.313
1964,5,13,28.428,28.428
1964,5,14,31.956,31.956
1964,5,15,32.066,32.066
1964,5,16,31.849,31.849
1964,5,17,28.566,28.566
1964,5,18,20.255,20.255
1964,5,19,13.959,13.959
1964,5,20,16.088,16.088
1964,5,21,21.18,21.18
1964,5,22,23.733,23.733
1964,5,23,25.807,25.807
1964,5,24,22.545,22.545
1964,5,25,23.564,23.564
1964,5,26,25.992,25.992
1964,5,27,25.779,25.779
1964,5,28,24.389,24.389
1964,5,29,25.318,25.318
1964,5,30,26.011,26.011
1964,5,31,28.461,28.461
1964,6,1,29.916,29.916
1964,6,2,30.778,30.778
1964,6,3,31.768,31.768
1964,6,4,32.819,32.819
1964,6,5,28.551,28.551
1964,6,6,29.097,29.097
1964,6,7,31.526,31.526
1964,6,8,34.133,34.133
1964,6,9,34.529,34.529
1964,6,10,33.673,33.673
1964,6,11,33.58,33.58
1964,6,12,34.194,34.194
1964,6,13,34.991,34.991
1964,6,14,33.896,33.896
1964,6,15,31.597,31.597
1964,6,16,33.105,33.105
1964,6,17,32.415,32.415
1964,6,18,31.517,31.517
1964,6,19,31.258,31.258
1964,6,20,30.952,30.952
1964,6,21,28.283,28.283
1964,6,22,28.194,28.194
1964,6,23,27.6,27.6
1964,6,24,27.286,27.286
1964,6,25,29.055,29.055
1964,6,26,29.362,29.362
1964,6,27,29.697,29.697
1964,6,28,33.563,33.563
1964,6,29,35.628,35.628
1964,6,30,35.794,35.794
1964,7,1,38.314,38.314
1964,7,2,37.913,37.913
1964,7,3,37.21,37.21
1964,7,4,36.906,36.906
1964,7,5,36.779,36.779
1964,7,6,35.727,35.727
1964,7,7,36.205,36.205
1964,7,8,34.002,34.002
1964,7,9,32.792,32.792
1964,7,10,34.495,34.495
1964,7,11,34.741,34.741
1964,7,12,35.444,35.444
1964,7,13,35.452,35.452
1964,7,14,36.221,36.221
1964,7,15,34.226,34.226
1964,7,16,31.219,31.219
1964,7,17,30.505,30.505
1964,7,18,32.622,32.622
1964,7,19,38.694,38.694
1964,7,20,39.141,39.141
1964,7,21,39.434,39.434
1964,7,22,40.038,40.038
1964,7,23,40.209,40.209
1964,7,24,39.695,39.695
1964,7,25,37.157,37.157
1964,7,26,35.826,35.826
1964,7,27,36.156,36.156
1964,7,28,39.432,39.432
1964,7,29,38.564,38.564
1964,7,30,37.787,37.787
1964,7,31,38.066,38.066
1964,8,1,39.838,39.838
1964,8,2,41.146,41.146
1964,8,3,41.842,41.842
1964,8,4,40.011,40.011
1964,8,5,36.61,36.61
1964,8,6,35.66,35.66
1964,8,7,38.194,38.194
1964,8,8,36.856,36.856
1964,8,9,38.968,38.968
1964,8,10,37.04,37.04
1964,8,11,38.486,38.486
1964,8,12,37.662,37.662
1964,8,13,38.104,38.104
1964,8,14,35.882,35.882
1964,8,15,36.709,36.709
1964,8,16,36.442,36.442
1964,8,17,35.565,35.565
1964,8,18,34.028,34.028
1964,8,19,27.72,27.72
1964,8,20,26.794,26.794
1964,8,21,28.417,28.417
1964,8,22,30.033,30.033
1964,8,23,31.572,31.572
1964,8,24,33.51,33.51
1964,8,25,34.362,34.362
1964,8,26,33.725,33.725
1964,8,27,37.7,37.7
1964,8,28,38.5,38.5
1964,8,29,36.802,36.802
1964,8,30,33.27,33.27
1964,8,31,32.794,32.794
1964,9,1,30.78,30.78
1964,9,2,28.319,28.319
1964,9,3,28.303,28.303
1964,9,4,32.563,32.563
1964,9,5,33.149,33.149
1964,9,6,33.037,33.037
1964,9,7,32.065,32.065
1964,9,8,33.035,33.035
1964,9,9,27.924,27.924
1964,9,10,27.889,27.889
1964,9,11,27.541,27.541
1964,9,12,32.096,32.096
1964,9,13,29.87,29.87
1964,9,14,30.802,30.802
1964,9,15,28.6,28.6
1964,9,16,30.35,30.35
1964,9,17,28.251,28.251
1964,9,18,26.088,26.088
1964,9,19,27.748,27.748
1964,9,20,27.879,27.879
1964,9,21,24.608,24.608
1964,9,22,23.739,23.739
1964,9,23,20.734,20.734
1964,9,24,20.731,20.731
1964,9,25,20.36,20.36
1964,9,26,20.054,20.054
1964,9,27,21.254,21.254
1964,9,28,20.873,20.873
1964,9,29,19.636,19.636
1964,9,30,15.513,15.513
1964,10,1,13.922,13.922
1964,10,2,19.981,19.981
1964,10,3,22.373,22.373
1964,10,4,22.554,22.554
1964,10,5,23.484,23.484
1964,10,6,28.079,28.079
1964,10,7,30.383,30.383
1964,10,8,31.638,31.638
1964,10,9,29.733,29.733
1964,10,10,29.127,29.127
1964,10,11,26.743,26.743
1964,10,12,28.916,28.916
1964,10,13,28.588,28.588
1964,10,14,29.135,29.135
1964,10,15,26.596,26.596
1964,10,16,27.164,27.164
1964,10,17,23.938,23.938
1964,10,18,19.29,19.29
1964,10,19,21.846,21.846
1964,10,20,22.588,22.588
1964,10,21,24.598,24.598
1964,10,22,25.552,25.552
1964,10,23,23.65,23.65
1964,10,24,22.576,22.576
1964,10,25,20.471,20.471
1964,10,26,20.623,20.623
1964,10,27,19.425,19.425
1964,10,28,20.998,20.998
1964,10,29,19.758,19.758
1964,10,30,16.231,16.231
1964,10,31,14.773,14.773
1964,11,1,16.052,16.052
1964,11,2,17.399,17.399
1964,11,3,18.77,18.77
1964,11,4,16.658,16.658
1964,11,5,18.351,18.351
1964,11,6,19.477,19.477
1964,11,7,19.202,19.202
1964,11,8,17.697,17.697
1964,11,9,17.753,17.753
1964,11,10,16.376,16.376
1964,11,11,16.694,16.694
1964,11,12,16.039,16.039
1964,11,13,13.828,13.828
1964,11,14,16.284,16.284
1964,11,15,17.133,17.133
1964,11,16,14.353,14.353
1964,11,17,16.764,16.764
1964,11,18,14.895,14.895
1964,11,19,15.959,15.959
1964,11,20,15.616,15.616
1964,11,21,11.999,11.999
1964,11,22,14.319,14.319
1964,11,23,19.371,19.371
1964,11,24,20.338,20.338
1964,11,25,16.976,16.976
1964,11,26,16.696,16.696
1964,11,27,14.364,14.364
1964,11,28,15.131,15.131
1964,11,29,12.364,12.364
1964,11,30,11.31,11.31
1964,12,1,15.713,15.713
1964,12,2,17.647,17.647
1964,12,3,16.91,16.91
1964,12,4,16.268,16.268
1964,12,5,15.489,15.489
1964,12,6,18.37,18.37
1964,12,7,14.911,14.911
1964,12,8,15.544,15.544
1964,12,9,13.247,13.247
1964,12,10,10.12,10.12
1964,12,11,12.86,12.86
1964,12,12,15.065,15.065
1964,12,13,11.998,11.998
1964,12,14,11.466,11.466
1964,12,15,14.646,14.646
1964,12,16,12.687,12.687
1964,12,17,12.441,12.441
1964,12,18,11.87,11.87
1964,12,19,12.38,12.38
1964,12,20,10.047,10.047
1964,12,21,8.204,8.204
1964,12,22,9.208,9.208
1964,12,23,9.098,9.098
1964,12,24,9.842,9.842
1964,12,25,11.647,11.647
1964,12,26,15.912,15.912
1964,12,27,15.663,15.663
1964,12,28,14.395,14.395
1964,12,29,14.384,14.384
1964,12,30,13.269,13.269
1964,12,31,14.996,14.996
1965,1,1,11.222,11.222
1965,1,2,9.162,9.162
1965,1,3,11.245,11.245
1965,1,4,13.771,13.771
1965,1,5,13.568,13.568
1965,1,6,11.181,11.181
1965,1,7,9.388,9.388
1965,1,8,10.749,10.749
1965,1,9,11.518,11.518
1965,1,10,11.585,11.585
1965,1,11,11.54,11.54
1965,1,12,12.066,12.066
1965,1,13,12.791,12.791
1965,1,14,14.797,14.797
1965,1,15,12.326,12.326
1965,1,16,14.915,14.915
1965,1,17,16.385,16.385
1965,1,18,15.103,15.103
1965,1,19,11.02,11.02
1965,1,20,12.486,12.486
1965,1,21,14.201,14.201
1965,1,22,10.281,10.281
1965,1,23,9.111,9.111
1965,1,24,9.643,9.643
1965,1,25,10.97,10.97
1965,1,26,13.987,13.987
1965,1,27,16.989,16.989
1965,1,28,13.799,13.799
1965,1,29,14.724,14.724
1965,1,30,16.761,16.761
1965,1,31,18.939,18.939
1965,2,1,17.845,17.845
1965,2,2,15.153,15.153
1965,2,3,16.644,16.644
1965,2,4,18.657,18.657
1965,2,5,18.445,18.445
1965,2,6,15.939,15.939
1965,2,7,11.653,11.653
1965,2,8,11.637,11.637
1965,2,9,10.112,10.112
1965,2,10,9.741,9.741
1965,2,11,8.901,8.901
1965,2,12,10.925,10.925
1965,2,13,11.808,11.808
1965,2,14,13.729,13.729
1965,2,15,11.219,11.219
1965,2,16,9.839,9.839
1965,2,17,10.535,10.535
1965,2,18,8.184,8.184
1965,2,19,14.223,14.223
1965,2,20,13.111,13.111
1965,2,21,11.449,11.449
1965,2,22,10.936,10.936
1965,2,23,11.296,11.296
1965,2,24,12.858,12.858
1965,2,25,13.018,13.018
1965,2,26,12.688,12.688
1965,2,27,15.382,15.382
1965,2,28,16.233,16.233
1965,3,1,12.208,12.208
1965,3,2,14.294,14.294
1965,3,3,14.617,14.617
1965,3,4,11.876,11.876
1965,3,5,11.364,11.364
1965,3,6,14.907,14.907
1965,3,7,17.363,17.363
1965,3,8,16.536,16.536
1965,3,9,18.541,18.541
1965,3,10,20.244,20.244
1965,3,11,19.546,19.546
1965,3,12,20.477,20.477
1965,3,13,20.738,20.738
1965,3,14,22.095,22.095
1965,3,15,19.601,19.601
1965,3,16,16.617,16.617
1965,3,17,12.605,12.605
1965,3,18,12.063,12.063
1965,3,19,12.476,12.476
1965,3,20,13.73,13.73
1965,3,21,19.025,19.025
1965,3,22,20.368,20.368
1965,3,23,14.853,14.853
1965,3,24,16.672,16.672
1965,3,25,14.777,14.777
1965,3,26,14.716,14.716
1965,3,27,13.382,13.382
1965,3,28,14.024,14.024
1965,3,29,17.913,17.913
1965,3,30,21.713,21.713
1965,3,31,19.041,19.041
1965,4,1,19.676,19.676
1965,4,2,18.31,18.31
1965,4,3,11.7,11.7
1965,4,4,14.04,14.04
1965,4,5,17.382,17.382
1965,4,6,20.661,20.661
1965,4,7,21.907,21.907
1965,4,8,22.763,22.763
1965,4,9,26.995,26.995
1965,4,10,29.172,29.172
1965,4,11,28.072,28.072
1965,4,12,27.837,27.837
1965,4,13,25.544,25.544
1965,4,14,26.609,26.609
1965,4,15,25.052,25.052
1965,4,16,25.348,25.348
1965,4,17,23.782,23.782
1965,4,18,23.02,23.02
1965,4,19,22.885,22.885
1965,4,20,19.94,19.94
1965,4,21,16.335,16.335
1965,4,22,15.492,15.492
1965,4,23,14.227,14.227
1965,4,24,12.596,12.596
1965,4,25,14.363,14.363
1965,4,26,23.083,23.083
1965,4,27,24.673,24.673
1965,4,28,23.592,23.592
1965,4,29,25.131,25.131
1965,4,30,23.391,23.391
1965,5,1,20.768,20.768
1965,5,2,12.921,12.921
1965,5,3,16.0,16.0
1965,5,4,19.369,19.369
1965,5,5,20.881,20.881
1965,5,6,16.421,16.421
1965,5,7,15.859,15.859
1965,5,8,15.888,15.888
1965,5,9,16.828,16.828
1965,5,10,15.995,15.995
1965,5,11,17.925,17.925
1965,5,12,15.318,15.318
1965,5,13,20.117,20.117
1965,5,14,21.339,21.339
1965,5,15,19.735,19.735
1965,5,16,21.054,21.054
1965,5,17,26.789,26.789
1965,5,18,27.228,27.228
1965,5,19,28.338,28.338
1965,5,20,29.271,29.271
1965,5,21,26.857,26.857
1965,5,22,23.077,23.077
1965,5,23,23.863,23.863
1965,5,24,23.964,23.964
1965,5,25,23.028,23.028
1965,5,26,22.174,22.174
1965,5,27,22.233,22.233
1965,5,28,26.871,26.871
1965,5,29,27.623,27.623
1965,5,30,24.858,24.858
1965,5,31,23.17,23.17
1965,6,1,25.851,25.851
1965,6,2,23.856,23.856
1965,6,3,25.136,25.136
1965,6,4,22.161,22.161
1965,6,5,20.727,20.727
1965,6,6,22.204,22.204
1965,6,7,23.291,23.291
1965,6,8,23.148,23.148
1965,6,9,21.04,21.04
1965,6,10,20.521,20.521
1965,6,11,20.456,20.456
1965,6,12,19.749,19.749
1965,6,13,16.04,16.04
1965,6,14,17.064,17.064
1965,6,15,18.62,18.62
1965,6,16,22.479,22.479
1965,6,17,27.434,27.434
1965,6,18,31.044,31.044
1965,6,19,31.155,31.155
1965,6,20,32.588,32.588
1965,6,21,32.23,32.23
1965,6,22,32.053,32.053
1965,6,23,29.707,29.707
1965,6,24,28.844,28.844
1965,6,25,30.282,30.282
1965,6,26,32.56,32.56
1965,6,27,33.115,33.115
1965,6,28,31.193,31.193
1965,6,29,30.169,30.169
1965,6,30,27.634,27.634
1965,7,1,26.069,26.069
1965,7,2,28.578,28.578
1965,7,3,32.155,32.155
1965,7,4,33.79,33.79
1965,7,5,34.137,34.137
1965,7,6,37.517,37.517
1965,7,7,37.298,37.298
1965,7,8,38.033,38.033
1965,7,9,38.319,38.319
1965,7,10,38.312,38.312
1965,7,11,37.022,37.022
1965,7,12,37.13,37.13
1965,7,13,36.275,36.275
1965,7,14,35.994,35.994
1965,7,15,35.709,35.709
1965,7,16,37.139,37.139
1965,7,17,38.693,38.693
1965,7,18,38.339,38.339
1965,7,19,39.278,39.278
1965,7,20,38.446,38.446
1965,7,21,36.849,36.849
1965,7,22,35.416,35.416
1965,7,23,32.369,32.369
1965,7,24,29.261,29.261
1965,7,25,29.049,29.049
1965,7,26,28.55,28.55
1965,7,27,27.381,27.381
1965,7,28,26.303,26.303
1965,7,29,28.425,28.425
1965,7,30,32.451,32.451
1965,7,31,33.426,33.426
1965,8,1,36.124,36.124
1965,8,2,38.881,38.881
1965,8,3,39.514,39.514
1965,8,4,38.774,38.774
1965,8,5,39.536,39.536
1965,8,6,38.731,38.731
1965,8,7,35.827,35.827
1965,8,8,33.847,33.847
1965,8,9,31.415,31.415
1965,8,10,32.202,32.202
1965,8,11,32.587,32.587
1965,8,12,32.467,32.467
1965,8,13,34.2,34.2
1965,8,14,32.152,32.152
1965,8,15,27.137,27.137
1965,8,16,25.675,25.675
1965,8,17,26.397,26.397
1965,8,18,28.171,28.171
1965,8,19,25.801,25.801
1965,8,20,26.996,26.996
1965,8,21,27.523,27.523
1965,8,22,27.312,27.312
1965,8,23,28.203,28.203
1965,8,24,33.119,33.119
1965,8,25,34.38,34.38
1965,8,26,34.231,34.231
1965,8,27,32.784,32.784
1965,8,28,36.456,36.456
1965,8,29,39.019,39.019
1965,8,30,39.411,39.411
1965,8,31,37.347,37.347
1965,9,1,32.296,32.296
1965,9,2,30.684,30.684
1965,9,3,35.093,35.093
1965,9,4,36.496,36.496
1965,9,5,35.595,35.595
1965,9,6,37.277,37.277
1965,9,7,32.299,32.299
1965,9,8,29.194,29.194
1965,9,9,32.895,32.895
1965,9,10,30.886,30.886
1965,9,11,36.333,36.333
1965,9,12,35.313,35.313
1965,9,13,35.831,35.831
1965,9,14,33.772,33.772
1965,9,15,32.999,32.999
1965,9,16,30.173,30.173
1965,9,17,32.412,32.412
1965,9,18,33.343,33.343
1965,9,19,31.45,31.45
1965,9,20,24.964,24.964
1965,9,21,27.675,27.675
1965,9,22,27.54,27.54
1965,9,23,25.439,25.439
1965,9,24,25.142,25.142
1965,9,25,31.155,31.155
1965,9,26,32.621,32.621
1965,9,27,34.641,34.641
1965,9,28,28.059,28.059
1965,9,29,22.386,22.386
1965,9,30,24.807,24.807
1965,10,1,26.44,26.44
1965,10,2,29.769,29.769
1965,10,3,33.157,33.157
1965,10,4,26.968,26.968
1965,10,5,26.045,26.045
1965,10,6,28.406,28.406
1965,10,7,29.436,29.436
1965,10,8,28.373,28.373
1965,10,9,23.01,23.01
1965,10,10,21.026,21.026
1965,10,11,19.8,19.8
1965,10,12,21.611,21.611
1965,10,13,23.456,23.456
1965,10,14,26.53,26.53
1965,10,15,28.867,28.867
1965,10,16,31.462,31.462
1965,10,17,32.056,32.056
1965,10,18,30.735,30.735
1965,10,19,30.273,30.273
1965,10,20,29.391,29.391
1965,10,21,29.265,29.265
1965,10,22,31.827,31.827
1965,10,23,31.374,31.374
1965,10,24,31.673,31.673
1965,10,25,32.662,32.662
1965,10,26,31.719,31.719
1965,10,27,29.855,29.855
1965,10,28,28.516,28.516
1965,10,29,26.497,26.497
1965,10,30,25.798,25.798
1965,10,31,25.584,25.584
1965,11,1,26.481,26.481
1965,11,2,26.407,26.407
1965,11,3,26.707,26.707
1965,11,4,25.227,25.227
1965,11,5,24.6,24.6
1965,11,6,25.981,25.981
1965,11,7,23.84,23.84
1965,11,8,22.737,22.737
1965,11,9,22.538,22.538
1965,11,10,19.082,19.082
1965,11,11,15.767,15.767
1965,11,12,14.297,14.297
1965,11,13,14.882,14.882
1965,11,14,9.64,9.64
1965,11,15,9.239,9.239
1965,11,16,9.195,9.195
1965,11,17,10.696,10.696
1965,11,18,13.095,13.095
1965,11,19,13.697,13.697
1965,11,20,13.899,13.899
1965,11,21,12.455,12.455
1965,11,22,10.688,10.688
1965,11,23,13.499,13.499
1965,11,24,12.587,12.587
1965,11,25,12.747,12.747
1965,11,26,12.342,12.342
1965,11,27,14.67,14.67
1965,11,28,17.107,17.107
1965,11,29,14.901,14.901
1965,11,30,15.424,15.424
1965,12,1,12.563,12.563
1965,12,2,13.663,13.663
1965,12,3,12.963,12.963
1965,12,4,12.316,12.316
1965,12,5,13.069,13.069
1965,12,6,12.452,12.452
1965,12,7,11.315,11.315
1965,12,8,10.975,10.975
1965,12,9,8.256,8.256
1965,12,10,6.574,6.574
1965,12,11,5.793,5.793
1965,12,12,5.449,5.449
1965,12,13,5.736,5.736
1965,12,14,7.353,7.353
1965,12,15,5.169,5.169
1965,12,16,9.072,9.072
1965,12,17,9.816,9.816
1965,12,18,11.619,11.619
1965,12,19,12.798,12.798
1965,12,20,10.99,10.99
1965,12,21,5.976,5.976
1965,12,22,5.103,5.103
1965,12,23,5.675,5.675
1965,12,24,5.586,5.586
1965,12,25,11.169,11.169
1965,12,26,8.221,8.221
1965,12,27,9.938,9.938
1965,12,28,11.961,11.961
1965,12,29,12.348,12.348
1965,12,30,9.511,9.511
1965,12,31,9.63,9.63
1966,1,1,10.126,10.126
1966,1,2,9.836,9.836
1966,1,3,8.724,8.724
1966,1,4,5.797,5.797
1966,1,5,7.644,7.644
1966,1,6,7.36,7.36
1966,1,7,8.146,8.146
1966,1,8,7.057,7.057
1966,1,9,7.594,7.594
1966,1,10,9.017,9.017
1966,1,11,11.347,11.347
1966,1,12,13.715,13.715
1966,1,13,13.621,13.621
1966,1,14,15.615,15.615
1966,1,15,15.426,15.426
1966,1,16,13.539,13.539
1966,1,17,11.623,11.623
1966,1,18,12.869,12.869
1966,1,19,12.143,12.143
1966,1,20,11.926,11.926
1966,1,21,14.359,14.359
1966,1,22,15.849,15.849
1966,1,23,14.969,14.969
1966,1,24,12.737,12.737
1966,1,25,12.756,12.756
1966,1,26,9.609,9.609
1966,1,27,13.878,13.878
1966,1,28,10.202,10.202
1966,1,29,13.235,13.235
1966,1,30,13.195,13.195
1966,1,31,11.919,11.919
1966,2,1,14.013,14.013
1966,2,2,14.411,14.411
1966,2,3,17.919,17.919
1966,2,4,19.788,19.788
1966,2,5,18.495,18.495
1966,2,6,20.014,20.014
1966,2,7,19.64,19.64
1966,2,8,18.935,18.935
1966,2,9,21.647,21.647
1966,2,10,19.39,19.39
1966,2,11,15.478,15.478
1966,2,12,17.552,17.552
1966,2,13,16.756,16.756
1966,2,14,13.96,13.96
1966,2,15,15.219,15.219
1966,2,16,18.196,18.196
1966,2,17,15.021,15.021
1966,2,18,14.273,14.273
1966,2,19,9.335,9.335
1966,2,20,12.201,12.201
1966,2,21,13.368,13.368
1966,2,22,15.152,15.152
1966,2,23,19.03,19.03
1966,2,24,20.587,20.587
1966,2,25,21.342,21.342
1966,2,26,22.17,22.17
1966,2,27,22.415,22.415
1966,2,28,20.28,20.28
1966,3,1,15.776,15.776
1966,3,2,15.821,15.821
1966,3,3,18.083,18.083
1966,3,4,18.18,18.18
1966,3,5,12.358,12.358
1966,3,6,12.462,12.462
1966,3,7,11.358,11.358
1966,3,8,12.81,12.81
1966,3,9,10.312,10.312
1966,3,10,12.888,12.888
1966,3,11,12.398,12.398
1966,3,12,11.281,11.281
1966,3,13,9.877,9.877
1966,3,14,12.726,12.726
1966,3,15,13.779,13.779
1966,3,16,16.212,16.212
1966,3,17,16.736,16.736
1966,3,18,16.543,16.543
1966,3,19,15.772,15.772
1966,3,20,13.885,13.885
1966,3,21,12.766,12.766
1966,3,22,11.72,11.72
1966,3,23,13.105,13.105
1966,3,24,15.871,15.871
1966,3,25,14.382,14.382
1966,3,26,14.968,14.968
1966,3,27,10.172,10.172
1966,3,28,11.739,11.739
1966,3,29,18.771,18.771
1966,3,30,25.835,25.835
1966,3,31,24.805,24.805
1966,4,1,27.849,27.849
1966,4,2,27.291,27.291
1966,4,3,25.322,25.322
1966,4,4,18.723,18.723
1966,4,5,12.977,12.977
1966,4,6,14.402,14.402
1966,4,7,16.298,16.298
1966,4,8,16.884,16.884
1966,4,9,17.406,17.406
1966,4,10,20.18,20.18
1966,4,11,20.173,20.173
1966,4,12,18.686,18.686
1966,4,13,14.456,14.456
1966,4,14,18.627,18.627
1966,4,15,16.475,16.475
1966,4,16,17.988,17.988
1966,4,17,16.106,16.106
1966,4,18,12.93,12.93
1966,4,19,17.436,17.436
1966,4,20,16.039,16.039
1966,4,21,12.484,12.484
1966,4,22,13.294,13.294
1966,4,23,20.436,20.436
1966,4,24,15.986,15.986
1966,4,25,18.773,18.773
1966,4,26,23.089,23.089
1966,4,27,25.599,25.599
1966,4,28,28.729,28.729
1966,4,29,27.682,27.682
1966,4,30,27.881,27.881
1966,5,1,21.315,21.315
1966,5,2,19.791,19.791
1966,5,3,21.143,21.143
1966,5,4,23.431,23.431
1966,5,5,26.697,26.697
1966,5,6,24.926,24.926
1966,5,7,23.046,23.046
1966,5,8,26.868,26.868
1966,5,9,28.313,28.313
1966,5,10,21.996,21.996
1966,5,11,15.665,15.665
1966,5,12,16.889,16.889
1966,5,13,16.137,16.137
1966,5,14,16.916,16.916
1966,5,15,15.791,15.791
1966,5,16,14.383,14.383
1966,5,17,21.578,21.578
1966,5,18,27.304,27.304
1966,5,19,28.023,28.023
1966,5,20,26.706,26.706
1966,5,21,23.579,23.579
1966,5,22,22.707,22.707
1966,5,23,24.582,24.582
1966,5,24,23.99,23.99
1966,5,25,28.704,28.704
1966,5,26,28.075,28.075
1966,5,27,20.556,20.556
1966,5,28,17.99,17.99
1966,5,29,16.638,16.638
1966,5,30,21.501,21.501
1966,5,31,24.15,24.15
1966,6,1,27.412,27.412
1966,6,2,25.691,25.691
1966,6,3,22.936,22.936
1966,6,4,21.662,21.662
1966,6,5,19.984,19.984
1966,6,6,18.709,18.709
1966,6,7,21.675,21.675
1966,6,8,25.889,25.889
1966,6,9,27.073,27.073
1966,6,10,30.504,30.504
1966,6,11,29.82,29.82
1966,6,12,29.61,29.61
1966,6,13,31.546,31.546
1966,6,14,36.163,36.163
1966,6,15,36.672,36.672
1966,6,16,31.343,31.343
1966,6,17,27.085,27.085
1966,6,18,28.751,28.751
1966,6,19,32.313,32.313
1966,6,20,34.207,34.207
1966,6,21,34.662,34.662
1966,6,22,34.018,34.018
1966,6,23,33.972,33.972
1966,6,24,35.025,35.025
1966,6,25,35.784,35.784
1966,6,26,36.987,36.987
1966,6,27,36.715,36.715
1966,6,28,36.517,36.517
1966,6,29,36.235,36.235
1966,6,30,35.159,35.159
1966,7,1,30.754,30.754
1966,7,2,25.389,25.389
1966,7,3,22.362,22.362
1966,7,4,20.595,20.595
1966,7,5,20.785,20.785
1966,7,6,26.853,26.853
1966,7,7,31.637,31.637
1966,7,8,33.006,33.006
1966,7,9,33.986,33.986
1966,7,10,34.841,34.841
1966,7,11,31.41,31.41
1966,7,12,31.162,31.162
1966,7,13,31.946,31.946
1966,7,14,34.141,34.141
1966,7,15,37.279,37.279
1966,7,16,37.833,37.833
1966,7,17,39.334,39.334
1966,7,18,36.853,36.853
1966,7,19,36.856,36.856
1966,7,20,35.241,35.241
1966,7,21,32.861,32.861
1966,7,22,31.018,31.018
1966,7,23,30.27,30.27
1966,7,24,30.113,30.113
1966,7,25,30.349,30.349
1966,7,26,30.681,30.681
1966,7,27,33.169,33.169
1966,7,28,33.537,33.537
1966,7,29,33.858,33.858
1966,7,30,35.177,35.177
1966,7,31,31.944,31.944
1966,8,1,31.169,31.169
1966,8,2,29.893,29.893
1966,8,3,29.289,29.289
1966,8,4,30.913,30.913
1966,8,5,30.981,30.981
1966,8,6,30.799,30.799
1966,8,7,34.424,34.424
1966,8,8,38.614,38.614
1966,8,9,39.315,39.315
1966,8,10,37.948,37.948
1966,8,11,37.092,37.092
1966,8,12,37.03,37.03
1966,8,13,35.589,35.589
1966,8,14,32.987,32.987
1966,8,15,32.009,32.009
1966,8,16,30.762,30.762
1966,8,17,28.661,28.661
1966,8,18,28.623,28.623
1966,8,19,28.21,28.21
1966,8,20,32.408,32.408
1966,8,21,34.498,34.498
1966,8,22,34.887,34.887
1966,8,23,34.181,34.181
1966,8,24,35.125,35.125
1966,8,25,36.168,36.168
1966,8,26,33.879,33.879
1966,8,27,32.85,32.85
1966,8,28,28.696,28.696
1966,8,29,28.67,28.67
1966,8,30,32.198,32.198
1966,8,31,35.096,35.096
1966,9,1,34.898,34.898
1966,9,2,31.407,31.407
1966,9,3,25.483,25.483
1966,9,4,24.914,24.914
1966,9,5,25.551,25.551
1966,9,6,28.715,28.715
1966,9,7,29.88,29.88
1966,9,8,28.624,28.624
1966,9,9,25.993,25.993
1966,9,10,22.276,22.276
1966,9,11,22.717,22.717
1966,9,12,25.318,25.318
1966,9,13,22.969,22.969
1966,9,14,23.23,23.23
1966,9,15,23.421,23.421
1966,9,16,23.722,23.722
1966,9,17,24.371,24.371
1966,9,18,25.094,25.094
1966,9,19,28.54,28.54
1966,9,20,30.72,30.72
1966,9,21,34.327,34.327
1966,9,22,34.141,34.141
1966,9,23,32.787,32.787
1966,9,24,32.192,32.192
1966,9,25,33.013,33.013
1966,9,26,31.706,31.706
1966,9,27,28.927,28.927
1966,9,28,26.011,26.011
1966,9,29,24.61,24.61
1966,9,30,26.197,26.197
1966,10,1,25.11,25.11
1966,10,2,26.376,26.376
1966,10,3,26.464,26.464
1966,10,4,21.567,21.567
1966,10,5,19.167,19.167
1966,10,6,18.376,18.376
1966,10,7,20.96,20.96
1966,10,8,18.944,18.944
1966,10,9,12.087,12.087
1966,10,10,13.926,13.926
1966,10,11,19.026,19.026
1966,10,12,23.776,23.776
1966,10,13,19.924,19.924
1966,10,14,19.676,19.676
1966,10,15,20.179,20.179
1966,10,16,18.078,18.078
1966,10,17,18.365,18.365
1966,10,18,21.227,21.227
1966,10,19,26.156,26.156
1966,10,20,27.936,27.936
1966,10,21,22.185,22.185
1966,10,22,19.423,19.423
1966,10,23,20.055,20.055
1966,10,24,23.724,23.724
1966,10,25,26.788,26.788
1966,10,26,25.671,25.671
1966,10,27,25.921,25.921
1966,10,28,25.574,25.574
1966,10,29,22.431,22.431
1966,10,30,15.072,15.072
1966,10,31,11.193,11.193
1966,11,1,20.764,20.764
1966,11,2,19.49,19.49
1966,11,3,18.392,18.392
1966,11,4,14.924,14.924
1966,11,5,15.556,15.556
1966,11,6,20.449,20.449
1966,11,7,22.972,22.972
1966,11,8,23.668,23.668
1966,11,9,21.937,21.937
1966,11,10,22.077,22.077
1966,11,11,18.073,18.073
1966,11,12,15.722,15.722
1966,11,13,12.185,12.185
1966,11,14,11.33,11.33
1966,11,15,11.795,11.795
1966,11,16,13.809,13.809
1966,11,17,14.085,14.085
1966,11,18,16.244,16.244
1966,11,19,19.288,19.288
1966,11,20,21.166,21.166
1966,11,21,21.284,21.284
1966,11,22,21.089,21.089
1966,11,23,20.215,20.215
1966,11,24,15.077,15.077
1966,11,25,8.62,8.62
1966,11,26,8.127,8.127
1966,11,27,8.076,8.076
1966,11,28,8.12,8.12
1966,11,29,8.876,8.876
1966,11,30,14.971,14.971
1966,12,1,17.692,17.692
1966,12,2,18.244,18.244
1966,12,3,14.99,14.99
1966,12,4,13.087,13.087
1966,12,5,16.172,16.172
1966,12,6,18.405,18.405
1966,12,7,13.783,13.783
1966,12,8,12.757,12.757
1966,12,9,14.545,14.545
1966,12,10,11.489,11.489
1966,12,11,11.571,11.571
1966,12,12,10.536,10.536
1966,12,13,10.527,10.527
1966,12,14,7.412,7.412
1966,12,15,5.961,5.961
1966,12,16,7.223,7.223
1966,12,17,8.982,8.982
1966,12,18,5.838,5.838
1966,12,19,3.776,3.776
1966,12,20,8.047,8.047
1966,12,21,12.515,12.515
1966,12,22,12.516,12.516
1966,12,23,13.526,13.526
1966,12,24,11.855,11.855
1966,12,25,7.075,7.075
1966,12,26,5.59,5.59
1966,12,27,11.497,11.497
1966,12,28,10.969,10.969
1966,12,29,9.771,9.771
1966,12,30,6.304,6.304
1966,12,31,7.584,7.584
1967,1,1,6.397,6.397
1967,1,2,11.951,11.951
1967,1,3,11.55,11.55
1967,1,4,11.281,11.281
1967,1,5,10.756,10.756
1967,1,6,10.609,10.609
1967,1,7,11.243,11.243
1967,1,8,12.005,12.005
1967,1,9,11.428,11.428
1967,1,10,11.132,11.132
1967,1,11,13.782,13.782
1967,1,12,16.574,16.574
1967,1,13,15.362,15.362
1967,1,14,14.58,14.58
1967,1,15,13.353,13.353
1967,1,16,14.379,14.379
1967,1,17,15.366,15.366
1967,1,18,16.832,16.832
1967,1,19,16.917,16.917
1967,1,20,16.806,16.806
1967,1,21,17.139,17.139
1967,1,22,15.726,15.726
1967,1,23,14.596,14.596
1967,1,24,13.833,13.833
1967,1,25,15.804,15.804
1967,1,26,17.737,17.737
1967,1,27,18.003,18.003
1967,1,28,19.34,19.34
1967,1,29,18.595,18.595
1967,1,30,15.0,15.0
1967,1,31,20.819,20.819
1967,2,1,20.587,20.587
1967,2,2,16.545,16.545
1967,2,3,10.582,10.582
1967,2,4,12.294,12.294
1967,2,5,14.473,14.473
1967,2,6,15.477,15.477
1967,2,7,15.987,15.987
1967,2,8,15.075,15.075
1967,2,9,13.103,13.103
1967,2,10,14.783,14.783
1967,2,11,14.173,14.173
1967,2,12,11.684,11.684
1967,2,13,11.731,11.731
1967,2,14,14.326,14.326
1967,2,15,14.643,14.643
1967,2,16,12.995,12.995
1967,2,17,12.892,12.892
1967,2,18,16.527,16.527
1967,2,19,19.394,19.394
1967,2,20,21.296,21.296
1967,2,21,21.439,21.439
1967,2,22,16.907,16.907
1967,2,23,17.069,17.069
1967,2,24,19.828,19.828
1967,2,25,19.591,19.591
1967,2,26,19.094,19.094
1967,2,27,17.888,17.888
1967,2,28,15.689,15.689
1967,3,1,15.95,15.95
1967,3,2,18.774,18.774
1967,3,3,16.199,16.199
1967,3,4,13.318,13.318
1967,3,5,11.789,11.789
1967,3,6,12.622,12.622
1967,3,7,10.754,10.754
1967,3,8,14.895,14.895
1967,3,9,17.891,17.891
1967,3,10,14.613,14.613
1967,3,11,11.521,11.521
1967,3,12,10.635,10.635
1967,3,13,7.922,7.922
1967,3,14,12.03,12.03
1967,3,15,13.432,13.432
1967,3,16,14.565,14.565
1967,3,17,16.994,16.994
1967,3,18,17.405,17.405
1967,3,19,17.897,17.897
1967,3,20,15.899,15.899
1967,3,21,11.738,11.738
1967,3,22,11.055,11.055
1967,3,23,13.886,13.886
1967,3,24,17.397,17.397
1967,3,25,23.33,23.33
1967,3,26,21.46,21.46
1967,3,27,25.613,25.613
1967,3,28,22.566,22.566
1967,3,29,22.609,22.609
1967,3,30,25.831,25.831
1967,3,31,27.871,27.871
1967,4,1,29.093,29.093
1967,4,2,27.147,27.147
1967,4,3,25.274,25.274
1967,4,4,22.622,22.622
1967,4,5,26.731,26.731
1967,4,6,28.0,28.0
1967,4,7,27.108,27.108
1967,4,8,19.37,19.37
1967,4,9,15.399,15.399
1967,4,10,18.243,18.243
1967,4,11,21.654,21.654
1967,4,12,22.403,22.403
1967,4,13,22.523,22.523
1967,4,14,22.719,22.719
1967,4,15,23.387,23.387
1967,4,16,26.967,26.967
1967,4,17,27.41,27.41
1967,4,18,24.93,24.93
1967,4,19,24.533,24.533
1967,4,20,24.581,24.581
1967,4,21,23.804,23.804
1967,4,22,26.953,26.953
1967,4,23,28.644,28.644
1967,4,24,28.538,28.538
1967,4,25,28.856,28.856
1967,4,26,29.791,29.791
1967,4,27,28.874,28.874
1967,4,28,24.09,24.09
1967,4,29,20.016,20.016
1967,4,30,23.405,23.405
1967,5,1,26.835,26.835
1967,5,2,26.649,26.649
1967,5,3,24.04,24.04
1967,5,4,17.978,17.978
1967,5,5,17.153,17.153
1967,5,6,21.594,21.594
1967,5,7,25.93,25.93
1967,5,8,28.925,28.925
1967,5,9,31.726,31.726
1967,5,10,29.919,29.919
1967,5,11,28.471,28.471
1967,5,12,27.321,27.321
1967,5,13,25.137,25.137
1967,5,14,25.553,25.553
1967,5,15,29.317,29.317
1967,5,16,31.057,31.057
1967,5,17,33.343,33.343
1967,5,18,28.385,28.385
1967,5,19,21.664,21.664
1967,5,20,23.014,23.014
1967,5,21,27.276,27.276
1967,5,22,27.451,27.451
1967,5,23,21.574,21.574
1967,5,24,22.015,22.015
1967,5,25,18.34,18.34
1967,5,26,23.498,23.498
1967,5,27,28.337,28.337
1967,5,28,30.744,30.744
1967,5,29,32.954,32.954
1967,5,30,33.344,33.344
1967,5,31,29.045,29.045
1967,6,1,29.966,29.966
1967,6,2,28.753,28.753
1967,6,3,27.949,27.949
1967,6,4,27.101,27.101
1967,6,5,24.853,24.853
1967,6,6,25.633,25.633
1967,6,7,27.574,27.574
1967,6,8,27.949,27.949
1967,6,9,27.52,27.52
1967,6,10,27.861,27.861
1967,6,11,30.604,30.604
1967,6,12,31.532,31.532
1967,6,13,29.334,29.334
1967,6,14,25.784,25.784
1967,6,15,22.239,22.239
1967,6,16,19.14,19.14
1967,6,17,22.297,22.297
1967,6,18,26.357,26.357
1967,6,19,27.391,27.391
1967,6,20,27.571,27.571
1967,6,21,25.382,25.382
1967,6,22,29.014,29.014
1967,6,23,20.938,20.938
1967,6,24,19.117,19.117
1967,6,25,24.093,24.093
1967,6,26,25.324,25.324
1967,6,27,25.434,25.434
1967,6,28,29.181,29.181
1967,6,29,29.21,29.21
1967,6,30,30.192,30.192
1967,7,1,30.745,30.745
1967,7,2,33.794,33.794
1967,7,3,35.52,35.52
1967,7,4,38.208,38.208
1967,7,5,37.939,37.939
1967,7,6,37.782,37.782
1967,7,7,36.107,36.107
1967,7,8,29.818,29.818
1967,7,9,31.139,31.139
1967,7,10,32.052,32.052
1967,7,11,33.738,33.738
1967,7,12,34.507,34.507
1967,7,13,33.922,33.922
1967,7,14,34.065,34.065
1967,7,15,33.23,33.23
1967,7,16,34.938,34.938
1967,7,17,34.437,34.437
1967,7,18,35.46,35.46
1967,7,19,36.083,36.083
1967,7,20,37.293,37.293
1967,7,21,37.001,37.001
1967,7,22,36.191,36.191
1967,7,23,36.591,36.591
1967,7,24,36.291,36.291
1967,7,25,36.201,36.201
1967,7,26,34.949,34.949
1967,7,27,34.611,34.611
1967,7,28,31.805,31.805
1967,7,29,28.46,28.46
1967,7,30,32.322,32.322
1967,7,31,35.764,35.764
1967,8,1,36.888,36.888
1967,8,2,37.31,37.31
1967,8,3,35.083,35.083
1967,8,4,35.342,35.342
1967,8,5,31.815,31.815
1967,8,6,30.279,30.279
1967,8,7,29.041,29.041
1967,8,8,28.325,28.325
1967,8,9,29.074,29.074
1967,8,10,32.109,32.109
1967,8,11,30.965,30.965
1967,8,12,31.933,31.933
1967,8,13,29.655,29.655
1967,8,14,26.578,26.578
1967,8,15,27.663,27.663
1967,8,16,28.848,28.848
1967,8,17,30.832,30.832
1967,8,18,30.005,30.005
1967,8,19,27.445,27.445
1967,8,20,25.725,25.725
1967,8,21,26.009,26.009
1967,8,22,27.731,27.731
1967,8,23,28.615,28.615
1967,8,24,28.415,28.415
1967,8,25,24.729,24.729
1967,8,26,23.319,23.319
1967,8,27,25.491,25.491
1967,8,28,31.423,31.423
1967,8,29,34.051,34.051
1967,8,30,36.446,36.446
1967,8,31,36.466,36.466
1967,9,1,35.079,35.079
1967,9,2,33.327,33.327
1967,9,3,35.369,35.369
1967,9,4,40.031,40.031
1967,9,5,40.673,40.673
1967,9,6,36.234,36.234
1967,9,7,33.96,33.96
1967,9,8,34.124,34.124
1967,9,9,25.729,25.729
1967,9,10,27.94,27.94
1967,9,11,24.982,24.982
1967,9,12,25.727,25.727
1967,9,13,28.6,28.6
1967,9,14,29.809,29.809
1967,9,15,29.05,29.05
1967,9,16,30.574,30.574
1967,9,17,33.999,33.999
1967,9,18,33.52,33.52
1967,9,19,33.964,33.964
1967,9,20,33.726,33.726
1967,9,21,31.148,31.148
1967,9,22,29.603,29.603
1967,9,23,28.904,28.904
1967,9,24,25.129,25.129
1967,9,25,27.291,27.291
1967,9,26,30.038,30.038
1967,9,27,27.956,27.956
1967,9,28,25.004,25.004
1967,9,29,20.202,20.202
1967,9,30,21.35,21.35
1967,10,1,25.745,25.745
1967,10,2,27.703,27.703
1967,10,3,31.039,31.039
1967,10,4,32.104,32.104
1967,10,5,30.884,30.884
1967,10,6,25.069,25.069
1967,10,7,24.63,24.63
1967,10,8,21.255,21.255
1967,10,9,20.749,20.749
1967,10,10,20.997,20.997
1967,10,11,22.621,22.621
1967,10,12,23.706,23.706
1967,10,13,23.539,23.539
1967,10,14,23.236,23.236
1967,10,15,27.154,27.154
1967,10,16,29.631,29.631
1967,10,17,31.214,31.214
1967,10,18,28.824,28.824
1967,10,19,28.909,28.909
1967,10,20,27.816,27.816
1967,10,21,24.392,24.392
1967,10,22,25.9,25.9
1967,10,23,24.848,24.848
1967,10,24,15.498,15.498
1967,10,25,16.435,16.435
1967,10,26,17.249,17.249
1967,10,27,16.459,16.459
1967,10,28,20.751,20.751
1967,10,29,22.102,22.102
1967,10,30,19.833,19.833
1967,10,31,20.485,20.485
1967,11,1,16.575,16.575
1967,11,2,16.32,16.32
1967,11,3,18.456,18.456
1967,11,4,20.615,20.615
1967,11,5,22.499,22.499
1967,11,6,23.152,23.152
1967,11,7,23.91,23.91
1967,11,8,24.255,24.255
1967,11,9,24.735,24.735
1967,11,10,22.192,22.192
1967,11,11,24.758,24.758
1967,11,12,24.386,24.386
1967,11,13,24.694,24.694
1967,11,14,23.963,23.963
1967,11,15,24.831,24.831
1967,11,16,21.202,21.202
1967,11,17,20.609,20.609
1967,11,18,17.322,17.322
1967,11,19,14.473,14.473
1967,11,20,19.705,19.705
1967,11,21,21.046,21.046
1967,11,22,19.753,19.753
1967,11,23,16.822,16.822
1967,11,24,15.8,15.8
1967,11,25,11.4,11.4
1967,11,26,8.869,8.869
1967,11,27,13.254,13.254
1967,11,28,9.203,9.203
1967,11,29,10.289,10.289
1967,11,30,12.588,12.588
1967,12,1,19.293,19.293
1967,12,2,18.627,18.627
1967,12,3,20.566,20.566
1967,12,4,19.294,19.294
1967,12,5,15.118,15.118
1967,12,6,14.577,14.577
1967,12,7,12.74,12.74
1967,12,8,11.47,11.47
1967,12,9,13.355,13.355
1967,12,10,13.907,13.907
1967,12,11,14.612,14.612
1967,12,12,18.88,18.88
1967,12,13,18.936,18.936
1967,12,14,14.472,14.472
1967,12,15,13.121,13.121
1967,12,16,9.662,9.662
1967,12,17,9.297,9.297
1967,12,18,5.225,5.225
1967,12,19,3.685,3.685
1967,12,20,6.844,6.844
1967,12,21,7.951,7.951
1967,12,22,11.259,11.259
1967,12,23,9.924,9.924
1967,12,24,4.924,4.924
1967,12,25,2.394,2.394
1967,12,26,4.79,4.79
1967,12,27,5.468,5.468
1967,12,28,5.287,5.287
1967,12,29,6.808,6.808
1967,12,30,4.22,4.22
1967,12,31,5.264,5.264
1968,1,1,7.853,7.853
1968,1,2,5.893,5.893
1968,1,3,3.863,3.863
1968,1,4,4.631,4.631
1968,1,5,5.351,5.351
1968,1,6,5.252,5.252
1968,1,7,4.281,4.281
1968,1,8,3.53,3.53
1968,1,9,5.945,5.945
1968,1,10,7.056,7.056
1968,1,11,6.293,6.293
1968,1,12,7.043,7.043
1968,1,13,6.701,6.701
1968,1,14,7.4,7.4
1968,1,15,10.236,10.236
1968,1,16,8.364,8.364
1968,1,17,7.603,7.603
1968,1,18,10.774,10.774
1968,1,19,10.864,10.864
1968,1,20,10.475,10.475
1968,1,21,8.868,8.868
1968,1,22,7.012,7.012
1968,1,23,10.273,10.273
1968,1,24,11.611,11.611
1968,1,25,11.317,11.317
1968,1,26,9.279,9.279
1968,1,27,9.379,9.379
1968,1,28,10.026,10.026
1968,1,29,11.767,11.767
1968,1,30,8.817,8.817
1968,1,31,7.31,7.31
1968,2,1,7.252,7.252
1968,2,2,8.166,8.166
1968,2,3,11.502,11.502
1968,2,4,12.123,12.123
1968,2,5,12.253,12.253
1968,2,6,11.953,11.953
1968,2,7,9.044,9.044
1968,2,8,11.537,11.537
1968,2,9,11.58,11.58
1968,2,10,11.264,11.264
1968,2,11,13.184,13.184
1968,2,12,14.35,14.35
1968,2,13,13.694,13.694
1968,2,14,16.457,16.457
1968,2,15,19.084,19.084
1968,2,16,18.596,18.596
1968,2,17,21.102,21.102
1968,2,18,20.768,20.768
1968,2,19,23.192,23.192
1968,2,20,24.003,24.003
1968,2,21,22.56,22.56
1968,2,22,23.116,23.116
1968,2,23,21.322,21.322
1968,2,24,14.167,14.167
1968,2,25,11.578,11.578
1968,2,26,12.604,12.604
1968,2,27,14.52,14.52
1968,2,28,14.905,14.905
1968,2,29,15.438,15.438
1968,3,1,14.656,14.656
1968,3,2,13.283,13.283
1968,3,3,15.895,15.895
1968,3,4,16.921,16.921
1968,3,5,18.818,18.818
1968,3,6,19.381,19.381
1968,3,7,21.509,21.509
1968,3,8,18.756,18.756
1968,3,9,16.551,16.551
1968,3,10,21.738,21.738
1968,3,11,16.61,16.61
1968,3,12,16.15,16.15
1968,3,13,18.967,18.967
1968,3,14,19.679,19.679
1968,3,15,17.527,17.527
1968,3,16,12.005,12.005
1968,3,17,8.462,8.462
1968,3,18,8.868,8.868
1968,3,19,9.18,9.18
1968,3,20,8.886,8.886
1968,3,21,10.022,10.022
1968,3,22,14.368,14.368
1968,3,23,16.429,16.429
1968,3,24,22.278,22.278
1968,3,25,22.919,22.919
1968,3,26,24.556,24.556
1968,3,27,24.685,24.685
1968,3,28,25.285,25.285
1968,3,29,26.083,26.083
1968,3,30,26.393,26.393
1968,3,31,23.189,23.189
1968,4,1,22.077,22.077
1968,4,2,21.978,21.978
1968,4,3,22.914,22.914
1968,4,4,18.714,18.714
1968,4,5,12.044,12.044
1968,4,6,15.03,15.03
1968,4,7,17.463,17.463
1968,4,8,15.539,15.539
1968,4,9,11.77,11.77
1968,4,10,10.986,10.986
1968,4,11,10.407,10.407
1968,4,12,11.876,11.876
1968,4,13,16.531,16.531
1968,4,14,18.42,18.42
1968,4,15,19.304,19.304
1968,4,16,15.732,15.732
1968,4,17,8.672,8.672
1968,4,18,6.782,6.782
1968,4,19,8.135,8.135
1968,4,20,14.841,14.841
1968,4,21,15.451,15.451
1968,4,22,13.616,13.616
1968,4,23,15.093,15.093
1968,4,24,19.299,19.299
1968,4,25,21.141,21.141
1968,4,26,19.487,19.487
1968,4,27,14.343,14.343
1968,4,28,14.52,14.52
1968,4,29,17.842,17.842
1968,4,30,18.437,18.437
1968,5,1,20.379,20.379
1968,5,2,20.18,20.18
1968,5,3,18.636,18.636
1968,5,4,21.083,21.083
1968,5,5,24.275,24.275
1968,5,6,25.753,25.753
1968,5,7,23.518,23.518
1968,5,8,25.575,25.575
1968,5,9,24.711,24.711
1968,5,10,18.988,18.988
1968,5,11,21.152,21.152
1968,5,12,24.014,24.014
1968,5,13,28.86,28.86
1968,5,14,31.03,31.03
1968,5,15,28.459,28.459
1968,5,16,19.64,19.64
1968,5,17,21.4,21.4
1968,5,18,23.391,23.391
1968,5,19,23.466,23.466
1968,5,20,22.513,22.513
1968,5,21,25.223,25.223
1968,5,22,25.177,25.177
1968,5,23,21.232,21.232
1968,5,24,18.878,18.878
1968,5,25,17.198,17.198
1968,5,26,17.318,17.318
1968,5,27,21.915,21.915
1968,5,28,21.67,21.67
1968,5,29,18.498,18.498
1968,5,30,16.067,16.067
1968,5,31,18.35,18.35
1968,6,1,21.239,21.239
1968,6,2,23.445,23.445
1968,6,3,27.672,27.672
1968,6,4,32.185,32.185
1968,6,5,25.99,25.99
1968,6,6,20.849,20.849
1968,6,7,24.087,24.087
1968,6,8,24.582,24.582
1968,6,9,18.352,18.352
1968,6,10,26.209,26.209
1968,6,11,26.812,26.812
1968,6,12,23.649,23.649
1968,6,13,23.858,23.858
1968,6,14,26.01,26.01
1968,6,15,25.989,25.989
1968,6,16,28.612,28.612
1968,6,17,30.893,30.893
1968,6,18,31.193,31.193
1968,6,19,28.091,28.091
1968,6,20,24.585,24.585
1968,6,21,26.764,26.764
1968,6,22,27.641,27.641
1968,6,23,30.64,30.64
1968,6,24,33.04,33.04
1968,6,25,35.024,35.024
1968,6,26,31.87,31.87
1968,6,27,22.481,22.481
1968,6,28,27.139,27.139
1968,6,29,30.554,30.554
1968,6,30,28.919,28.919
1968,7,1,25.912,25.912
1968,7,2,26.597,26.597
1968,7,3,27.24,27.24
1968,7,4,29.962,29.962
1968,7,5,34.386,34.386
1968,7,6,34.802,34.802
1968,7,7,35.023,35.023
1968,7,8,34.759,34.759
1968,7,9,33.746,33.746
1968,7,10,30.653,30.653
1968,7,11,30.689,30.689
1968,7,12,30.877,30.877
1968,7,13,29.077,29.077
1968,7,14,29.618,29.618
1968,7,15,29.204,29.204
1968,7,16,29.818,29.818
1968,7,17,33.95,33.95
1968,7,18,31.491,31.491
1968,7,19,29.631,29.631
1968,7,20,29.333,29.333
1968,7,21,28.792,28.792
1968,7,22,27.64,27.64
1968,7,23,28.515,28.515
1968,7,24,28.245,28.245
1968,7,25,30.722,30.722
1968,7,26,32.935,32.935
1968,7,27,33.379,33.379
1968,7,28,32.005,32.005
1968,7,29,33.877,33.877
1968,7,30,35.496,35.496
1968,7,31,36.301,36.301
1968,8,1,34.321,34.321
1968,8,2,33.225,33.225
1968,8,3,31.037,31.037
1968,8,4,32.191,32.191
1968,8,5,30.722,30.722
1968,8,6,29.28,29.28
1968,8,7,25.889,25.889
1968,8,8,24.47,24.47
1968,8,9,27.087,27.087
1968,8,10,27.64,27.64
1968,8,11,28.515,28.515
1968,8,12,29.379,29.379
1968,8,13,31.713,31.713
1968,8,14,30.511,30.511
1968,8,15,31.182,31.182
1968,8,16,30.697,30.697
1968,8,17,27.051,27.051
1968,8,18,27.538,27.538
1968,8,19,30.251,30.251
1968,8,20,30.504,30.504
1968,8,21,28.868,28.868
1968,8,22,26.74,26.74
1968,8,23,26.924,26.924
1968,8,24,25.609,25.609
1968,8,25,25.275,25.275
1968,8,26,22.074,22.074
1968,8,27,18.374,18.374
1968,8,28,19.207,19.207
1968,8,29,21.303,21.303
1968,8,30,27.531,27.531
1968,8,31,30.721,30.721
1968,9,1,35.974,35.974
1968,9,2,35.433,35.433
1968,9,3,33.336,33.336
1968,9,4,34.143,34.143
1968,9,5,34.867,34.867
1968,9,6,36.339,36.339
1968,9,7,38.166,38.166
1968,9,8,33.995,33.995
1968,9,9,26.601,26.601
1968,9,10,24.185,24.185
1968,9,11,23.623,23.623
1968,9,12,31.997,31.997
1968,9,13,35.287,35.287
1968,9,14,36.821,36.821
1968,9,15,36.943,36.943
1968,9,16,35.05,35.05
1968,9,17,32.727,32.727
1968,9,18,30.596,30.596
1968,9,19,29.447,29.447
1968,9,20,26.777,26.777
1968,9,21,22.871,22.871
1968,9,22,26.292,26.292
1968,9,23,28.622,28.622
1968,9,24,30.244,30.244
1968,9,25,31.183,31.183
1968,9,26,29.736,29.736
1968,9,27,30.06,30.06
1968,9,28,28.303,28.303
1968,9,29,26.396,26.396
1968,9,30,26.049,26.049
1968,10,1,25.28,25.28
1968,10,2,20.238,20.238
1968,10,3,16.023,16.023
1968,10,4,20.291,20.291
1968,10,5,21.689,21.689
1968,10,6,18.973,18.973
1968,10,7,18.553,18.553
1968,10,8,20.502,20.502
1968,10,9,23.587,23.587
1968,10,10,26.231,26.231
1968,10,11,28.915,28.915
1968,10,12,26.574,26.574
1968,10,13,25.301,25.301
1968,10,14,24.081,24.081
1968,10,15,22.52,22.52
1968,10,16,24.417,24.417
1968,10,17,25.21,25.21
1968,10,18,23.933,23.933
1968,10,19,21.93,21.93
1968,10,20,20.208,20.208
1968,10,21,19.146,19.146
1968,10,22,20.206,20.206
1968,10,23,20.919,20.919
1968,10,24,21.286,21.286
1968,10,25,21.396,21.396
1968,10,26,20.427,20.427
1968,10,27,19.36,19.36
1968,10,28,19.586,19.586
1968,10,29,19.927,19.927
1968,10,30,18.413,18.413
1968,10,31,15.158,15.158
1968,11,1,15.5,15.5
1968,11,2,18.155,18.155
1968,11,3,19.44,19.44
1968,11,4,20.163,20.163
1968,11,5,23.137,23.137
1968,11,6,20.098,20.098
1968,11,7,16.613,16.613
1968,11,8,13.298,13.298
1968,11,9,10.54,10.54
1968,11,10,13.384,13.384
1968,11,11,14.014,14.014
1968,11,12,12.565,12.565
1968,11,13,15.796,15.796
1968,11,14,18.654,18.654
1968,11,15,22.102,22.102
1968,11,16,21.051,21.051
1968,11,17,19.499,19.499
1968,11,18,16.19,16.19
1968,11,19,14.386,14.386
1968,11,20,14.001,14.001
1968,11,21,12.775,12.775
1968,11,22,11.634,11.634
1968,11,23,10.851,10.851
1968,11,24,10.087,10.087
1968,11,25,11.241,11.241
1968,11,26,10.949,10.949
1968,11,27,12.883,12.883
1968,11,28,11.64,11.64
1968,11,29,11.603,11.603
1968,11,30,10.782,10.782
1968,12,1,14.641,14.641
1968,12,2,14.153,14.153
1968,12,3,10.216,10.216
1968,12,4,9.726,9.726
1968,12,5,9.446,9.446
1968,12,6,8.846,8.846
1968,12,7,10.135,10.135
1968,12,8,11.072,11.072
1968,12,9,11.316,11.316
1968,12,10,12.054,12.054
1968,12,11,10.911,10.911
1968,12,12,14.346,14.346
1968,12,13,9.376,9.376
1968,12,14,9.558,9.558
1968,12,15,10.118,10.118
1968,12,16,9.515,9.515
1968,12,17,13.411,13.411
1968,12,18,13.293,13.293
1968,12,19,9.574,9.574
1968,12,20,7.341,7.341
1968,12,21,8.49,8.49
1968,12,22,7.626,7.626
1968,12,23,7.293,7.293
1968,12,24,11.228,11.228
1968,12,25,11.164,11.164
1968,12,26,10.482,10.482
1968,12,27,11.254,11.254
1968,12,28,13.313,13.313
1968,12,29,12.433,12.433
1968,12,30,13.352,13.352
1968,12,31,11.718,11.718
1969,1,1,11.869,11.869
1969,1,2,13.747,13.747
1969,1,3,14.062,14.062
1969,1,4,14.05,14.05
1969,1,5,13.144,13.144
1969,1,6,9.826,9.826
1969,1,7,12.564,12.564
1969,1,8,12.035,12.035
1969,1,9,10.435,10.435
1969,1,10,13.534,13.534
1969,1,11,12.854,12.854
1969,1,12,16.766,16.766
1969,1,13,10.398,10.398
1969,1,14,8.122,8.122
1969,1,15,12.593,12.593
1969,1,16,13.956,13.956
1969,1,17,17.726,17.726
1969,1,18,20.271,20.271
1969,1,19,18.964,18.964
1969,1,20,13.034,13.034
1969,1,21,10.82,10.82
1969,1,22,15.358,15.358
1969,1,23,16.185,16.185
1969,1,24,15.525,15.525
1969,1,25,17.988,17.988
1969,1,26,17.428,17.428
1969,1,27,14.173,14.173
1969,1,28,15.804,15.804
1969,1,29,16.598,16.598
1969,1,30,14.501,14.501
1969,1,31,14.669,14.669
1969,2,1,11.984,11.984
1969,2,2,10.358,10.358
1969,2,3,12.95,12.95
1969,2,4,10.508,10.508
1969,2,5,10.074,10.074
1969,2,6,11.993,11.993
1969,2,7,8.723,8.723
1969,2,8,13.97,13.97
1969,2,9,13.34,13.34
1969,2,10,12.035,12.035
1969,2,11,13.488,13.488
1969,2,12,13.735,13.735
1969,2,13,13.808,13.808
1969,2,14,16.029,16.029
1969,2,15,15.803,15.803
1969,2,16,18.431,18.431
1969,2,17,18.493,18.493
1969,2,18,12.941,12.941
1969,2,19,11.877,11.877
1969,2,20,15.014,15.014
1969,2,21,14.001,14.001
1969,2,22,14.238,14.238
1969,2,23,16.244,16.244
1969,2,24,12.035,12.035
1969,2,25,10.115,10.115
1969,2,26,11.601,11.601
1969,2,27,10.601,10.601
1969,2,28,11.399,11.399
1969,3,1,13.86,13.86
1969,3,2,15.441,15.441
1969,3,3,14.387,14.387
1969,3,4,15.962,15.962
1969,3,5,16.33,16.33
1969,3,6,13.858,13.858
1969,3,7,12.43,12.43
1969,3,8,10.432,10.432
1969,3,9,10.544,10.544
1969,3,10,12.494,12.494
1969,3,11,13.603,13.603
1969,3,12,12.493,12.493
1969,3,13,12.582,12.582
1969,3,14,12.895,12.895
1969,3,15,15.306,15.306
1969,3,16,14.841,14.841
1969,3,17,10.112,10.112
1969,3,18,12.422,12.422
1969,3,19,16.437,16.437
1969,3,20,17.83,17.83
1969,3,21,12.033,12.033
1969,3,22,15.849,15.849
1969,3,23,17.848,17.848
1969,3,24,18.337,18.337
1969,3,25,17.212,17.212
1969,3,26,17.431,17.431
1969,3,27,18.752,18.752
1969,3,28,21.871,21.871
1969,3,29,19.403,19.403
1969,3,30,16.194,16.194
1969,3,31,17.334,17.334
1969,4,1,18.693,18.693
1969,4,2,19.095,19.095
1969,4,3,16.125,16.125
1969,4,4,19.02,19.02
1969,4,5,20.541,20.541
1969,4,6,19.128,19.128
1969,4,7,22.295,22.295
1969,4,8,22.648,22.648
1969,4,9,22.279,22.279
1969,4,10,14.906,14.906
1969,4,11,15.342,15.342
1969,4,12,17.595,17.595
1969,4,13,19.036,19.036
1969,4,14,16.31,16.31
1969,4,15,18.53,18.53
1969,4,16,18.115,18.115
1969,4,17,18.119,18.119
1969,4,18,20.895,20.895
1969,4,19,18.011,18.011
1969,4,20,12.372,12.372
1969,4,21,12.317,12.317
1969,4,22,12.587,12.587
1969,4,23,8.69,8.69
1969,4,24,11.744,11.744
1969,4,25,12.021,12.021
1969,4,26,12.253,12.253
1969,4,27,10.107,10.107
1969,4,28,16.678,16.678
1969,4,29,19.042,19.042
1969,4,30,16.952,16.952
1969,5,1,16.438,16.438
1969,5,2,14.78,14.78
1969,5,3,13.859,13.859
1969,5,4,12.339,12.339
1969,5,5,17.189,17.189
1969,5,6,20.481,20.481
1969,5,7,22.444,22.444
1969,5,8,24.974,24.974
1969,5,9,26.232,26.232
1969,5,10,27.438,27.438
1969,5,11,29.281,29.281
1969,5,12,26.653,26.653
1969,5,13,25.184,25.184
1969,5,14,27.02,27.02
1969,5,15,27.107,27.107
1969,5,16,25.072,25.072
1969,5,17,22.661,22.661
1969,5,18,24.594,24.594
1969,5,19,23.594,23.594
1969,5,20,23.305,23.305
1969,5,21,23.135,23.135
1969,5,22,21.788,21.788
1969,5,23,18.469,18.469
1969,5,24,19.819,19.819
1969,5,25,22.136,22.136
1969,5,26,27.087,27.087
1969,5,27,28.511,28.511
1969,5,28,29.673,29.673
1969,5,29,30.298,30.298
1969,5,30,25.229,25.229
1969,5,31,20.945,20.945
1969,6,1,21.813,21.813
1969,6,2,24.241,24.241
1969,6,3,28.578,28.578
1969,6,4,29.536,29.536
1969,6,5,26.722,26.722
1969,6,6,31.113,31.113
1969,6,7,29.643,29.643
1969,6,8,30.712,30.712
1969,6,9,28.889,28.889
1969,6,10,25.5,25.5
1969,6,11,22.18,22.18
1969,6,12,26.842,26.842
1969,6,13,27.514,27.514
1969,6,14,28.665,28.665
1969,6,15,28.223,28.223
1969,6,16,23.11,23.11
1969,6,17,20.805,20.805
1969,6,18,24.353,24.353
1969,6,19,27.708,27.708
1969,6,20,30.045,30.045
1969,6,21,29.733,29.733
1969,6,22,28.824,28.824
1969,6,23,28.827,28.827
1969,6,24,31.301,31.301
1969,6,25,33.443,33.443
1969,6,26,32.229,32.229
1969,6,27,29.021,29.021
1969,6,28,26.43,26.43
1969,6,29,27.99,27.99
1969,6,30,27.54,27.54
1969,7,1,28.352,28.352
1969,7,2,28.778,28.778
1969,7,3,30.438,30.438
1969,7,4,31.135,31.135
1969,7,5,28.463,28.463
1969,7,6,26.863,26.863
1969,7,7,29.089,29.089
1969,7,8,29.989,29.989
1969,7,9,35.921,35.921
1969,7,10,36.892,36.892
1969,7,11,38.03,38.03
1969,7,12,37.927,37.927
1969,7,13,34.244,34.244
1969,7,14,33.314,33.314
1969,7,15,36.093,36.093
1969,7,16,36.266,36.266
1969,7,17,36.279,36.279
1969,7,18,33.926,33.926
1969,7,19,34.775,34.775
1969,7,20,32.246,32.246
1969,7,21,30.01,30.01
1969,7,22,30.288,30.288
1969,7,23,29.599,29.599
1969,7,24,30.101,30.101
1969,7,25,29.695,29.695
1969,7,26,29.334,29.334
1969,7,27,29.978,29.978
1969,7,28,31.362,31.362
1969,7,29,29.546,29.546
1969,7,30,29.79,29.79
1969,7,31,30.668,30.668
1969,8,1,30.631,30.631
1969,8,2,27.67,27.67
1969,8,3,27.508,27.508
1969,8,4,28.21,28.21
1969,8,5,27.931,27.931
1969,8,6,28.42,28.42
1969,8,7,29.841,29.841
1969,8,8,34.839,34.839
1969,8,9,37.327,37.327
1969,8,10,38.263,38.263
1969,8,11,36.44,36.44
1969,8,12,33.523,33.523
1969,8,13,32.565,32.565
1969,8,14,30.84,30.84
1969,8,15,28.202,28.202
1969,8,16,28.227,28.227
1969,8,17,27.897,27.897
1969,8,18,36.399,36.399
1969,8,19,33.786,33.786
1969,8,20,29.46,29.46
1969,8,21,31.088,31.088
1969,8,22,32.121,32.121
1969,8,23,30.615,30.615
1969,8,24,29.105,29.105
1969,8,25,28.153,28.153
1969,8,26,29.262,29.262
1969,8,27,27.467,27.467
1969,8,28,26.463,26.463
1969,8,29,24.406,24.406
1969,8,30,28.632,28.632
1969,8,31,34.569,34.569
1969,9,1,31.051,31.051
1969,9,2,33.387,33.387
1969,9,3,33.65,33.65
1969,9,4,33.3,33.3
1969,9,5,27.847,27.847
1969,9,6,25.515,25.515
1969,9,7,30.127,30.127
1969,9,8,32.417,32.417
1969,9,9,28.485,28.485
1969,9,10,24.968,24.968
1969,9,11,30.222,30.222
1969,9,12,31.013,31.013
1969,9,13,28.025,28.025
1969,9,14,29.8,29.8
1969,9,15,33.943,33.943
1969,9,16,34.009,34.009
1969,9,17,33.765,33.765
1969,9,18,33.267,33.267
1969,9,19,33.607,33.607
1969,9,20,33.107,33.107
1969,9,21,32.107,32.107
1969,9,22,30.669,30.669
1969,9,23,28.492,28.492
1969,9,24,27.095,27.095
1969,9,25,29.017,29.017
1969,9,26,31.285,31.285
1969,9,27,30.541,30.541
1969,9,28,24.704,24.704
1969,9,29,26.93,26.93
1969,9,30,28.87,28.87
1969,10,1,32.906,32.906
1969,10,2,35.059,35.059
1969,10,3,35.125,35.125
1969,10,4,34.98,34.98
1969,10,5,32.686,32.686
1969,10,6,26.727,26.727
1969,10,7,19.541,19.541
1969,10,8,14.321,14.321
1969,10,9,15.937,15.937
1969,10,10,19.647,19.647
1969,10,11,22.098,22.098
1969,10,12,24.991,24.991
1969,10,13,26.169,26.169
1969,10,14,27.715,27.715
1969,10,15,26.106,26.106
1969,10,16,24.821,24.821
1969,10,17,26.429,26.429
1969,10,18,23.867,23.867
1969,10,19,26.522,26.522
1969,10,20,27.786,27.786
1969,10,21,27.902,27.902
1969,10,22,26.653,26.653
1969,10,23,25.154,25.154
1969,10,24,21.666,21.666
1969,10,25,22.041,22.041
1969,10,26,24.12,24.12
1969,10,27,25.669,25.669
1969,10,28,26.362,26.362
1969,10,29,24.934,24.934
1969,10,30,19.771,19.771
1969,10,31,16.015,16.015
1969,11,1,13.259,13.259
1969,11,2,17.469,17.469
1969,11,3,18.563,18.563
1969,11,4,13.256,13.256
1969,11,5,11.793,11.793
1969,11,6,19.151,19.151
1969,11,7,15.328,15.328
1969,11,8,17.91,17.91
1969,11,9,18.2,18.2
1969,11,10,15.808,15.808
1969,11,11,18.317,18.317
1969,11,12,18.273,18.273
1969,11,13,16.493,16.493
1969,11,14,14.687,14.687
1969,11,15,13.755,13.755
1969,11,16,15.869,15.869
1969,11,17,17.793,17.793
1969,11,18,18.592,18.592
1969,11,19,17.342,17.342
1969,11,20,13.288,13.288
1969,11,21,14.082,14.082
1969,11,22,11.721,11.721
1969,11,23,10.885,10.885
1969,11,24,12.53,12.53
1969,11,25,15.342,15.342
1969,11,26,13.834,13.834
1969,11,27,18.004,18.004
1969,11,28,21.031,21.031
1969,11,29,20.915,20.915
1969,11,30,20.607,20.607
1969,12,1,18.89,18.89
1969,12,2,17.795,17.795
1969,12,3,17.845,17.845
1969,12,4,12.435,12.435
1969,12,5,8.589,8.589
1969,12,6,13.586,13.586
1969,12,7,16.837,16.837
1969,12,8,15.612,15.612
1969,12,9,16.642,16.642
1969,12,10,16.738,16.738
1969,12,11,18.533,18.533
1969,12,12,18.171,18.171
1969,12,13,15.186,15.186
1969,12,14,12.33,12.33
1969,12,15,10.622,10.622
1969,12,16,10.198,10.198
1969,12,17,7.53,7.53
1969,12,18,7.302,7.302
1969,12,19,6.633,6.633
1969,12,20,8.589,8.589
1969,12,21,10.955,10.955
1969,12,22,13.395,13.395
1969,12,23,14.717,14.717
1969,12,24,11.883,11.883
1969,12,25,5.624,5.624
1969,12,26,-0.64,-0.64
1969,12,27,-0.175,-0.175
1969,12,28,5.744,5.744
1969,12,29,12.818,12.818
1969,12,30,12.257,12.257
1969,12,31,14.727,14.727
1970,1,1,10.617,10.617
1970,1,2,12.94,12.94
1970,1,3,14.573,14.573
1970,1,4,14.117,14.117
1970,1,5,14.111,14.111
1970,1,6,14.178,14.178
1970,1,7,12.559,12.559
1970,1,8,12.909,12.909
1970,1,9,9.502,9.502
1970,1,10,11.558,11.558
1970,1,11,13.262,13.262
1970,1,12,13.647,13.647
1970,1,13,14.878,14.878
1970,1,14,16.111,16.111
1970,1,15,13.431,13.431
1970,1,16,12.21,12.21
1970,1,17,10.652,10.652
1970,1,18,11.889,11.889
1970,1,19,11.356,11.356
1970,1,20,13.388,13.388
1970,1,21,13.173,13.173
1970,1,22,14.256,14.256
1970,1,23,13.864,13.864
1970,1,24,13.855,13.855
1970,1,25,14.853,14.853
1970,1,26,14.723,14.723
1970,1,27,16.981,16.981
1970,1,28,16.395,16.395
1970,1,29,18.001,18.001
1970,1,30,16.673,16.673
1970,1,31,11.633,11.633
1970,2,1,11.916,11.916
1970,2,2,15.215,15.215
1970,2,3,17.034,17.034
1970,2,4,13.976,13.976
1970,2,5,13.448,13.448
1970,2,6,9.162,9.162
1970,2,7,8.131,8.131
1970,2,8,9.265,9.265
1970,2,9,11.365,11.365
1970,2,10,12.591,12.591
1970,2,11,13.167,13.167
1970,2,12,13.833,13.833
1970,2,13,15.677,15.677
1970,2,14,15.508,15.508
1970,2,15,17.921,17.921
1970,2,16,20.865,20.865
1970,2,17,18.117,18.117
1970,2,18,19.145,19.145
1970,2,19,14.997,14.997
1970,2,20,14.876,14.876
1970,2,21,18.442,18.442
1970,2,22,17.279,17.279
1970,2,23,17.196,17.196
1970,2,24,18.318,18.318
1970,2,25,17.655,17.655
1970,2,26,17.534,17.534
1970,2,27,18.256,18.256
1970,2,28,18.74,18.74
1970,3,1,14.704,14.704
1970,3,2,11.973,11.973
1970,3,3,13.257,13.257
1970,3,4,13.303,13.303
1970,3,5,11.794,11.794
1970,3,6,13.127,13.127
1970,3,7,14.7,14.7
1970,3,8,13.8,13.8
1970,3,9,10.308,10.308
1970,3,10,11.694,11.694
1970,3,11,8.972,8.972
1970,3,12,6.912,6.912
1970,3,13,9.842,9.842
1970,3,14,13.95,13.95
1970,3,15,13.932,13.932
1970,3,16,14.111,14.111
1970,3,17,13.209,13.209
1970,3,18,12.267,12.267
1970,3,19,17.512,17.512
1970,3,20,19.544,19.544
1970,3,21,21.057,21.057
1970,3,22,20.77,20.77
1970,3,23,17.992,17.992
1970,3,24,20.087,20.087
1970,3,25,21.14,21.14
1970,3,26,20.057,20.057
1970,3,27,25.688,25.688
1970,3,28,27.198,27.198
1970,3,29,26.119,26.119
1970,3,30,21.917,21.917
1970,3,31,19.505,19.505
1970,4,1,23.129,23.129
1970,4,2,22.42,22.42
1970,4,3,17.021,17.021
1970,4,4,18.449,18.449
1970,4,5,16.507,16.507
1970,4,6,14.098,14.098
1970,4,7,21.65,21.65
1970,4,8,25.316,25.316
1970,4,9,27.524,27.524
1970,4,10,26.914,26.914
1970,4,11,27.493,27.493
1970,4,12,28.579,28.579
1970,4,13,30.047,30.047
1970,4,14,29.625,29.625
1970,4,15,28.337,28.337
1970,4,16,26.116,26.116
1970,4,17,25.443,25.443
1970,4,18,22.703,22.703
1970,4,19,24.693,24.693
1970,4,20,22.282,22.282
1970,4,21,25.346,25.346
1970,4,22,26.702,26.702
1970,4,23,27.968,27.968
1970,4,24,27.014,27.014
1970,4,25,23.238,23.238
1970,4,26,19.176,19.176
1970,4,27,17.848,17.848
1970,4,28,18.742,18.742
1970,4,29,21.954,21.954
1970,4,30,24.436,24.436
1970,5,1,28.524,28.524
1970,5,2,29.861,29.861
1970,5,3,27.806,27.806
1970,5,4,28.12,28.12
1970,5,5,29.27,29.27
1970,5,6,24.934,24.934
1970,5,7,19.091,19.091
1970,5,8,17.408,17.408
1970,5,9,17.837,17.837
1970,5,10,17.096,17.096
1970,5,11,20.179,20.179
1970,5,12,25.586,25.586
1970,5,13,27.864,27.864
1970,5,14,29.408,29.408
1970,5,15,27.241,27.241
1970,5,16,25.267,25.267
1970,5,17,28.35,28.35
1970,5,18,29.931,29.931
1970,5,19,30.468,30.468
1970,5,20,28.617,28.617
1970,5,21,29.825,29.825
1970,5,22,33.489,33.489
1970,5,23,34.376,34.376
1970,5,24,33.985,33.985
1970,5,25,30.938,30.938
1970,5,26,32.142,32.142
1970,5,27,30.76,30.76
1970,5,28,33.465,33.465
1970,5,29,29.358,29.358
1970,5,30,25.14,25.14
1970,5,31,24.889,24.889
1970,6,1,30.98,30.98
1970,6,2,30.663,30.663
1970,6,3,30.842,30.842
1970,6,4,30.359,30.359
1970,6,5,29.456,29.456
1970,6,6,31.38,31.38
1970,6,7,33.687,33.687
1970,6,8,33.459,33.459
1970,6,9,31.797,31.797
1970,6,10,27.762,27.762
1970,6,11,24.665,24.665
1970,6,12,30.491,30.491
1970,6,13,32.603,32.603
1970,6,14,33.637,33.637
1970,6,15,33.244,33.244
1970,6,16,28.082,28.082
1970,6,17,25.867,25.867
1970,6,18,28.406,28.406
1970,6,19,34.569,34.569
1970,6,20,36.66,36.66
1970,6,21,39.111,39.111
1970,6,22,42.432,42.432
1970,6,23,42.917,42.917
1970,6,24,38.546,38.546
1970,6,25,38.227,38.227
1970,6,26,36.412,36.412
1970,6,27,34.78,34.78
1970,6,28,30.587,30.587
1970,6,29,28.457,28.457
1970,6,30,28.531,28.531
1970,7,1,30.255,30.255
1970,7,2,33.578,33.578
1970,7,3,34.575,34.575
1970,7,4,36.092,36.092
1970,7,5,37.016,37.016
1970,7,6,38.763,38.763
1970,7,7,37.73,37.73
1970,7,8,36.767,36.767
1970,7,9,35.683,35.683
1970,7,10,33.192,33.192
1970,7,11,33.728,33.728
1970,7,12,30.761,30.761
1970,7,13,29.945,29.945
1970,7,14,34.811,34.811
1970,7,15,37.014,37.014
1970,7,16,38.226,38.226
1970,7,17,37.435,37.435
1970,7,18,38.954,38.954
1970,7,19,38.947,38.947
1970,7,20,38.288,38.288
1970,7,21,38.433,38.433
1970,7,22,36.458,36.458
1970,7,23,36.423,36.423
1970,7,24,37.902,37.902
1970,7,25,35.875,35.875
1970,7,26,36.299,36.299
1970,7,27,38.519,38.519
1970,7,28,37.874,37.874
1970,7,29,36.548,36.548
1970,7,30,34.296,34.296
1970,7,31,35.464,35.464
1970,8,1,39.149,39.149
1970,8,2,37.927,37.927
1970,8,3,37.743,37.743
1970,8,4,34.688,34.688
1970,8,5,34.816,34.816
1970,8,6,31.1,31.1
1970,8,7,31.328,31.328
1970,8,8,33.582,33.582
1970,8,9,35.591,35.591
1970,8,10,34.185,34.185
1970,8,11,36.045,36.045
1970,8,12,36.866,36.866
1970,8,13,37.455,37.455
1970,8,14,36.827,36.827
1970,8,15,34.079,34.079
1970,8,16,34.099,34.099
1970,8,17,33.482,33.482
1970,8,18,34.356,34.356
1970,8,19,34.429,34.429
1970,8,20,36.467,36.467
1970,8,21,37.769,37.769
1970,8,22,35.672,35.672
1970,8,23,34.917,34.917
1970,8,24,35.153,35.153
1970,8,25,36.095,36.095
1970,8,26,33.754,33.754
1970,8,27,30.743,30.743
1970,8,28,30.877,30.877
1970,8,29,28.963,28.963
1970,8,30,31.19,31.19
1970,8,31,33.723,33.723
1970,9,1,33.8,33.8
1970,9,2,33.513,33.513
1970,9,3,28.618,28.618
1970,9,4,26.867,26.867
1970,9,5,26.165,26.165
1970,9,6,27.032,27.032
1970,9,7,24.808,24.808
1970,9,8,22.054,22.054
1970,9,9,22.146,22.146
1970,9,10,24.104,24.104
1970,9,11,27.213,27.213
1970,9,12,29.237,29.237
1970,9,13,32.08,32.08
1970,9,14,30.593,30.593
1970,9,15,33.998,33.998
1970,9,16,35.136,35.136
1970,9,17,34.031,34.031
1970,9,18,35.276,35.276
1970,9,19,38.414,38.414
1970,9,20,40.436,40.436
1970,9,21,38.534,38.534
1970,9,22,33.611,33.611
1970,9,23,24.972,24.972
1970,9,24,28.088,28.088
1970,9,25,30.405,30.405
1970,9,26,32.311,32.311
1970,9,27,34.062,34.062
1970,9,28,32.069,32.069
1970,9,29,29.855,29.855
1970,9,30,31.42,31.42
1970,10,1,30.849,30.849
1970,10,2,30.079,30.079
1970,10,3,29.023,29.023
1970,10,4,31.677,31.677
1970,10,5,33.628,33.628
1970,10,6,33.912,33.912
1970,10,7,32.505,32.505
1970,10,8,34.522,34.522
1970,10,9,31.917,31.917
1970,10,10,31.893,31.893
1970,10,11,32.141,32.141
1970,10,12,33.023,33.023
1970,10,13,34.133,34.133
1970,10,14,33.71,33.71
1970,10,15,33.397,33.397
1970,10,16,33.355,33.355
1970,10,17,30.345,30.345
1970,10,18,29.551,29.551
1970,10,19,25.885,25.885
1970,10,20,21.275,21.275
1970,10,21,21.398,21.398
1970,10,22,24.387,24.387
1970,10,23,18.658,18.658
1970,10,24,15.834,15.834
1970,10,25,16.005,16.005
1970,10,26,18.387,18.387
1970,10,27,18.263,18.263
1970,10,28,17.233,17.233
1970,10,29,15.756,15.756
1970,10,30,15.711,15.711
1970,10,31,17.188,17.188
1970,11,1,19.024,19.024
1970,11,2,20.578,20.578
1970,11,3,22.618,22.618
1970,11,4,20.181,20.181
1970,11,5,14.416,14.416
1970,11,6,12.524,12.524
1970,11,7,15.53,15.53
1970,11,8,16.29,16.29
1970,11,9,15.667,15.667
1970,11,10,15.301,15.301
1970,11,11,16.964,16.964
1970,11,12,15.819,15.819
1970,11,13,10.304,10.304
1970,11,14,13.305,13.305
1970,11,15,14.386,14.386
1970,11,16,16.761,16.761
1970,11,17,13.292,13.292
1970,11,18,13.896,13.896
1970,11,19,10.389,10.389
1970,11,20,12.487,12.487
1970,11,21,13.121,13.121
1970,11,22,14.983,14.983
1970,11,23,15.77,15.77
1970,11,24,11.526,11.526
1970,11,25,12.965,12.965
1970,11,26,12.465,12.465
1970,11,27,16.629,16.629
1970,11,28,12.024,12.024
1970,11,29,11.556,11.556
1970,11,30,11.998,11.998
1970,12,1,10.645,10.645
1970,12,2,6.292,6.292
1970,12,3,12.082,12.082
1970,12,4,12.522,12.522
1970,12,5,12.023,12.023
1970,12,6,11.751,11.751
1970,12,7,11.516,11.516
1970,12,8,15.57,15.57
1970,12,9,9.888,9.888
1970,12,10,7.79,7.79
1970,12,11,12.821,12.821
1970,12,12,14.809,14.809
1970,12,13,12.267,12.267
1970,12,14,9.988,9.988
1970,12,15,11.565,11.565
1970,12,16,13.217,13.217
1970,12,17,13.758,13.758
1970,12,18,16.24,16.24
1970,12,19,15.888,15.888
1970,12,20,16.541,16.541
1970,12,21,14.061,14.061
1970,12,22,13.227,13.227
1970,12,23,13.442,13.442
1970,12,24,13.885,13.885
1970,12,25,11.607,11.607
1970,12,26,14.152,14.152
1970,12,27,15.988,15.988
1970,12,28,14.841,14.841
1970,12,29,11.488,11.488
1970,12,30,8.17,8.17
1970,12,31,9.625,9.625
1971,1,1,10.021,10.021
1971,1,2,10.879,10.879
1971,1,3,12.765,12.765
1971,1,4,8.723,8.723
1971,1,5,7.522,7.522
1971,1,6,7.3,7.3
1971,1,7,6.907,6.907
1971,1,8,8.119,8.119
1971,1,9,12.483,12.483
1971,1,10,15.682,15.682
1971,1,11,14.622,14.622
1971,1,12,16.523,16.523
1971,1,13,16.89,16.89
1971,1,14,13.818,13.818
1971,1,15,14.389,14.389
1971,1,16,10.822,10.822
1971,1,17,12.696,12.696
1971,1,18,15.038,15.038
1971,1,19,13.161,13.161
1971,1,20,13.766,13.766
1971,1,21,15.508,15.508
1971,1,22,12.537,12.537
1971,1,23,12.963,12.963
1971,1,24,15.313,15.313
1971,1,25,14.7,14.7
1971,1,26,13.994,13.994
1971,1,27,16.027,16.027
1971,1,28,10.274,10.274
1971,1,29,7.014,7.014
1971,1,30,5.492,5.492
1971,1,31,9.621,9.621
1971,2,1,11.804,11.804
1971,2,2,8.396,8.396
1971,2,3,11.281,11.281
1971,2,4,9.66,9.66
1971,2,5,11.532,11.532
1971,2,6,9.875,9.875
1971,2,7,10.262,10.262
1971,2,8,10.157,10.157
1971,2,9,10.308,10.308
1971,2,10,11.652,11.652
1971,2,11,15.938,15.938
1971,2,12,17.691,17.691
1971,2,13,19.99,19.99
1971,2,14,21.871,21.871
1971,2,15,19.49,19.49
1971,2,16,19.717,19.717
1971,2,17,18.578,18.578
1971,2,18,15.594,15.594
1971,2,19,13.782,13.782
1971,2,20,12.401,12.401
1971,2,21,13.829,13.829
1971,2,22,16.968,16.968
1971,2,23,17.592,17.592
1971,2,24,16.183,16.183
1971,2,25,9.841,9.841
1971,2,26,4.089,4.089
1971,2,27,5.009,5.009
1971,2,28,10.026,10.026
1971,3,1,11.632,11.632
1971,3,2,10.681,10.681
1971,3,3,12.334,12.334
1971,3,4,16.648,16.648
1971,3,5,15.17,15.17
1971,3,6,12.343,12.343
1971,3,7,14.078,14.078
1971,3,8,13.836,13.836
1971,3,9,12.169,12.169
1971,3,10,12.69,12.69
1971,3,11,11.246,11.246
1971,3,12,13.67,13.67
1971,3,13,13.288,13.288
1971,3,14,12.3,12.3
1971,3,15,15.634,15.634
1971,3,16,18.455,18.455
1971,3,17,18.707,18.707
1971,3,18,18.515,18.515
1971,3,19,16.05,16.05
1971,3,20,17.711,17.711
1971,3,21,20.869,20.869
1971,3,22,19.721,19.721
1971,3,23,19.97,19.97
1971,3,24,20.053,20.053
1971,3,25,20.857,20.857
1971,3,26,18.281,18.281
1971,3,27,21.565,21.565
1971,3,28,18.968,18.968
1971,3,29,12.7,12.7
1971,3,30,20.319,20.319
1971,3,31,25.515,25.515
1971,4,1,19.16,19.16
1971,4,2,18.11,18.11
1971,4,3,23.936,23.936
1971,4,4,25.742,25.742
1971,4,5,26.82,26.82
1971,4,6,27.936,27.936
1971,4,7,26.09,26.09
1971,4,8,24.084,24.084
1971,4,9,19.751,19.751
1971,4,10,18.834,18.834
1971,4,11,15.948,15.948
1971,4,12,14.052,14.052
1971,4,13,14.613,14.613
1971,4,14,14.958,14.958
1971,4,15,15.404,15.404
1971,4,16,14.833,14.833
1971,4,17,9.798,9.798
1971,4,18,9.823,9.823
1971,4,19,11.36,11.36
1971,4,20,14.004,14.004
1971,4,21,15.294,15.294
1971,4,22,15.567,15.567
1971,4,23,12.991,12.991
1971,4,24,13.132,13.132
1971,4,25,16.709,16.709
1971,4,26,19.974,19.974
1971,4,27,23.729,23.729
1971,4,28,26.621,26.621
1971,4,29,27.837,27.837
1971,4,30,25.985,25.985
1971,5,1,20.514,20.514
1971,5,2,22.596,22.596
1971,5,3,24.009,24.009
1971,5,4,26.591,26.591
1971,5,5,25.378,25.378
1971,5,6,22.838,22.838
1971,5,7,22.744,22.744
1971,5,8,22.298,22.298
1971,5,9,19.637,19.637
1971,5,10,20.115,20.115
1971,5,11,24.182,24.182
1971,5,12,27.824,27.824
1971,5,13,30.146,30.146
1971,5,14,30.847,30.847
1971,5,15,28.679,28.679
1971,5,16,28.812,28.812
1971,5,17,30.554,30.554
1971,5,18,31.227,31.227
1971,5,19,31.453,31.453
1971,5,20,31.215,31.215
1971,5,21,31.74,31.74
1971,5,22,28.674,28.674
1971,5,23,26.224,26.224
1971,5,24,29.61,29.61
1971,5,25,30.045,30.045
1971,5,26,32.718,32.718
1971,5,27,32.842,32.842
1971,5,28,27.044,27.044
1971,5,29,20.879,20.879
1971,5,30,20.956,20.956
1971,5,31,20.808,20.808
1971,6,1,22.466,22.466
1971,6,2,26.619,26.619
1971,6,3,32.724,32.724
1971,6,4,37.149,37.149
1971,6,5,36.23,36.23
1971,6,6,38.016,38.016
1971,6,7,35.041,35.041
1971,6,8,33.477,33.477
1971,6,9,33.223,33.223
1971,6,10,26.583,26.583
1971,6,11,14.734,14.734
1971,6,12,25.664,25.664
1971,6,13,26.537,26.537
1971,6,14,25.265,25.265
1971,6,15,24.102,24.102
1971,6,16,22.058,22.058
1971,6,17,21.057,21.057
1971,6,18,26.077,26.077
1971,6,19,26.414,26.414
1971,6,20,29.706,29.706
1971,6,21,31.649,31.649
1971,6,22,32.7,32.7
1971,6,23,29.725,29.725
1971,6,24,23.865,23.865
1971,6,25,24.686,24.686
1971,6,26,26.674,26.674
1971,6,27,26.953,26.953
1971,6,28,27.906,27.906
1971,6,29,27.54,27.54
1971,6,30,29.053,29.053
1971,7,1,27.633,27.633
1971,7,2,28.833,28.833
1971,7,3,28.141,28.141
1971,7,4,26.886,26.886
1971,7,5,30.345,30.345
1971,7,6,31.599,31.599
1971,7,7,34.01,34.01
1971,7,8,31.703,31.703
1971,7,9,28.301,28.301
1971,7,10,29.872,29.872
1971,7,11,31.273,31.273
1971,7,12,33.689,33.689
1971,7,13,36.004,36.004
1971,7,14,38.139,38.139
1971,7,15,36.099,36.099
1971,7,16,36.299,36.299
1971,7,17,33.512,33.512
1971,7,18,36.56,36.56
1971,7,19,36.922,36.922
1971,7,20,36.112,36.112
1971,7,21,35.187,35.187
1971,7,22,33.766,33.766
1971,7,23,30.959,30.959
1971,7,24,32.196,32.196
1971,7,25,33.876,33.876
1971,7,26,35.306,35.306
1971,7,27,36.684,36.684
1971,7,28,35.514,35.514
1971,7,29,33.328,33.328
1971,7,30,33.039,33.039
1971,7,31,31.483,31.483
1971,8,1,31.083,31.083
1971,8,2,32.083,32.083
1971,8,3,35.27,35.27
1971,8,4,36.124,36.124
1971,8,5,37.184,37.184
1971,8,6,36.427,36.427
1971,8,7,37.676,37.676
1971,8,8,36.423,36.423
1971,8,9,33.33,33.33
1971,8,10,30.349,30.349
1971,8,11,30.025,30.025
1971,8,12,29.347,29.347
1971,8,13,27.562,27.562
1971,8,14,29.44,29.44
1971,8,15,30.901,30.901
1971,8,16,34.531,34.531
1971,8,17,36.111,36.111
1971,8,18,36.08,36.08
1971,8,19,35.925,35.925
1971,8,20,33.071,33.071
1971,8,21,32.031,32.031
1971,8,22,32.096,32.096
1971,8,23,34.106,34.106
1971,8,24,37.392,37.392
1971,8,25,38.027,38.027
1971,8,26,37.632,37.632
1971,8,27,25.642,25.642
1971,8,28,26.543,26.543
1971,8,29,26.011,26.011
1971,8,30,24.638,24.638
1971,8,31,21.313,21.313
1971,9,1,22.759,22.759
1971,9,2,22.592,22.592
1971,9,3,25.399,25.399
1971,9,4,29.85,29.85
1971,9,5,31.651,31.651
1971,9,6,31.171,31.171
1971,9,7,29.095,29.095
1971,9,8,26.162,26.162
1971,9,9,26.664,26.664
1971,9,10,29.195,29.195
1971,9,11,28.883,28.883
1971,9,12,32.163,32.163
1971,9,13,29.095,29.095
1971,9,14,24.557,24.557
1971,9,15,24.104,24.104
1971,9,16,24.907,24.907
1971,9,17,30.042,30.042
1971,9,18,31.105,31.105
1971,9,19,33.283,33.283
1971,9,20,32.663,32.663
1971,9,21,32.083,32.083
1971,9,22,30.274,30.274
1971,9,23,29.502,29.502
1971,9,24,26.384,26.384
1971,9,25,23.486,23.486
1971,9,26,20.267,20.267
1971,9,27,20.512,20.512
1971,9,28,19.463,19.463
1971,9,29,24.029,24.029
1971,9,30,28.664,28.664
1971,10,1,28.729,28.729
1971,10,2,28.917,28.917
1971,10,3,30.236,30.236
1971,10,4,27.492,27.492
1971,10,5,27.442,27.442
1971,10,6,25.012,25.012
1971,10,7,26.087,26.087
1971,10,8,27.844,27.844
1971,10,9,25.299,25.299
1971,10,10,26.331,26.331
1971,10,11,26.978,26.978
1971,10,12,26.218,26.218
1971,10,13,26.286,26.286
1971,10,14,24.976,24.976
1971,10,15,25.678,25.678
1971,10,16,23.102,23.102
1971,10,17,19.385,19.385
1971,10,18,24.153,24.153
1971,10,19,23.104,23.104
1971,10,20,22.613,22.613
1971,10,21,23.031,23.031
1971,10,22,23.201,23.201
1971,10,23,23.614,23.614
1971,10,24,23.87,23.87
1971,10,25,23.339,23.339
1971,10,26,20.804,20.804
1971,10,27,15.699,15.699
1971,10,28,14.772,14.772
1971,10,29,18.434,18.434
1971,10,30,19.448,19.448
1971,10,31,20.716,20.716
1971,11,1,19.696,19.696
1971,11,2,24.433,24.433
1971,11,3,25.103,25.103
1971,11,4,26.126,26.126
1971,11,5,18.008,18.008
1971,11,6,13.236,13.236
1971,11,7,16.75,16.75
1971,11,8,18.89,18.89
1971,11,9,18.998,18.998
1971,11,10,20.483,20.483
1971,11,11,19.754,19.754
1971,11,12,23.432,23.432
1971,11,13,24.021,24.021
1971,11,14,26.064,26.064
1971,11,15,21.648,21.648
1971,11,16,13.76,13.76
1971,11,17,13.076,13.076
1971,11,18,14.896,14.896
1971,11,19,15.483,15.483
1971,11,20,16.425,16.425
1971,11,21,15.648,15.648
1971,11,22,14.45,14.45
1971,11,23,15.004,15.004
1971,11,24,13.616,13.616
1971,11,25,13.899,13.899
1971,11,26,14.733,14.733
1971,11,27,15.323,15.323
1971,11,28,15.383,15.383
1971,11,29,20.213,20.213
1971,11,30,19.069,19.069
1971,12,1,17.323,17.323
1971,12,2,17.745,17.745
1971,12,3,17.478,17.478
1971,12,4,13.542,13.542
1971,12,5,14.876,14.876
1971,12,6,11.626,11.626
1971,12,7,11.942,11.942
1971,12,8,11.757,11.757
1971,12,9,11.548,11.548
1971,12,10,16.053,16.053
1971,12,11,16.496,16.496
1971,12,12,14.984,14.984
1971,12,13,13.842,13.842
1971,12,14,13.608,13.608
1971,12,15,13.474,13.474
1971,12,16,13.998,13.998
1971,12,17,15.168,15.168
1971,12,18,9.002,9.002
1971,12,19,12.457,12.457
1971,12,20,12.898,12.898
1971,12,21,13.489,13.489
1971,12,22,15.84,15.84
1971,12,23,14.723,14.723
1971,12,24,14.466,14.466
1971,12,25,16.79,16.79
1971,12,26,19.236,19.236
1971,12,27,17.642,17.642
1971,12,28,15.672,15.672
1971,12,29,16.71,16.71
1971,12,30,14.929,14.929
1971,12,31,12.661,12.661
1972,1,1,10.555,10.555
1972,1,2,11.134,11.134
1972,1,3,10.773,10.773
1972,1,4,12.245,12.245
1972,1,5,10.448,10.448
1972,1,6,11.855,11.855
1972,1,7,11.28,11.28
1972,1,8,13.772,13.772
1972,1,9,16.163,16.163
1972,1,10,13.686,13.686
1972,1,11,14.098,14.098
1972,1,12,13.498,13.498
1972,1,13,15.013,15.013
1972,1,14,14.064,14.064
1972,1,15,17.283,17.283
1972,1,16,17.395,17.395
1972,1,17,15.024,15.024
1972,1,18,14.438,14.438
1972,1,19,11.758,11.758
1972,1,20,12.965,12.965
1972,1,21,10.863,10.863
1972,1,22,11.207,11.207
1972,1,23,10.121,10.121
1972,1,24,11.403,11.403
1972,1,25,11.514,11.514
1972,1,26,16.787,16.787
1972,1,27,16.377,16.377
1972,1,28,16.544,16.544
1972,1,29,15.19,15.19
1972,1,30,15.725,15.725
1972,1,31,13.742,13.742
1972,2,1,13.183,13.183
1972,2,2,12.282,12.282
1972,2,3,14.183,14.183
1972,2,4,17.316,17.316
1972,2,5,17.643,17.643
1972,2,6,17.881,17.881
1972,2,7,17.468,17.468
1972,2,8,17.229,17.229
1972,2,9,17.047,17.047
1972,2,10,13.677,13.677
1972,2,11,11.613,11.613
1972,2,12,10.87,10.87
1972,2,13,12.774,12.774
1972,2,14,17.033,17.033
1972,2,15,16.133,16.133
1972,2,16,15.065,15.065
1972,2,17,17.991,17.991
1972,2,18,18.386,18.386
1972,2,19,18.257,18.257
1972,2,20,18.573,18.573
1972,2,21,14.207,14.207
1972,2,22,17.551,17.551
1972,2,23,20.254,20.254
1972,2,24,19.85,19.85
1972,2,25,20.736,20.736
1972,2,26,24.213,24.213
1972,2,27,25.651,25.651
1972,2,28,23.58,23.58
1972,2,29,24.151,24.151
1972,3,1,22.119,22.119
1972,3,2,19.702,19.702
1972,3,3,18.806,18.806
1972,3,4,15.491,15.491
1972,3,5,20.256,20.256
1972,3,6,18.956,18.956
1972,3,7,19.202,19.202
1972,3,8,19.692,19.692
1972,3,9,20.4,20.4
1972,3,10,16.202,16.202
1972,3,11,14.707,14.707
1972,3,12,15.066,15.066
1972,3,13,14.303,14.303
1972,3,14,15.579,15.579
1972,3,15,17.596,17.596
1972,3,16,16.71,16.71
1972,3,17,17.059,17.059
1972,3,18,13.051,13.051
1972,3,19,12.618,12.618
1972,3,20,13.282,13.282
1972,3,21,14.834,14.834
1972,3,22,13.884,13.884
1972,3,23,12.928,12.928
1972,3,24,19.832,19.832
1972,3,25,21.771,21.771
1972,3,26,22.379,22.379
1972,3,27,24.44,24.44
1972,3,28,21.891,21.891
1972,3,29,22.846,22.846
1972,3,30,20.346,20.346
1972,3,31,15.755,15.755
1972,4,1,16.25,16.25
1972,4,2,13.784,13.784
1972,4,3,12.277,12.277
1972,4,4,12.279,12.279
1972,4,5,11.227,11.227
1972,4,6,6.531,6.531
1972,4,7,9.405,9.405
1972,4,8,15.802,15.802
1972,4,9,20.003,20.003
1972,4,10,21.777,21.777
1972,4,11,20.111,20.111
1972,4,12,17.456,17.456
1972,4,13,18.282,18.282
1972,4,14,15.629,15.629
1972,4,15,12.696,12.696
1972,4,16,11.328,11.328
1972,4,17,17.516,17.516
1972,4,18,23.363,23.363
1972,4,19,22.811,22.811
1972,4,20,23.381,23.381
1972,4,21,19.964,19.964
1972,4,22,15.94,15.94
1972,4,23,12.235,12.235
1972,4,24,13.121,13.121
1972,4,25,16.48,16.48
1972,4,26,17.058,17.058
1972,4,27,18.821,18.821
1972,4,28,16.387,16.387
1972,4,29,21.5,21.5
1972,4,30,21.012,21.012
1972,5,1,25.51,25.51
1972,5,2,22.712,22.712
1972,5,3,25.282,25.282
1972,5,4,27.927,27.927
1972,5,5,27.442,27.442
1972,5,6,26.278,26.278
1972,5,7,29.51,29.51
1972,5,8,28.6,28.6
1972,5,9,29.334,29.334
1972,5,10,21.185,21.185
1972,5,11,23.092,23.092
1972,5,12,22.283,22.283
1972,5,13,23.433,23.433
1972,5,14,21.823,21.823
1972,5,15,21.661,21.661
1972,5,16,18.567,18.567
1972,5,17,22.118,22.118
1972,5,18,26.734,26.734
1972,5,19,29.976,29.976
1972,5,20,32.097,32.097
1972,5,21,32.919,32.919
1972,5,22,31.8,31.8
1972,5,23,32.024,32.024
1972,5,24,29.313,29.313
1972,5,25,26.543,26.543
1972,5,26,26.182,26.182
1972,5,27,23.238,23.238
1972,5,28,22.113,22.113
1972,5,29,22.522,22.522
1972,5,30,24.342,24.342
1972,5,31,24.011,24.011
1972,6,1,23.884,23.884
1972,6,2,29.431,29.431
1972,6,3,30.906,30.906
1972,6,4,25.274,25.274
1972,6,5,15.711,15.711
1972,6,6,16.596,16.596
1972,6,7,22.769,22.769
1972,6,8,26.196,26.196
1972,6,9,27.619,27.619
1972,6,10,27.586,27.586
1972,6,11,29.624,29.624
1972,6,12,30.471,30.471
1972,6,13,29.221,29.221
1972,6,14,26.522,26.522
1972,6,15,26.34,26.34
1972,6,16,27.593,27.593
1972,6,17,32.247,32.247
1972,6,18,34.368,34.368
1972,6,19,34.664,34.664
1972,6,20,35.819,35.819
1972,6,21,32.934,32.934
1972,6,22,28.913,28.913
1972,6,23,23.057,23.057
1972,6,24,23.159,23.159
1972,6,25,26.69,26.69
1972,6,26,29.55,29.55
1972,6,27,29.138,29.138
1972,6,28,33.22,33.22
1972,6,29,35.477,35.477
1972,6,30,34.944,34.944
1972,7,1,34.505,34.505
1972,7,2,33.041,33.041
1972,7,3,30.818,30.818
1972,7,4,30.557,30.557
1972,7,5,30.197,30.197
1972,7,6,28.407,28.407
1972,7,7,27.704,27.704
1972,7,8,28.954,28.954
1972,7,9,28.01,28.01
1972,7,10,28.202,28.202
1972,7,11,29.704,29.704
1972,7,12,29.026,29.026
1972,7,13,29.369,29.369
1972,7,14,33.239,33.239
1972,7,15,34.08,34.08
1972,7,16,35.54,35.54
1972,7,17,33.648,33.648
1972,7,18,35.42,35.42
1972,7,19,35.837,35.837
1972,7,20,33.796,33.796
1972,7,21,33.314,33.314
1972,7,22,32.49,32.49
1972,7,23,34.822,34.822
1972,7,24,34.868,34.868
1972,7,25,35.737,35.737
1972,7,26,36.18,36.18
1972,7,27,38.087,38.087
1972,7,28,38.301,38.301
1972,7,29,34.481,34.481
1972,7,30,28.324,28.324
1972,7,31,28.208,28.208
1972,8,1,28.042,28.042
1972,8,2,30.139,30.139
1972,8,3,35.674,35.674
1972,8,4,36.619,36.619
1972,8,5,34.499,34.499
1972,8,6,34.953,34.953
1972,8,7,32.411,32.411
1972,8,8,32.495,32.495
1972,8,9,32.165,32.165
1972,8,10,31.475,31.475
1972,8,11,31.197,31.197
1972,8,12,31.062,31.062
1972,8,13,29.844,29.844
1972,8,14,29.187,29.187
1972,8,15,31.58,31.58
1972,8,16,32.088,32.088
1972,8,17,31.494,31.494
1972,8,18,30.036,30.036
1972,8,19,29.88,29.88
1972,8,20,27.43,27.43
1972,8,21,25.882,25.882
1972,8,22,27.83,27.83
1972,8,23,27.28,27.28
1972,8,24,31.282,31.282
1972,8,25,33.692,33.692
1972,8,26,29.421,29.421
1972,8,27,27.155,27.155
1972,8,28,27.323,27.323
1972,8,29,25.183,25.183
1972,8,30,29.031,29.031
1972,8,31,35.896,35.896
1972,9,1,36.187,36.187
1972,9,2,35.644,35.644
1972,9,3,34.11,34.11
1972,9,4,33.139,33.139
1972,9,5,31.832,31.832
1972,9,6,25.16,25.16
1972,9,7,25.295,25.295
1972,9,8,27.809,27.809
1972,9,9,32.696,32.696
1972,9,10,33.775,33.775
1972,9,11,30.825,30.825
1972,9,12,30.959,30.959
1972,9,13,28.196,28.196
1972,9,14,22.078,22.078
1972,9,15,27.365,27.365
1972,9,16,30.631,30.631
1972,9,17,28.14,28.14
1972,9,18,26.367,26.367
1972,9,19,26.02,26.02
1972,9,20,22.502,22.502
1972,9,21,19.469,19.469
1972,9,22,19.963,19.963
1972,9,23,21.825,21.825
1972,9,24,20.759,20.759
1972,9,25,22.548,22.548
1972,9,26,26.028,26.028
1972,9,27,27.899,27.899
1972,9,28,29.696,29.696
1972,9,29,28.25,28.25
1972,9,30,21.6,21.6
1972,10,1,24.457,24.457
1972,10,2,27.617,27.617
1972,10,3,29.522,29.522
1972,10,4,28.409,28.409
1972,10,5,29.976,29.976
1972,10,6,31.278,31.278
1972,10,7,32.244,32.244
1972,10,8,31.08,31.08
1972,10,9,27.864,27.864
1972,10,10,27.509,27.509
1972,10,11,28.322,28.322
1972,10,12,27.794,27.794
1972,10,13,21.481,21.481
1972,10,14,23.981,23.981
1972,10,15,26.854,26.854
1972,10,16,27.171,27.171
1972,10,17,26.699,26.699
1972,10,18,25.229,25.229
1972,10,19,28.646,28.646
1972,10,20,28.915,28.915
1972,10,21,28.752,28.752
1972,10,22,27.496,27.496
1972,10,23,26.265,26.265
1972,10,24,19.846,19.846
1972,10,25,24.406,24.406
1972,10,26,26.74,26.74
1972,10,27,23.473,23.473
1972,10,28,25.299,25.299
1972,10,29,24.005,24.005
1972,10,30,26.34,26.34
1972,10,31,28.849,28.849
1972,11,1,27.826,27.826
1972,11,2,21.172,21.172
1972,11,3,20.729,20.729
1972,11,4,21.338,21.338
1972,11,5,20.368,20.368
1972,11,6,19.9,19.9
1972,11,7,19.53,19.53
1972,11,8,22.139,22.139
1972,11,9,19.872,19.872
1972,11,10,17.986,17.986
1972,11,11,18.378,18.378
1972,11,12,18.248,18.248
1972,11,13,20.634,20.634
1972,11,14,19.58,19.58
1972,11,15,19.785,19.785
1972,11,16,18.164,18.164
1972,11,17,12.553,12.553
1972,11,18,8.632,8.632
1972,11,19,9.49,9.49
1972,11,20,9.537,9.537
1972,11,21,12.268,12.268
1972,11,22,15.845,15.845
1972,11,23,17.985,17.985
1972,11,24,14.626,14.626
1972,11,25,14.351,14.351
1972,11,26,13.368,13.368
1972,11,27,11.777,11.777
1972,11,28,14.278,14.278
1972,11,29,13.501,13.501
1972,11,30,14.495,14.495
1972,12,1,12.893,12.893
1972,12,2,14.875,14.875
1972,12,3,15.228,15.228
1972,12,4,13.022,13.022
1972,12,5,14.386,14.386
1972,12,6,15.711,15.711
1972,12,7,12.45,12.45
1972,12,8,13.354,13.354
1972,12,9,15.376,15.376
1972,12,10,13.133,13.133
1972,12,11,12.957,12.957
1972,12,12,11.779,11.779
1972,12,13,10.575,10.575
1972,12,14,14.719,14.719
1972,12,15,16.662,16.662
1972,12,16,17.765,17.765
1972,12,17,15.499,15.499
1972,12,18,15.649,15.649
1972,12,19,9.946,9.946
1972,12,20,11.569,11.569
1972,12,21,11.568,11.568
1972,12,22,4.934,4.934
1972,12,23,10.078,10.078
1972,12,24,10.689,10.689
1972,12,25,11.703,11.703
1972,12,26,9.203,9.203
1972,12,27,9.063,9.063
1972,12,28,12.232,12.232
1972,12,29,14.638,14.638
1972,12,30,15.413,15.413
1972,12,31,11.604,11.604
1973,1,1,11.917,11.917
1973,1,2,12.63,12.63
1973,1,3,14.31,14.31
1973,1,4,12.906,12.906
1973,1,5,11.816,11.816
1973,1,6,12.272,12.272
1973,1,7,12.619,12.619
1973,1,8,14.725,14.725
1973,1,9,16.109,16.109
1973,1,10,17.137,17.137
1973,1,11,11.314,11.314
1973,1,12,10.259,10.259
1973,1,13,9.871,9.871
1973,1,14,11.931,11.931
1973,1,15,12.44,12.44
1973,1,16,12.168,12.168
1973,1,17,14.446,14.446
1973,1,18,14.846,14.846
1973,1,19,14.923,14.923
1973,1,20,10.837,10.837
1973,1,21,11.776,11.776
1973,1,22,11.208,11.208
1973,1,23,10.838,10.838
1973,1,24,8.501,8.501
1973,1,25,8.821,8.821
1973,1,26,10.87,10.87
1973,1,27,14.181,14.181
1973,1,28,15.217,15.217
1973,1,29,14.474,14.474
1973,1,30,11.881,11.881
1973,1,31,12.461,12.461
1973,2,1,18.142,18.142
1973,2,2,15.301,15.301
1973,2,3,10.916,10.916
1973,2,4,12.882,12.882
1973,2,5,12.12,12.12
1973,2,6,10.778,10.778
1973,2,7,10.94,10.94
1973,2,8,8.556,8.556
1973,2,9,10.214,10.214
1973,2,10,11.79,11.79
1973,2,11,12.473,12.473
1973,2,12,14.228,14.228
1973,2,13,12.278,12.278
1973,2,14,11.744,11.744
1973,2,15,12.513,12.513
1973,2,16,12.815,12.815
1973,2,17,12.244,12.244
1973,2,18,13.325,13.325
1973,2,19,14.081,14.081
1973,2,20,18.416,18.416
1973,2,21,16.259,16.259
1973,2,22,18.027,18.027
1973,2,23,18.879,18.879
1973,2,24,18.923,18.923
1973,2,25,16.101,16.101
1973,2,26,17.378,17.378
1973,2,27,17.48,17.48
1973,2,28,21.862,21.862
1973,3,1,21.688,21.688
1973,3,2,20.275,20.275
1973,3,3,14.592,14.592
1973,3,4,11.847,11.847
1973,3,5,12.937,12.937
1973,3,6,12.687,12.687
1973,3,7,15.454,15.454
1973,3,8,13.688,13.688
1973,3,9,13.712,13.712
1973,3,10,15.431,15.431
1973,3,11,14.43,14.43
1973,3,12,17.94,17.94
1973,3,13,15.909,15.909
1973,3,14,13.395,13.395
1973,3,15,16.322,16.322
1973,3,16,15.586,15.586
1973,3,17,14.326,14.326
1973,3,18,16.802,16.802
1973,3,19,19.49,19.49
1973,3,20,18.631,18.631
1973,3,21,8.486,8.486
1973,3,22,6.379,6.379
1973,3,23,10.873,10.873
1973,3,24,20.116,20.116
1973,3,25,23.853,23.853
1973,3,26,25.217,25.217
1973,3,27,26.418,26.418
1973,3,28,22.99,22.99
1973,3,29,22.134,22.134
1973,3,30,20.135,20.135
1973,3,31,20.449,20.449
1973,4,1,18.154,18.154
1973,4,2,18.64,18.64
1973,4,3,18.3,18.3
1973,4,4,18.502,18.502
1973,4,5,22.936,22.936
1973,4,6,20.173,20.173
1973,4,7,10.425,10.425
1973,4,8,12.55,12.55
1973,4,9,14.763,14.763
1973,4,10,16.942,16.942
1973,4,11,15.972,15.972
1973,4,12,15.043,15.043
1973,4,13,8.65,8.65
1973,4,14,10.635,10.635
1973,4,15,15.71,15.71
1973,4,16,17.837,17.837
1973,4,17,16.761,16.761
1973,4,18,14.987,14.987
1973,4,19,15.663,15.663
1973,4,20,16.72,16.72
1973,4,21,20.576,20.576
1973,4,22,25.01,25.01
1973,4,23,28.711,28.711
1973,4,24,27.402,27.402
1973,4,25,26.759,26.759
1973,4,26,25.373,25.373
1973,4,27,26.01,26.01
1973,4,28,28.403,28.403
1973,4,29,26.904,26.904
1973,4,30,25.06,25.06
1973,5,1,24.699,24.699
1973,5,2,24.233,24.233
1973,5,3,19.347,19.347
1973,5,4,21.077,21.077
1973,5,5,20.578,20.578
1973,5,6,16.494,16.494
1973,5,7,14.032,14.032
1973,5,8,15.42,15.42
1973,5,9,16.231,16.231
1973,5,10,16.18,16.18
1973,5,11,14.992,14.992
1973,5,12,15.452,15.452
1973,5,13,15.283,15.283
1973,5,14,19.725,19.725
1973,5,15,23.382,23.382
1973,5,16,21.168,21.168
1973,5,17,20.908,20.908
1973,5,18,21.773,21.773
1973,5,19,24.676,24.676
1973,5,20,26.328,26.328
1973,5,21,28.664,28.664
1973,5,22,32.252,32.252
1973,5,23,33.793,33.793
1973,5,24,32.5,32.5
1973,5,25,29.116,29.116
1973,5,26,29.209,29.209
1973,5,27,28.46,28.46
1973,5,28,25.873,25.873
1973,5,29,25.449,25.449
1973,5,30,25.603,25.603
1973,5,31,26.0,26.0
1973,6,1,25.773,25.773
1973,6,2,24.025,24.025
1973,6,3,20.508,20.508
1973,6,4,21.181,21.181
1973,6,5,22.056,22.056
1973,6,6,23.927,23.927
1973,6,7,26.866,26.866
1973,6,8,26.848,26.848
1973,6,9,26.242,26.242
1973,6,10,23.653,23.653
1973,6,11,23.845,23.845
1973,6,12,26.631,26.631
1973,6,13,27.015,27.015
1973,6,14,30.58,30.58
1973,6,15,33.965,33.965
1973,6,16,36.542,36.542
1973,6,17,36.312,36.312
1973,6,18,36.552,36.552
1973,6,19,35.487,35.487
1973,6,20,36.22,36.22
1973,6,21,34.495,34.495
1973,6,22,33.92,33.92
1973,6,23,33.351,33.351
1973,6,24,32.401,32.401
1973,6,25,28.953,28.953
1973,6,26,27.337,27.337
1973,6,27,30.547,30.547
1973,6,28,32.209,32.209
1973,6,29,31.892,31.892
1973,6,30,31.022,31.022
1973,7,1,32.951,32.951
1973,7,2,34.634,34.634
1973,7,3,35.027,35.027
1973,7,4,35.746,35.746
1973,7,5,36.976,36.976
1973,7,6,37.782,37.782
1973,7,7,38.111,38.111
1973,7,8,37.517,37.517
1973,7,9,37.986,37.986
1973,7,10,31.668,31.668
1973,7,11,30.445,30.445
1973,7,12,30.155,30.155
1973,7,13,33.177,33.177
1973,7,14,33.419,33.419
1973,7,15,34.013,34.013
1973,7,16,36.3,36.3
1973,7,17,35.764,35.764
1973,7,18,35.432,35.432
1973,7,19,31.626,31.626
1973,7,20,33.014,33.014
1973,7,21,32.027,32.027
1973,7,22,28.207,28.207
1973,7,23,32.566,32.566
1973,7,24,32.686,32.686
1973,7,25,32.471,32.471
1973,7,26,35.298,35.298
1973,7,27,35.327,35.327
1973,7,28,35.28,35.28
1973,7,29,35.835,35.835
1973,7,30,32.951,32.951
1973,7,31,33.98,33.98
1973,8,1,36.253,36.253
1973,8,2,37.117,37.117
1973,8,3,37.71,37.71
1973,8,4,36.325,36.325
1973,8,5,28.377,28.377
1973,8,6,26.507,26.507
1973,8,7,29.37,29.37
1973,8,8,32.161,32.161
1973,8,9,29.317,29.317
1973,8,10,29.355,29.355
1973,8,11,29.183,29.183
1973,8,12,30.975,30.975
1973,8,13,32.445,32.445
1973,8,14,32.908,32.908
1973,8,15,34.352,34.352
1973,8,16,34.137,34.137
1973,8,17,33.584,33.584
1973,8,18,33.856,33.856
1973,8,19,36.133,36.133
1973,8,20,35.077,35.077
1973,8,21,36.33,36.33
1973,8,22,37.823,37.823
1973,8,23,37.919,37.919
1973,8,24,37.165,37.165
1973,8,25,34.804,34.804
1973,8,26,39.095,39.095
1973,8,27,35.138,35.138
1973,8,28,34.224,34.224
1973,8,29,34.328,34.328
1973,8,30,32.541,32.541
1973,8,31,34.594,34.594
1973,9,1,32.63,32.63
1973,9,2,29.051,29.051
1973,9,3,29.943,29.943
1973,9,4,28.041,28.041
1973,9,5,31.189,31.189
1973,9,6,29.391,29.391
1973,9,7,27.858,27.858
1973,9,8,28.421,28.421
1973,9,9,29.72,29.72
1973,9,10,29.186,29.186
1973,9,11,26.493,26.493
1973,9,12,29.753,29.753
1973,9,13,29.198,29.198
1973,9,14,29.924,29.924
1973,9,15,28.904,28.904
1973,9,16,25.108,25.108
1973,9,17,26.859,26.859
1973,9,18,27.144,27.144
1973,9,19,27.155,27.155
1973,9,20,30.798,30.798
1973,9,21,30.69,30.69
1973,9,22,30.81,30.81
1973,9,23,31.339,31.339
1973,9,24,30.532,30.532
1973,9,25,27.772,27.772
1973,9,26,28.553,28.553
1973,9,27,30.049,30.049
1973,9,28,33.475,33.475
1973,9,29,35.114,35.114
1973,9,30,37.185,37.185
1973,10,1,36.294,36.294
1973,10,2,32.977,32.977
1973,10,3,29.417,29.417
1973,10,4,26.77,26.77
1973,10,5,25.245,25.245
1973,10,6,25.296,25.296
1973,10,7,29.558,29.558
1973,10,8,32.128,32.128
1973,10,9,32.755,32.755
1973,10,10,31.806,31.806
1973,10,11,27.025,27.025
1973,10,12,21.268,21.268
1973,10,13,22.025,22.025
1973,10,14,22.04,22.04
1973,10,15,23.099,23.099
1973,10,16,24.429,24.429
1973,10,17,27.756,27.756
1973,10,18,28.165,28.165
1973,10,19,30.138,30.138
1973,10,20,30.31,30.31
1973,10,21,30.779,30.779
1973,10,22,24.39,24.39
1973,10,23,21.332,21.332
1973,10,24,24.567,24.567
1973,10,25,28.577,28.577
1973,10,26,26.338,26.338
1973,10,27,19.372,19.372
1973,10,28,20.807,20.807
1973,10,29,21.476,21.476
1973,10,30,22.16,22.16
1973,10,31,20.502,20.502
1973,11,1,17.929,17.929
1973,11,2,17.54,17.54
1973,11,3,17.646,17.646
1973,11,4,20.445,20.445
1973,11,5,19.946,19.946
1973,11,6,18.366,18.366
1973,11,7,11.59,11.59
1973,11,8,14.493,14.493
1973,11,9,15.235,15.235
1973,11,10,18.435,18.435
1973,11,11,17.937,17.937
1973,11,12,18.859,18.859
1973,11,13,19.659,19.659
1973,11,14,14.324,14.324
1973,11,15,13.055,13.055
1973,11,16,14.252,14.252
1973,11,17,15.786,15.786
1973,11,18,15.604,15.604
1973,11,19,11.688,11.688
1973,11,20,11.275,11.275
1973,11,21,12.836,12.836
1973,11,22,12.93,12.93
1973,11,23,11.662,11.662
1973,11,24,9.814,9.814
1973,11,25,10.714,10.714
1973,11,26,13.813,13.813
1973,11,27,13.65,13.65
1973,11,28,13.921,13.921
1973,11,29,14.869,14.869
1973,11,30,15.819,15.819
1973,12,1,14.923,14.923
1973,12,2,14.136,14.136
1973,12,3,15.278,15.278
1973,12,4,12.526,12.526
1973,12,5,10.261,10.261
1973,12,6,8.821,8.821
1973,12,7,10.611,10.611
1973,12,8,9.59,9.59
1973,12,9,10.674,10.674
1973,12,10,13.711,13.711
1973,12,11,14.553,14.553
1973,12,12,15.518,15.518
1973,12,13,17.811,17.811
1973,12,14,18.937,18.937
1973,12,15,18.252,18.252
1973,12,16,14.127,14.127
1973,12,17,16.967,16.967
1973,12,18,14.935,14.935
1973,12,19,16.531,16.531
1973,12,20,15.936,15.936
1973,12,21,15.792,15.792
1973,12,22,15.417,15.417
1973,12,23,16.286,16.286
1973,12,24,12.584,12.584
1973,12,25,14.2,14.2
1973,12,26,15.911,15.911
1973,12,27,14.305,14.305
1973,12,28,16.165,16.165
1973,12,29,17.46,17.46
1973,12,30,16.57,16.57
1973,12,31,16.62,16.62
1974,1,1,13.957,13.957
1974,1,2,12.636,12.636
1974,1,3,12.14,12.14
1974,1,4,12.694,12.694
1974,1,5,11.05,11.05
1974,1,6,10.61,10.61
1974,1,7,6.371,6.371
1974,1,8,7.428,7.428
1974,1,9,8.335,8.335
1974,1,10,6.451,6.451
1974,1,11,6.739,6.739
1974,1,12,8.014,8.014
1974,1,13,9.71,9.71
1974,1,14,7.847,7.847
1974,1,15,10.941,10.941
1974,1,16,10.656,10.656
1974,1,17,9.325,9.325
1974,1,18,9.987,9.987
1974,1,19,9.216,9.216
1974,1,20,9.591,9.591
1974,1,21,10.188,10.188
1974,1,22,10.051,10.051
1974,1,23,9.917,9.917
1974,1,24,8.769,8.769
1974,1,25,11.715,11.715
1974,1,26,12.421,12.421
1974,1,27,11.625,11.625
1974,1,28,14.525,14.525
1974,1,29,10.455,10.455
1974,1,30,11.865,11.865
1974,1,31,12.684,12.684
1974,2,1,12.822,12.822
1974,2,2,10.533,10.533
1974,2,3,9.893,9.893
1974,2,4,11.193,11.193
1974,2,5,12.389,12.389
1974,2,6,12.311,12.311
1974,2,7,13.248,13.248
1974,2,8,15.416,15.416
1974,2,9,17.165,17.165
1974,2,10,19.945,19.945
1974,2,11,17.579,17.579
1974,2,12,18.44,18.44
1974,2,13,14.791,14.791
1974,2,14,10.974,10.974
1974,2,15,10.94,10.94
1974,2,16,13.38,13.38
1974,2,17,12.336,12.336
1974,2,18,11.809,11.809
1974,2,19,12.366,12.366
1974,2,20,15.705,15.705
1974,2,21,15.9,15.9
1974,2,22,17.267,17.267
1974,2,23,16.997,16.997
1974,2,24,16.35,16.35
1974,2,25,18.145,18.145
1974,2,26,17.49,17.49
1974,2,27,11.599,11.599
1974,2,28,10.608,10.608
1974,3,1,14.206,14.206
1974,3,2,14.493,14.493
1974,3,3,16.161,16.161
1974,3,4,14.886,14.886
1974,3,5,15.133,15.133
1974,3,6,19.913,19.913
1974,3,7,18.319,18.319
1974,3,8,18.768,18.768
1974,3,9,18.408,18.408
1974,3,10,20.473,20.473
1974,3,11,22.15,22.15
1974,3,12,22.127,22.127
1974,3,13,18.896,18.896
1974,3,14,17.955,17.955
1974,3,15,17.968,17.968
1974,3,16,14.273,14.273
1974,3,17,13.527,13.527
1974,3,18,13.93,13.93
1974,3,19,15.644,15.644
1974,3,20,15.295,15.295
1974,3,21,16.049,16.049
1974,3,22,16.152,16.152
1974,3,23,18.038,18.038
1974,3,24,20.871,20.871
1974,3,25,23.081,23.081
1974,3,26,18.041,18.041
1974,3,27,15.324,15.324
1974,3,28,17.904,17.904
1974,3,29,16.945,16.945
1974,3,30,18.239,18.239
1974,3,31,19.573,19.573
1974,4,1,20.351,20.351
1974,4,2,18.523,18.523
1974,4,3,22.508,22.508
1974,4,4,26.788,26.788
1974,4,5,24.409,24.409
1974,4,6,18.695,18.695
1974,4,7,16.715,16.715
1974,4,8,14.238,14.238
1974,4,9,13.378,13.378
1974,4,10,19.971,19.971
1974,4,11,23.258,23.258
1974,4,12,21.931,21.931
1974,4,13,20.318,20.318
1974,4,14,20.657,20.657
1974,4,15,23.323,23.323
1974,4,16,24.666,24.666
1974,4,17,29.234,29.234
1974,4,18,27.833,27.833
1974,4,19,27.054,27.054
1974,4,20,26.212,26.212
1974,4,21,22.434,22.434
1974,4,22,19.402,19.402
1974,4,23,21.391,21.391
1974,4,24,21.515,21.515
1974,4,25,21.275,21.275
1974,4,26,19.803,19.803
1974,4,27,20.008,20.008
1974,4,28,17.989,17.989
1974,4,29,18.179,18.179
1974,4,30,22.647,22.647
1974,5,1,21.41,21.41
1974,5,2,19.134,19.134
1974,5,3,19.361,19.361
1974,5,4,23.069,23.069
1974,5,5,25.09,25.09
1974,5,6,26.079,26.079
1974,5,7,23.532,23.532
1974,5,8,20.009,20.009
1974,5,9,18.425,18.425
1974,5,10,22.091,22.091
1974,5,11,22.815,22.815
1974,5,12,24.112,24.112
1974,5,13,25.723,25.723
1974,5,14,24.982,24.982
1974,5,15,20.444,20.444
1974,5,16,19.199,19.199
1974,5,17,18.652,18.652
1974,5,18,18.459,18.459
1974,5,19,19.219,19.219
1974,5,20,24.107,24.107
1974,5,21,28.017,28.017
1974,5,22,29.571,29.571
1974,5,23,28.13,28.13
1974,5,24,24.187,24.187
1974,5,25,23.323,23.323
1974,5,26,25.356,25.356
1974,5,27,25.237,25.237
1974,5,28,20.998,20.998
1974,5,29,20.476,20.476
1974,5,30,18.253,18.253
1974,5,31,15.362,15.362
1974,6,1,19.135,19.135
1974,6,2,21.349,21.349
1974,6,3,21.988,21.988
1974,6,4,23.285,23.285
1974,6,5,23.237,23.237
1974,6,6,21.486,21.486
1974,6,7,25.984,25.984
1974,6,8,27.325,27.325
1974,6,9,24.494,24.494
1974,6,10,22.336,22.336
1974,6,11,20.067,20.067
1974,6,12,22.756,22.756
1974,6,13,28.193,28.193
1974,6,14,32.216,32.216
1974,6,15,34.422,34.422
1974,6,16,36.657,36.657
1974,6,17,36.65,36.65
1974,6,18,37.275,37.275
1974,6,19,35.939,35.939
1974,6,20,33.627,33.627
1974,6,21,33.508,33.508
1974,6,22,33.642,33.642
1974,6,23,32.373,32.373
1974,6,24,28.929,28.929
1974,6,25,31.396,31.396
1974,6,26,30.254,30.254
1974,6,27,29.355,29.355
1974,6,28,30.834,30.834
1974,6,29,33.003,33.003
1974,6,30,33.668,33.668
1974,7,1,35.758,35.758
1974,7,2,34.227,34.227
1974,7,3,29.356,29.356
1974,7,4,24.954,24.954
1974,7,5,26.648,26.648
1974,7,6,26.069,26.069
1974,7,7,28.578,28.578
1974,7,8,29.271,29.271
1974,7,9,28.933,28.933
1974,7,10,30.737,30.737
1974,7,11,33.055,33.055
1974,7,12,33.582,33.582
1974,7,13,34.595,34.595
1974,7,14,36.551,36.551
1974,7,15,37.514,37.514
1974,7,16,32.702,32.702
1974,7,17,31.757,31.757
1974,7,18,34.254,34.254
1974,7,19,35.416,35.416
1974,7,20,35.063,35.063
1974,7,21,35.416,35.416
1974,7,22,38.855,38.855
1974,7,23,38.829,38.829
1974,7,24,38.925,38.925
1974,7,25,38.454,38.454
1974,7,26,38.238,38.238
1974,7,27,37.005,37.005
1974,7,28,36.713,36.713
1974,7,29,34.256,34.256
1974,7,30,33.917,33.917
1974,7,31,34.883,34.883
1974,8,1,36.634,36.634
1974,8,2,37.583,37.583
1974,8,3,38.674,38.674
1974,8,4,37.664,37.664
1974,8,5,33.638,33.638
1974,8,6,30.418,30.418
1974,8,7,30.709,30.709
1974,8,8,28.899,28.899
1974,8,9,30.652,30.652
1974,8,10,30.954,30.954
1974,8,11,32.103,32.103
1974,8,12,35.874,35.874
1974,8,13,36.77,36.77
1974,8,14,36.661,36.661
1974,8,15,37.984,37.984
1974,8,16,35.661,35.661
1974,8,17,32.944,32.944
1974,8,18,32.654,32.654
1974,8,19,30.958,30.958
1974,8,20,29.721,29.721
1974,8,21,32.034,32.034
1974,8,22,32.124,32.124
1974,8,23,34.332,34.332
1974,8,24,34.574,34.574
1974,8,25,34.644,34.644
1974,8,26,35.504,35.504
1974,8,27,37.322,37.322
1974,8,28,36.997,36.997
1974,8,29,35.56,35.56
1974,8,30,33.96,33.96
1974,8,31,31.052,31.052
1974,9,1,32.101,32.101
1974,9,2,31.467,31.467
1974,9,3,32.936,32.936
1974,9,4,32.986,32.986
1974,9,5,32.53,32.53
1974,9,6,29.371,29.371
1974,9,7,29.933,29.933
1974,9,8,32.187,32.187
1974,9,9,33.688,33.688
1974,9,10,33.517,33.517
1974,9,11,33.328,33.328
1974,9,12,33.714,33.714
1974,9,13,26.346,26.346
1974,9,14,32.594,32.594
1974,9,15,30.548,30.548
1974,9,16,32.288,32.288
1974,9,17,27.241,27.241
1974,9,18,29.106,29.106
1974,9,19,28.763,28.763
1974,9,20,28.034,28.034
1974,9,21,26.411,26.411
1974,9,22,23.101,23.101
1974,9,23,24.39,24.39
1974,9,24,30.88,30.88
1974,9,25,32.784,32.784
1974,9,26,29.173,29.173
1974,9,27,27.134,27.134
1974,9,28,25.729,25.729
1974,9,29,28.539,28.539
1974,9,30,30.492,30.492
1974,10,1,32.221,32.221
1974,10,2,32.145,32.145
1974,10,3,27.332,27.332
1974,10,4,22.498,22.498
1974,10,5,19.457,19.457
1974,10,6,18.314,18.314
1974,10,7,18.167,18.167
1974,10,8,20.008,20.008
1974,10,9,21.406,21.406
1974,10,10,24.882,24.882
1974,10,11,25.14,25.14
1974,10,12,25.268,25.268
1974,10,13,28.176,28.176
1974,10,14,29.336,29.336
1974,10,15,30.066,30.066
1974,10,16,31.223,31.223
1974,10,17,30.755,30.755
1974,10,18,30.74,30.74
1974,10,19,23.549,23.549
1974,10,20,22.579,22.579
1974,10,21,22.938,22.938
1974,10,22,23.356,23.356
1974,10,23,25.644,25.644
1974,10,24,26.646,26.646
1974,10,25,27.681,27.681
1974,10,26,30.171,30.171
1974,10,27,22.177,22.177
1974,10,28,23.018,23.018
1974,10,29,23.493,23.493
1974,10,30,21.941,21.941
1974,10,31,22.122,22.122
1974,11,1,18.256,18.256
1974,11,2,17.22,17.22
1974,11,3,17.449,17.449
1974,11,4,20.18,20.18
1974,11,5,18.1,18.1
1974,11,6,13.418,13.418
1974,11,7,12.117,12.117
1974,11,8,15.085,15.085
1974,11,9,13.225,13.225
1974,11,10,11.697,11.697
1974,11,11,15.211,15.211
1974,11,12,15.753,15.753
1974,11,13,15.553,15.553
1974,11,14,17.447,17.447
1974,11,15,14.233,14.233
1974,11,16,9.031,9.031
1974,11,17,10.358,10.358
1974,11,18,11.415,11.415
1974,11,19,13.305,13.305
1974,11,20,18.982,18.982
1974,11,21,21.681,21.681
1974,11,22,20.578,20.578
1974,11,23,16.298,16.298
1974,11,24,16.199,16.199
1974,11,25,16.337,16.337
1974,11,26,16.371,16.371
1974,11,27,20.577,20.577
1974,11,28,16.904,16.904
1974,11,29,15.671,15.671
1974,11,30,15.181,15.181
1974,12,1,14.502,14.502
1974,12,2,17.017,17.017
1974,12,3,17.965,17.965
1974,12,4,18.653,18.653
1974,12,5,17.537,17.537
1974,12,6,17.598,17.598
1974,12,7,16.264,16.264
1974,12,8,16.121,16.121
1974,12,9,17.388,17.388
1974,12,10,17.391,17.391
1974,12,11,15.932,15.932
1974,12,12,15.399,15.399
1974,12,13,16.209,16.209
1974,12,14,18.159,18.159
1974,12,15,18.804,18.804
1974,12,16,16.849,16.849
1974,12,17,14.811,14.811
1974,12,18,15.21,15.21
1974,12,19,15.081,15.081
1974,12,20,15.641,15.641
1974,12,21,15.337,15.337
1974,12,22,16.023,16.023
1974,12,23,11.169,11.169
1974,12,24,7.154,7.154
1974,12,25,6.15,6.15
1974,12,26,6.003,6.003
1974,12,27,4.134,4.134
1974,12,28,5.211,5.211
1974,12,29,9.862,9.862
1974,12,30,11.051,11.051
1974,12,31,10.976,10.976
1975,1,1,10.667,10.667
1975,1,2,6.513,6.513
1975,1,3,4.077,4.077
1975,1,4,5.534,5.534
1975,1,5,4.38,4.38
1975,1,6,4.612,4.612
1975,1,7,7.956,7.956
1975,1,8,7.038,7.038
1975,1,9,9.606,9.606
1975,1,10,11.349,11.349
1975,1,11,11.734,11.734
1975,1,12,11.646,11.646
1975,1,13,13.076,13.076
1975,1,14,12.468,12.468
1975,1,15,12.625,12.625
1975,1,16,13.376,13.376
1975,1,17,10.813,10.813
1975,1,18,10.724,10.724
1975,1,19,10.832,10.832
1975,1,20,12.535,12.535
1975,1,21,12.997,12.997
1975,1,22,15.051,15.051
1975,1,23,16.201,16.201
1975,1,24,16.164,16.164
1975,1,25,12.96,12.96
1975,1,26,14.878,14.878
1975,1,27,17.354,17.354
1975,1,28,17.802,17.802
1975,1,29,19.459,19.459
1975,1,30,18.555,18.555
1975,1,31,19.108,19.108
1975,2,1,18.923,18.923
1975,2,2,19.236,19.236
1975,2,3,20.094,20.094
1975,2,4,19.821,19.821
1975,2,5,18.01,18.01
1975,2,6,15.351,15.351
1975,2,7,15.109,15.109
1975,2,8,16.055,16.055
1975,2,9,16.455,16.455
1975,2,10,16.015,16.015
1975,2,11,8.616,8.616
1975,2,12,10.316,10.316
1975,2,13,8.193,8.193
1975,2,14,9.756,9.756
1975,2,15,12.808,12.808
1975,2,16,9.716,9.716
1975,2,17,10.828,10.828
1975,2,18,11.525,11.525
1975,2,19,11.107,11.107
1975,2,20,7.555,7.555
1975,2,21,5.857,5.857
1975,2,22,12.39,12.39
1975,2,23,12.793,12.793
1975,2,24,15.631,15.631
1975,2,25,19.134,19.134
1975,2,26,16.213,16.213
1975,2,27,13.986,13.986
1975,2,28,12.292,12.292
1975,3,1,6.533,6.533
1975,3,2,9.98,9.98
1975,3,3,16.486,16.486
1975,3,4,15.141,15.141
1975,3,5,12.631,12.631
1975,3,6,11.64,11.64
1975,3,7,15.35,15.35
1975,3,8,19.084,19.084
1975,3,9,19.776,19.776
1975,3,10,20.786,20.786
1975,3,11,24.45,24.45
1975,3,12,25.902,25.902
1975,3,13,26.215,26.215
1975,3,14,20.734,20.734
1975,3,15,22.799,22.799
1975,3,16,25.964,25.964
1975,3,17,27.74,27.74
1975,3,18,27.723,27.723
1975,3,19,28.081,28.081
1975,3,20,26.768,26.768
1975,3,21,23.337,23.337
1975,3,22,23.4,23.4
1975,3,23,20.964,20.964
1975,3,24,22.13,22.13
1975,3,25,23.379,23.379
1975,3,26,21.978,21.978
1975,3,27,20.841,20.841
1975,3,28,22.175,22.175
1975,3,29,25.848,25.848
1975,3,30,24.742,24.742
1975,3,31,18.688,18.688
1975,4,1,10.902,10.902
1975,4,2,10.446,10.446
1975,4,3,14.26,14.26
1975,4,4,14.136,14.136
1975,4,5,13.272,13.272
1975,4,6,11.259,11.259
1975,4,7,16.021,16.021
1975,4,8,20.363,20.363
1975,4,9,24.39,24.39
1975,4,10,25.366,25.366
1975,4,11,24.102,24.102
1975,4,12,19.686,19.686
1975,4,13,18.861,18.861
1975,4,14,16.337,16.337
1975,4,15,17.398,17.398
1975,4,16,17.035,17.035
1975,4,17,13.832,13.832
1975,4,18,9.629,9.629
1975,4,19,6.976,6.976
1975,4,20,6.615,6.615
1975,4,21,12.012,12.012
1975,4,22,17.674,17.674
1975,4,23,20.881,20.881
1975,4,24,21.715,21.715
1975,4,25,17.893,17.893
1975,4,26,19.002,19.002
1975,4,27,18.243,18.243
1975,4,28,14.405,14.405
1975,4,29,7.389,7.389
1975,4,30,10.525,10.525
1975,5,1,15.77,15.77
1975,5,2,12.846,12.846
1975,5,3,11.369,11.369
1975,5,4,8.91,8.91
1975,5,5,17.114,17.114
1975,5,6,17.32,17.32
1975,5,7,21.897,21.897
1975,5,8,22.236,22.236
1975,5,9,26.054,26.054
1975,5,10,29.315,29.315
1975,5,11,31.265,31.265
1975,5,12,29.801,29.801
1975,5,13,30.998,30.998
1975,5,14,31.115,31.115
1975,5,15,28.553,28.553
1975,5,16,27.441,27.441
1975,5,17,24.163,24.163
1975,5,18,23.329,23.329
1975,5,19,24.155,24.155
1975,5,20,22.328,22.328
1975,5,21,18.027,18.027
1975,5,22,16.906,16.906
1975,5,23,16.237,16.237
1975,5,24,18.087,18.087
1975,5,25,15.29,15.29
1975,5,26,16.443,16.443
1975,5,27,22.804,22.804
1975,5,28,22.558,22.558
1975,5,29,25.763,25.763
1975,5,30,29.157,29.157
1975,5,31,27.293,27.293
1975,6,1,27.833,27.833
1975,6,2,28.602,28.602
1975,6,3,32.41,32.41
1975,6,4,34.912,34.912
1975,6,5,37.893,37.893
1975,6,6,34.444,34.444
1975,6,7,24.904,24.904
1975,6,8,25.907,25.907
1975,6,9,27.465,27.465
1975,6,10,25.799,25.799
1975,6,11,24.93,24.93
1975,6,12,27.229,27.229
1975,6,13,29.679,29.679
1975,6,14,26.306,26.306
1975,6,15,23.182,23.182
1975,6,16,27.273,27.273
1975,6,17,27.644,27.644
1975,6,18,29.897,29.897
1975,6,19,32.093,32.093
1975,6,20,31.132,31.132
1975,6,21,31.163,31.163
1975,6,22,34.099,34.099
1975,6,23,33.729,33.729
1975,6,24,35.74,35.74
1975,6,25,35.977,35.977
1975,6,26,36.816,36.816
1975,6,27,38.023,38.023
1975,6,28,37.523,37.523
1975,6,29,37.5,37.5
1975,6,30,34.454,34.454
1975,7,1,33.587,33.587
1975,7,2,31.686,31.686
1975,7,3,29.932,29.932
1975,7,4,31.27,31.27
1975,7,5,31.74,31.74
1975,7,6,30.528,30.528
1975,7,7,33.723,33.723
1975,7,8,32.077,32.077
1975,7,9,30.454,30.454
1975,7,10,31.832,31.832
1975,7,11,30.01,30.01
1975,7,12,31.772,31.772
1975,7,13,35.715,35.715
1975,7,14,35.844,35.844
1975,7,15,35.252,35.252
1975,7,16,33.159,33.159
1975,7,17,32.422,32.422
1975,7,18,33.119,33.119
1975,7,19,34.979,34.979
1975,7,20,35.461,35.461
1975,7,21,35.216,35.216
1975,7,22,33.28,33.28
1975,7,23,33.94,33.94
1975,7,24,35.441,35.441
1975,7,25,36.602,36.602
1975,7,26,37.274,37.274
1975,7,27,36.702,36.702
1975,7,28,35.402,35.402
1975,7,29,31.485,31.485
1975,7,30,31.408,31.408
1975,7,31,29.816,29.816
1975,8,1,28.345,28.345
1975,8,2,27.499,27.499
1975,8,3,27.472,27.472
1975,8,4,31.343,31.343
1975,8,5,34.659,34.659
1975,8,6,36.002,36.002
1975,8,7,35.427,35.427
1975,8,8,33.311,33.311
1975,8,9,33.359,33.359
1975,8,10,31.885,31.885
1975,8,11,32.571,32.571
1975,8,12,32.238,32.238
1975,8,13,33.892,33.892
1975,8,14,31.742,31.742
1975,8,15,29.207,29.207
1975,8,16,31.32,31.32
1975,8,17,32.053,32.053
1975,8,18,31.776,31.776
1975,8,19,32.462,32.462
1975,8,20,29.998,29.998
1975,8,21,28.386,28.386
1975,8,22,28.869,28.869
1975,8,23,29.963,29.963
1975,8,24,33.757,33.757
1975,8,25,35.349,35.349
1975,8,26,36.047,36.047
1975,8,27,35.324,35.324
1975,8,28,33.04,33.04
1975,8,29,36.407,36.407
1975,8,30,36.532,36.532
1975,8,31,36.372,36.372
1975,9,1,36.829,36.829
1975,9,2,39.087,39.087
1975,9,3,38.359,38.359
1975,9,4,37.699,37.699
1975,9,5,37.199,37.199
1975,9,6,34.856,34.856
1975,9,7,35.739,35.739
1975,9,8,38.408,38.408
1975,9,9,37.733,37.733
1975,9,10,34.76,34.76
1975,9,11,35.25,35.25
1975,9,12,32.963,32.963
1975,9,13,30.843,30.843
1975,9,14,26.382,26.382
1975,9,15,27.32,27.32
1975,9,16,29.028,29.028
1975,9,17,24.44,24.44
1975,9,18,22.264,22.264
1975,9,19,25.786,25.786
1975,9,20,28.149,28.149
1975,9,21,30.247,30.247
1975,9,22,30.203,30.203
1975,9,23,33.119,33.119
1975,9,24,33.169,33.169
1975,9,25,36.896,36.896
1975,9,26,37.321,37.321
1975,9,27,28.603,28.603
1975,9,28,29.01,29.01
1975,9,29,29.847,29.847
1975,9,30,29.482,29.482
1975,10,1,26.611,26.611
1975,10,2,25.436,25.436
1975,10,3,24.488,24.488
1975,10,4,22.747,22.747
1975,10,5,24.439,24.439
1975,10,6,24.272,24.272
1975,10,7,25.341,25.341
1975,10,8,26.176,26.176
1975,10,9,23.485,23.485
1975,10,10,21.967,21.967
1975,10,11,20.721,20.721
1975,10,12,19.679,19.679
1975,10,13,21.622,21.622
1975,10,14,23.121,23.121
1975,10,15,22.857,22.857
1975,10,16,23.435,23.435
1975,10,17,23.718,23.718
1975,10,18,22.05,22.05
1975,10,19,21.17,21.17
1975,10,20,21.652,21.652
1975,10,21,22.733,22.733
1975,10,22,24.573,24.573
1975,10,23,18.015,18.015
1975,10,24,16.805,16.805
1975,10,25,17.048,17.048
1975,10,26,18.477,18.477
1975,10,27,18.998,18.998
1975,10,28,16.695,16.695
1975,10,29,21.355,21.355
1975,10,30,20.93,20.93
1975,10,31,21.521,21.521
1975,11,1,21.378,21.378
1975,11,2,18.676,18.676
1975,11,3,18.757,18.757
1975,11,4,20.405,20.405
1975,11,5,23.227,23.227
1975,11,6,25.281,25.281
1975,11,7,25.792,25.792
1975,11,8,26.89,26.89
1975,11,9,23.761,23.761
1975,11,10,13.862,13.862
1975,11,11,10.505,10.505
1975,11,12,11.836,11.836
1975,11,13,11.514,11.514
1975,11,14,12.203,12.203
1975,11,15,15.907,15.907
1975,11,16,17.088,17.088
1975,11,17,14.04,14.04
1975,11,18,14.447,14.447
1975,11,19,16.377,16.377
1975,11,20,15.663,15.663
1975,11,21,14.624,14.624
1975,11,22,11.413,11.413
1975,11,23,10.106,10.106
1975,11,24,14.373,14.373
1975,11,25,14.975,14.975
1975,11,26,15.029,15.029
1975,11,27,15.19,15.19
1975,11,28,12.64,12.64
1975,11,29,10.212,10.212
1975,11,30,16.147,16.147
1975,12,1,13.427,13.427
1975,12,2,15.429,15.429
1975,12,3,15.82,15.82
1975,12,4,19.116,19.116
1975,12,5,19.296,19.296
1975,12,6,16.323,16.323
1975,12,7,14.358,14.358
1975,12,8,13.757,13.757
1975,12,9,15.396,15.396
1975,12,10,15.832,15.832
1975,12,11,16.488,16.488
1975,12,12,19.882,19.882
1975,12,13,18.299,18.299
1975,12,14,15.977,15.977
1975,12,15,16.959,16.959
1975,12,16,10.475,10.475
1975,12,17,7.595,7.595
1975,12,18,12.351,12.351
1975,12,19,12.773,12.773
1975,12,20,12.931,12.931
1975,12,21,14.316,14.316
1975,12,22,14.122,14.122
1975,12,23,13.63,13.63
1975,12,24,13.608,13.608
1975,12,25,10.671,10.671
1975,12,26,13.674,13.674
1975,12,27,11.867,11.867
1975,12,28,11.173,11.173
1975,12,29,6.722,6.722
1975,12,30,8.312,8.312
1975,12,31,9.511,9.511
1976,1,1,9.262,9.262
1976,1,2,10.686,10.686
1976,1,3,8.542,8.542
1976,1,4,6.713,6.713
1976,1,5,12.039,12.039
1976,1,6,9.982,9.982
1976,1,7,8.929,8.929
1976,1,8,11.266,11.266
1976,1,9,9.834,9.834
1976,1,10,10.391,10.391
1976,1,11,9.747,9.747
1976,1,12,9.751,9.751
1976,1,13,9.351,9.351
1976,1,14,4.629,4.629
1976,1,15,9.35,9.35
1976,1,16,8.485,8.485
1976,1,17,10.115,10.115
1976,1,18,9.103,9.103
1976,1,19,8.462,8.462
1976,1,20,4.228,4.228
1976,1,21,8.921,8.921
1976,1,22,6.121,6.121
1976,1,23,8.498,8.498
1976,1,24,10.166,10.166
1976,1,25,9.992,9.992
1976,1,26,10.613,10.613
1976,1,27,10.072,10.072
1976,1,28,7.439,7.439
1976,1,29,10.027,10.027
1976,1,30,9.675,9.675
1976,1,31,9.886,9.886
1976,2,1,10.483,10.483
1976,2,2,9.38,9.38
1976,2,3,10.135,10.135
1976,2,4,10.592,10.592
1976,2,5,12.285,12.285
1976,2,6,14.884,14.884
1976,2,7,14.735,14.735
1976,2,8,13.449,13.449
1976,2,9,12.685,12.685
1976,2,10,14.48,14.48
1976,2,11,15.273,15.273
1976,2,12,14.438,14.438
1976,2,13,12.641,12.641
1976,2,14,12.772,12.772
1976,2,15,11.405,11.405
1976,2,16,14.439,14.439
1976,2,17,16.373,16.373
1976,2,18,12.981,12.981
1976,2,19,12.854,12.854
1976,2,20,15.421,15.421
1976,2,21,17.649,17.649
1976,2,22,16.472,16.472
1976,2,23,19.647,19.647
1976,2,24,19.521,19.521
1976,2,25,12.531,12.531
1976,2,26,12.122,12.122
1976,2,27,10.657,10.657
1976,2,28,10.925,10.925
1976,2,29,14.47,14.47
1976,3,1,18.133,18.133
1976,3,2,21.431,21.431
1976,3,3,20.326,20.326
1976,3,4,19.798,19.798
1976,3,5,21.033,21.033
1976,3,6,19.915,19.915
1976,3,7,20.681,20.681
1976,3,8,17.607,17.607
1976,3,9,14.274,14.274
1976,3,10,12.067,12.067
1976,3,11,12.822,12.822
1976,3,12,11.761,11.761
1976,3,13,12.719,12.719
1976,3,14,12.36,12.36
1976,3,15,14.619,14.619
1976,3,16,16.051,16.051
1976,3,17,16.105,16.105
1976,3,18,17.298,17.298
1976,3,19,15.647,15.647
1976,3,20,15.358,15.358
1976,3,21,15.754,15.754
1976,3,22,13.676,13.676
1976,3,23,16.916,16.916
1976,3,24,20.96,20.96
1976,3,25,25.341,25.341
1976,3,26,24.534,24.534
1976,3,27,25.125,25.125
1976,3,28,22.457,22.457
1976,3,29,17.908,17.908
1976,3,30,16.619,16.619
1976,3,31,21.077,21.077
1976,4,1,20.616,20.616
1976,4,2,20.997,20.997
1976,4,3,18.975,18.975
1976,4,4,16.113,16.113
1976,4,5,18.422,18.422
1976,4,6,22.333,22.333
1976,4,7,22.636,22.636
1976,4,8,22.185,22.185
1976,4,9,20.336,20.336
1976,4,10,19.362,19.362
1976,4,11,25.442,25.442
1976,4,12,24.975,24.975
1976,4,13,20.318,20.318
1976,4,14,17.207,17.207
1976,4,15,12.863,12.863
1976,4,16,13.654,13.654
1976,4,17,11.43,11.43
1976,4,18,17.423,17.423
1976,4,19,18.54,18.54
1976,4,20,18.191,18.191
1976,4,21,14.227,14.227
1976,4,22,8.953,8.953
1976,4,23,15.301,15.301
1976,4,24,18.198,18.198
1976,4,25,17.765,17.765
1976,4,26,17.897,17.897
1976,4,27,17.641,17.641
1976,4,28,13.766,13.766
1976,4,29,14.651,14.651
1976,4,30,16.714,16.714
1976,5,1,18.36,18.36
1976,5,2,21.634,21.634
1976,5,3,22.922,22.922
1976,5,4,19.877,19.877
1976,5,5,17.374,17.374
1976,5,6,15.121,15.121
1976,5,7,14.619,14.619
1976,5,8,15.699,15.699
1976,5,9,13.512,13.512
1976,5,10,20.097,20.097
1976,5,11,22.889,22.889
1976,5,12,29.416,29.416
1976,5,13,31.477,31.477
1976,5,14,30.696,30.696
1976,5,15,31.75,31.75
1976,5,16,33.091,33.091
1976,5,17,33.523,33.523
1976,5,18,32.847,32.847
1976,5,19,34.291,34.291
1976,5,20,34.026,34.026
1976,5,21,34.06,34.06
1976,5,22,34.135,34.135
1976,5,23,33.471,33.471
1976,5,24,31.604,31.604
1976,5,25,24.306,24.306
1976,5,26,21.183,21.183
1976,5,27,22.912,22.912
1976,5,28,24.255,24.255
1976,5,29,24.418,24.418
1976,5,30,25.473,25.473
1976,5,31,24.16,24.16
1976,6,1,23.365,23.365
1976,6,2,24.439,24.439
1976,6,3,23.647,23.647
1976,6,4,21.643,21.643
1976,6,5,20.413,20.413
1976,6,6,20.173,20.173
1976,6,7,19.876,19.876
1976,6,8,16.544,16.544
1976,6,9,15.051,15.051
1976,6,10,16.617,16.617
1976,6,11,19.124,19.124
1976,6,12,20.815,20.815
1976,6,13,21.051,21.051
1976,6,14,19.812,19.812
1976,6,15,19.394,19.394
1976,6,16,25.148,25.148
1976,6,17,26.052,26.052
1976,6,18,25.065,25.065
1976,6,19,22.223,22.223
1976,6,20,21.608,21.608
1976,6,21,23.846,23.846
1976,6,22,19.629,19.629
1976,6,23,22.439,22.439
1976,6,24,22.577,22.577
1976,6,25,22.689,22.689
1976,6,26,26.478,26.478
1976,6,27,26.437,26.437
1976,6,28,26.48,26.48
1976,6,29,24.373,24.373
1976,6,30,17.789,17.789
1976,7,1,16.287,16.287
1976,7,2,20.882,20.882
1976,7,3,22.153,22.153
1976,7,4,21.981,21.981
1976,7,5,25.651,25.651
1976,7,6,28.42,28.42
1976,7,7,32.581,32.581
1976,7,8,34.573,34.573
1976,7,9,37.64,37.64
1976,7,10,39.903,39.903
1976,7,11,39.053,39.053
1976,7,12,38.409,38.409
1976,7,13,36.589,36.589
1976,7,14,37.272,37.272
1976,7,15,36.038,36.038
1976,7,16,32.881,32.881
1976,7,17,28.538,28.538
1976,7,18,29.896,29.896
1976,7,19,28.773,28.773
1976,7,20,27.789,27.789
1976,7,21,28.243,28.243
1976,7,22,29.303,29.303
1976,7,23,28.86,28.86
1976,7,24,28.604,28.604
1976,7,25,33.136,33.136
1976,7,26,33.365,33.365
1976,7,27,37.369,37.369
1976,7,28,39.364,39.364
1976,7,29,40.866,40.866
1976,7,30,40.495,40.495
1976,7,31,40.216,40.216
1976,8,1,38.362,38.362
1976,8,2,35.294,35.294
1976,8,3,32.727,32.727
1976,8,4,31.457,31.457
1976,8,5,32.333,32.333
1976,8,6,31.926,31.926
1976,8,7,29.918,29.918
1976,8,8,30.406,30.406
1976,8,9,33.465,33.465
1976,8,10,32.771,32.771
1976,8,11,35.064,35.064
1976,8,12,35.84,35.84
1976,8,13,35.293,35.293
1976,8,14,34.171,34.171
1976,8,15,31.356,31.356
1976,8,16,28.957,28.957
1976,8,17,31.244,31.244
1976,8,18,31.157,31.157
1976,8,19,30.306,30.306
1976,8,20,28.362,28.362
1976,8,21,27.975,27.975
1976,8,22,31.288,31.288
1976,8,23,34.085,34.085
1976,8,24,33.682,33.682
1976,8,25,33.915,33.915
1976,8,26,33.82,33.82
1976,8,27,33.541,33.541
1976,8,28,35.041,35.041
1976,8,29,33.859,33.859
1976,8,30,33.425,33.425
1976,8,31,28.979,28.979
1976,9,1,25.835,25.835
1976,9,2,25.27,25.27
1976,9,3,28.175,28.175
1976,9,4,28.035,28.035
1976,9,5,29.689,29.689
1976,9,6,32.021,32.021
1976,9,7,33.669,33.669
1976,9,8,32.991,32.991
1976,9,9,32.316,32.316
1976,9,10,32.728,32.728
1976,9,11,33.875,33.875
1976,9,12,35.167,35.167
1976,9,13,33.004,33.004
1976,9,14,29.673,29.673
1976,9,15,28.935,28.935
1976,9,16,28.778,28.778
1976,9,17,27.253,27.253
1976,9,18,22.608,22.608
1976,9,19,22.197,22.197
1976,9,20,22.088,22.088
1976,9,21,22.99,22.99
1976,9,22,30.424,30.424
1976,9,23,30.052,30.052
1976,9,24,35.517,35.517
1976,9,25,35.098,35.098
1976,9,26,36.065,36.065
1976,9,27,33.606,33.606
1976,9,28,28.268,28.268
1976,9,29,29.498,29.498
1976,9,30,26.063,26.063
1976,10,1,25.539,25.539
1976,10,2,30.328,30.328
1976,10,3,31.039,31.039
1976,10,4,31.298,31.298
1976,10,5,29.757,29.757
1976,10,6,32.127,32.127
1976,10,7,33.954,33.954
1976,10,8,32.954,32.954
1976,10,9,31.202,31.202
1976,10,10,28.492,28.492
1976,10,11,24.04,24.04
1976,10,12,22.18,22.18
1976,10,13,27.57,27.57
1976,10,14,30.483,30.483
1976,10,15,30.957,30.957
1976,10,16,20.988,20.988
1976,10,17,18.402,18.402
1976,10,18,19.802,19.802
1976,10,19,22.633,22.633
1976,10,20,22.811,22.811
1976,10,21,24.258,24.258
1976,10,22,22.443,22.443
1976,10,23,21.565,21.565
1976,10,24,20.644,20.644
1976,10,25,23.377,23.377
1976,10,26,21.62,21.62
1976,10,27,21.753,21.753
1976,10,28,22.065,22.065
1976,10,29,22.009,22.009
1976,10,30,19.936,19.936
1976,10,31,14.518,14.518
1976,11,1,16.379,16.379
1976,11,2,18.906,18.906
1976,11,3,19.378,19.378
1976,11,4,19.712,19.712
1976,11,5,18.889,18.889
1976,11,6,19.176,19.176
1976,11,7,20.505,20.505
1976,11,8,23.596,23.596
1976,11,9,23.072,23.072
1976,11,10,23.582,23.582
1976,11,11,24.658,24.658
1976,11,12,24.994,24.994
1976,11,13,24.867,24.867
1976,11,14,23.343,23.343
1976,11,15,21.537,21.537
1976,11,16,20.796,20.796
1976,11,17,20.174,20.174
1976,11,18,24.527,24.527
1976,11,19,22.26,22.26
1976,11,20,17.234,17.234
1976,11,21,13.376,13.376
1976,11,22,11.419,11.419
1976,11,23,14.817,14.817
1976,11,24,13.248,13.248
1976,11,25,16.216,16.216
1976,11,26,18.029,18.029
1976,11,27,14.671,14.671
1976,11,28,11.724,11.724
1976,11,29,15.022,15.022
1976,11,30,12.641,12.641
1976,12,1,13.083,13.083
1976,12,2,11.373,11.373
1976,12,3,9.988,9.988
1976,12,4,11.002,11.002
1976,12,5,11.315,11.315
1976,12,6,8.806,8.806
1976,12,7,7.751,7.751
1976,12,8,3.893,3.893
1976,12,9,3.859,3.859
1976,12,10,4.905,4.905
1976,12,11,6.873,6.873
1976,12,12,7.453,7.453
1976,12,13,6.351,6.351
1976,12,14,9.194,9.194
1976,12,15,11.776,11.776
1976,12,16,15.028,15.028
1976,12,17,13.192,13.192
1976,12,18,8.67,8.67
1976,12,19,7.051,7.051
1976,12,20,4.109,4.109
1976,12,21,8.907,8.907
1976,12,22,12.775,12.775
1976,12,23,13.803,13.803
1976,12,24,13.014,13.014
1976,12,25,11.714,11.714
1976,12,26,11.103,11.103
1976,12,27,11.063,11.063
1976,12,28,11.882,11.882
1976,12,29,12.759,12.759
1976,12,30,13.345,13.345
1976,12,31,14.569,14.569
1977,1,1,13.203,13.203
1977,1,2,12.906,12.906
1977,1,3,15.692,15.692
1977,1,4,17.554,17.554
1977,1,5,16.409,16.409
1977,1,6,16.723,16.723
1977,1,7,15.209,15.209
1977,1,8,13.454,13.454
1977,1,9,11.723,11.723
1977,1,10,13.093,13.093
1977,1,11,12.191,12.191
1977,1,12,16.871,16.871
1977,1,13,11.077,11.077
1977,1,14,12.844,12.844
1977,1,15,13.374,13.374
1977,1,16,11.92,11.92
1977,1,17,13.099,13.099
1977,1,18,15.552,15.552
1977,1,19,17.141,17.141
1977,1,20,15.204,15.204
1977,1,21,16.158,16.158
1977,1,22,12.232,12.232
1977,1,23,11.668,11.668
1977,1,24,12.61,12.61
1977,1,25,12.904,12.904
1977,1,26,10.441,10.441
1977,1,27,13.957,13.957
1977,1,28,11.811,11.811
1977,1,29,14.419,14.419
1977,1,30,15.767,15.767
1977,1,31,15.869,15.869
1977,2,1,17.07,17.07
1977,2,2,18.435,18.435
1977,2,3,17.764,17.764
1977,2,4,18.922,18.922
1977,2,5,20.65,20.65
1977,2,6,17.046,17.046
1977,2,7,15.24,15.24
1977,2,8,13.764,13.764
1977,2,9,16.376,16.376
1977,2,10,17.043,17.043
1977,2,11,18.016,18.016
1977,2,12,16.124,16.124
1977,2,13,18.64,18.64
1977,2,14,15.555,15.555
1977,2,15,13.834,13.834
1977,2,16,13.803,13.803
1977,2,17,12.985,12.985
1977,2,18,14.444,14.444
1977,2,19,14.908,14.908
1977,2,20,13.118,13.118
1977,2,21,10.527,10.527
1977,2,22,8.625,8.625
1977,2,23,8.535,8.535
1977,2,24,10.662,10.662
1977,2,25,11.204,11.204
1977,2,26,12.49,12.49
1977,2,27,15.332,15.332
1977,2,28,15.51,15.51
1977,3,1,15.402,15.402
1977,3,2,16.417,16.417
1977,3,3,15.489,15.489
1977,3,4,15.377,15.377
1977,3,5,17.809,17.809
1977,3,6,15.002,15.002
1977,3,7,18.926,18.926
1977,3,8,16.503,16.503
1977,3,9,19.438,19.438
1977,3,10,15.557,15.557
1977,3,11,13.524,13.524
1977,3,12,15.969,15.969
1977,3,13,20.78,20.78
1977,3,14,21.599,21.599
1977,3,15,18.357,18.357
1977,3,16,12.466,12.466
1977,3,17,11.424,11.424
1977,3,18,12.644,12.644
1977,3,19,17.848,17.848
1977,3,20,19.954,19.954
1977,3,21,22.234,22.234
1977,3,22,26.226,26.226
1977,3,23,27.262,27.262
1977,3,24,24.54,24.54
1977,3,25,17.503,17.503
1977,3,26,21.178,21.178
1977,3,27,21.825,21.825
1977,3,28,20.183,20.183
1977,3,29,19.97,19.97
1977,3,30,23.128,23.128
1977,3,31,23.834,23.834
1977,4,1,25.26,25.26
1977,4,2,24.075,24.075
1977,4,3,26.741,26.741
1977,4,4,24.085,24.085
1977,4,5,21.171,21.171
1977,4,6,18.767,18.767
1977,4,7,22.598,22.598
1977,4,8,22.781,22.781
1977,4,9,22.128,22.128
1977,4,10,18.536,18.536
1977,4,11,14.899,14.899
1977,4,12,17.886,17.886
1977,4,13,17.71,17.71
1977,4,14,19.433,19.433
1977,4,15,19.37,19.37
1977,4,16,15.956,15.956
1977,4,17,15.172,15.172
1977,4,18,14.882,14.882
1977,4,19,19.911,19.911
1977,4,20,23.752,23.752
1977,4,21,26.016,26.016
1977,4,22,27.092,27.092
1977,4,23,26.623,26.623
1977,4,24,26.82,26.82
1977,4,25,22.734,22.734
1977,4,26,22.303,22.303
1977,4,27,21.364,21.364
1977,4,28,20.448,20.448
1977,4,29,24.247,24.247
1977,4,30,24.32,24.32
1977,5,1,21.724,21.724
1977,5,2,17.596,17.596
1977,5,3,22.027,22.027
1977,5,4,22.256,22.256
1977,5,5,22.877,22.877
1977,5,6,20.905,20.905
1977,5,7,19.817,19.817
1977,5,8,22.273,22.273
1977,5,9,25.133,25.133
1977,5,10,26.63,26.63
1977,5,11,28.188,28.188
1977,5,12,29.697,29.697
1977,5,13,29.112,29.112
1977,5,14,29.964,29.964
1977,5,15,32.23,32.23
1977,5,16,30.364,30.364
1977,5,17,32.172,32.172
1977,5,18,31.789,31.789
1977,5,19,31.346,31.346
1977,5,20,25.079,25.079
1977,5,21,20.43,20.43
1977,5,22,24.363,24.363
1977,5,23,26.808,26.808
1977,5,24,24.902,24.902
1977,5,25,26.708,26.708
1977,5,26,27.594,27.594
1977,5,27,31.394,31.394
1977,5,28,29.204,29.204
1977,5,29,21.514,21.514
1977,5,30,25.254,25.254
1977,5,31,26.2,26.2
1977,6,1,26.635,26.635
1977,6,2,22.05,22.05
1977,6,3,23.887,23.887
1977,6,4,29.786,29.786
1977,6,5,30.743,30.743
1977,6,6,31.168,31.168
1977,6,7,30.005,30.005
1977,6,8,30.657,30.657
1977,6,9,30.147,30.147
1977,6,10,30.23,30.23
1977,6,11,28.739,28.739
1977,6,12,30.101,30.101
1977,6,13,28.725,28.725
1977,6,14,29.569,29.569
1977,6,15,30.424,30.424
1977,6,16,28.125,28.125
1977,6,17,25.966,25.966
1977,6,18,31.424,31.424
1977,6,19,34.181,34.181
1977,6,20,34.626,34.626
1977,6,21,33.287,33.287
1977,6,22,34.509,34.509
1977,6,23,34.921,34.921
1977,6,24,35.449,35.449
1977,6,25,35.793,35.793
1977,6,26,34.787,34.787
1977,6,27,37.332,37.332
1977,6,28,35.319,35.319
1977,6,29,33.841,33.841
1977,6,30,32.948,32.948
1977,7,1,31.923,31.923
1977,7,2,31.925,31.925
1977,7,3,31.434,31.434
1977,7,4,27.134,27.134
1977,7,5,31.134,31.134
1977,7,6,34.506,34.506
1977,7,7,36.654,36.654
1977,7,8,37.377,37.377
1977,7,9,36.445,36.445
1977,7,10,35.482,35.482
1977,7,11,34.593,34.593
1977,7,12,31.584,31.584
1977,7,13,35.452,35.452
1977,7,14,37.047,37.047
1977,7,15,38.256,38.256
1977,7,16,36.695,36.695
1977,7,17,34.984,34.984
1977,7,18,35.77,35.77
1977,7,19,35.037,35.037
1977,7,20,32.137,32.137
1977,7,21,32.417,32.417
1977,7,22,30.082,30.082
1977,7,23,33.174,33.174
1977,7,24,33.727,33.727
1977,7,25,33.631,33.631
1977,7,26,33.521,33.521
1977,7,27,28.067,28.067
1977,7,28,23.694,23.694
1977,7,29,29.624,29.624
1977,7,30,30.276,30.276
1977,7,31,32.719,32.719
1977,8,1,33.766,33.766
1977,8,2,33.801,33.801
1977,8,3,34.814,34.814
1977,8,4,31.496,31.496
1977,8,5,30.462,30.462
1977,8,6,31.243,31.243
1977,8,7,30.668,30.668
1977,8,8,32.771,32.771
1977,8,9,37.456,37.456
1977,8,10,37.294,37.294
1977,8,11,36.459,36.459
1977,8,12,34.878,34.878
1977,8,13,33.82,33.82
1977,8,14,34.769,34.769
1977,8,15,35.817,35.817
1977,8,16,34.605,34.605
1977,8,17,35.59,35.59
1977,8,18,35.328,35.328
1977,8,19,34.521,34.521
1977,8,20,33.311,33.311
1977,8,21,29.637,29.637
1977,8,22,24.174,24.174
1977,8,23,22.603,22.603
1977,8,24,25.842,25.842
1977,8,25,29.311,29.311
1977,8,26,33.572,33.572
1977,8,27,36.441,36.441
1977,8,28,35.452,35.452
1977,8,29,31.885,31.885
1977,8,30,30.16,30.16
1977,8,31,28.525,28.525
1977,9,1,21.799,21.799
1977,9,2,19.829,19.829
1977,9,3,24.377,24.377
1977,9,4,24.293,24.293
1977,9,5,26.333,26.333
1977,9,6,28.235,28.235
1977,9,7,28.934,28.934
1977,9,8,28.626,28.626
1977,9,9,28.715,28.715
1977,9,10,25.444,25.444
1977,9,11,27.66,27.66
1977,9,12,28.951,28.951
1977,9,13,28.61,28.61
1977,9,14,26.524,26.524
1977,9,15,28.983,28.983
1977,9,16,32.039,32.039
1977,9,17,32.826,32.826
1977,9,18,31.351,31.351
1977,9,19,27.226,27.226
1977,9,20,21.185,21.185
1977,9,21,22.598,22.598
1977,9,22,23.067,23.067
1977,9,23,28.669,28.669
1977,9,24,31.724,31.724
1977,9,25,30.338,30.338
1977,9,26,25.9,25.9
1977,9,27,22.029,22.029
1977,9,28,26.765,26.765
1977,9,29,28.58,28.58
1977,9,30,26.021,26.021
1977,10,1,24.512,24.512
1977,10,2,25.965,25.965
1977,10,3,23.579,23.579
1977,10,4,23.111,23.111
1977,10,5,27.464,27.464
1977,10,6,27.551,27.551
1977,10,7,27.955,27.955
1977,10,8,23.378,23.378
1977,10,9,22.503,22.503
1977,10,10,19.961,19.961
1977,10,11,19.772,19.772
1977,10,12,20.134,20.134
1977,10,13,19.894,19.894
1977,10,14,25.028,25.028
1977,10,15,28.095,28.095
1977,10,16,28.979,28.979
1977,10,17,30.216,30.216
1977,10,18,30.991,30.991
1977,10,19,29.867,29.867
1977,10,20,26.992,26.992
1977,10,21,22.184,22.184
1977,10,22,19.49,19.49
1977,10,23,17.603,17.603
1977,10,24,19.675,19.675
1977,10,25,21.575,21.575
1977,10,26,24.493,24.493
1977,10,27,25.771,25.771
1977,10,28,25.538,25.538
1977,10,29,27.731,27.731
1977,10,30,26.137,26.137
1977,10,31,26.241,26.241
1977,11,1,25.096,25.096
1977,11,2,25.082,25.082
1977,11,3,27.489,27.489
1977,11,4,27.268,27.268
1977,11,5,27.609,27.609
1977,11,6,26.708,26.708
1977,11,7,27.339,27.339
1977,11,8,28.449,28.449
1977,11,9,28.275,28.275
1977,11,10,27.056,27.056
1977,11,11,25.627,25.627
1977,11,12,21.696,21.696
1977,11,13,16.491,16.491
1977,11,14,19.029,19.029
1977,11,15,18.518,18.518
1977,11,16,16.364,16.364
1977,11,17,14.967,14.967
1977,11,18,16.641,16.641
1977,11,19,13.917,13.917
1977,11,20,17.87,17.87
1977,11,21,17.009,17.009
1977,11,22,15.261,15.261
1977,11,23,19.826,19.826
1977,11,24,19.287,19.287
1977,11,25,16.877,16.877
1977,11,26,18.561,18.561
1977,11,27,17.009,17.009
1977,11,28,14.104,14.104
1977,11,29,14.704,14.704
1977,11,30,19.191,19.191
1977,12,1,16.264,16.264
1977,12,2,17.118,17.118
1977,12,3,17.519,17.519
1977,12,4,14.42,14.42
1977,12,5,13.347,13.347
1977,12,6,9.84,9.84
1977,12,7,8.81,8.81
1977,12,8,9.167,9.167
1977,12,9,11.687,11.687
1977,12,10,12.096,12.096
1977,12,11,12.349,12.349
1977,12,12,12.323,12.323
1977,12,13,12.461,12.461
1977,12,14,15.645,15.645
1977,12,15,19.418,19.418
1977,12,16,19.878,19.878
1977,12,17,20.44,20.44
1977,12,18,23.647,23.647
1977,12,19,24.078,24.078
1977,12,20,17.487,17.487
1977,12,21,18.093,18.093
1977,12,22,15.759,15.759
1977,12,23,20.168,20.168
1977,12,24,18.35,18.35
1977,12,25,15.595,15.595
1977,12,26,17.54,17.54
1977,12,27,17.614,17.614
1977,12,28,15.395,15.395
1977,12,29,15.188,15.188
1977,12,30,11.926,11.926
1977,12,31,13.288,13.288
1978,1,1,11.294,11.294
1978,1,2,12.871,12.871
1978,1,3,16.739,16.739
1978,1,4,17.846,17.846
1978,1,5,23.424,23.424
1978,1,6,19.444,19.444
1978,1,7,21.403,21.403
1978,1,8,21.117,21.117
1978,1,9,19.125,19.125
1978,1,10,16.484,16.484
1978,1,11,18.842,18.842
1978,1,12,18.3,18.3
1978,1,13,13.358,13.358
1978,1,14,12.326,12.326
1978,1,15,10.534,10.534
1978,1,16,9.978,9.978
1978,1,17,11.398,11.398
1978,1,18,14.911,14.911
1978,1,19,15.46,15.46
1978,1,20,16.435,16.435
1978,1,21,16.31,16.31
1978,1,22,17.92,17.92
1978,1,23,15.831,15.831
1978,1,24,12.882,12.882
1978,1,25,12.631,12.631
1978,1,26,10.8,10.8
1978,1,27,8.083,8.083
1978,1,28,11.964,11.964
1978,1,29,12.86,12.86
1978,1,30,15.739,15.739
1978,1,31,16.251,16.251
1978,2,1,16.238,16.238
1978,2,2,16.441,16.441
1978,2,3,17.641,17.641
1978,2,4,18.001,18.001
1978,2,5,15.11,15.11
1978,2,6,16.298,16.298
1978,2,7,13.657,13.657
1978,2,8,12.964,12.964
1978,2,9,13.173,13.173
1978,2,10,11.487,11.487
1978,2,11,8.208,8.208
1978,2,12,8.496,8.496
1978,2,13,11.331,11.331
1978,2,14,10.155,10.155
1978,2,15,14.354,14.354
1978,2,16,16.286,16.286
1978,2,17,14.092,14.092
1978,2,18,12.791,12.791
1978,2,19,11.283,11.283
1978,2,20,10.2,10.2
1978,2,21,12.182,12.182
1978,2,22,14.871,14.871
1978,2,23,16.124,16.124
1978,2,24,16.16,16.16
1978,2,25,15.475,15.475
1978,2,26,14.926,14.926
1978,2,27,13.947,13.947
1978,2,28,15.679,15.679
1978,3,1,14.735,14.735
1978,3,2,12.928,12.928
1978,3,3,15.497,15.497
1978,3,4,15.959,15.959
1978,3,5,13.769,13.769
1978,3,6,13.519,13.519
1978,3,7,15.172,15.172
1978,3,8,14.538,14.538
1978,3,9,17.878,17.878
1978,3,10,18.516,18.516
1978,3,11,24.778,24.778
1978,3,12,25.804,25.804
1978,3,13,24.657,24.657
1978,3,14,22.629,22.629
1978,3,15,24.621,24.621
1978,3,16,17.79,17.79
1978,3,17,11.033,11.033
1978,3,18,12.655,12.655
1978,3,19,16.373,16.373
1978,3,20,19.047,19.047
1978,3,21,19.698,19.698
1978,3,22,20.591,20.591
1978,3,23,19.545,19.545
1978,3,24,19.621,19.621
1978,3,25,20.116,20.116
1978,3,26,20.515,20.515
1978,3,27,18.396,18.396
1978,3,28,18.381,18.381
1978,3,29,15.303,15.303
1978,3,30,14.146,14.146
1978,3,31,18.821,18.821
1978,4,1,21.334,21.334
1978,4,2,23.543,23.543
1978,4,3,18.203,18.203
1978,4,4,16.695,16.695
1978,4,5,16.759,16.759
1978,4,6,22.601,22.601
1978,4,7,25.394,25.394
1978,4,8,23.772,23.772
1978,4,9,17.259,17.259
1978,4,10,13.364,13.364
1978,4,11,13.153,13.153
1978,4,12,17.706,17.706
1978,4,13,20.909,20.909
1978,4,14,18.593,18.593
1978,4,15,14.535,14.535
1978,4,16,13.768,13.768
1978,4,17,13.559,13.559
1978,4,18,15.805,15.805
1978,4,19,15.755,15.755
1978,4,20,17.001,17.001
1978,4,21,18.261,18.261
1978,4,22,16.38,16.38
1978,4,23,12.696,12.696
1978,4,24,14.885,14.885
1978,4,25,20.147,20.147
1978,4,26,18.586,18.586
1978,4,27,14.931,14.931
1978,4,28,14.427,14.427
1978,4,29,15.099,15.099
1978,4,30,16.576,16.576
1978,5,1,18.994,18.994
1978,5,2,18.832,18.832
1978,5,3,15.962,15.962
1978,5,4,23.38,23.38
1978,5,5,28.335,28.335
1978,5,6,30.061,30.061
1978,5,7,30.659,30.659
1978,5,8,31.291,31.291
1978,5,9,32.398,32.398
1978,5,10,32.81,32.81
1978,5,11,33.104,33.104
1978,5,12,29.121,29.121
1978,5,13,27.158,27.158
1978,5,14,21.76,21.76
1978,5,15,20.523,20.523
1978,5,16,18.925,18.925
1978,5,17,17.474,17.474
1978,5,18,19.64,19.64
1978,5,19,22.474,22.474
1978,5,20,24.385,24.385
1978,5,21,23.947,23.947
1978,5,22,25.802,25.802
1978,5,23,25.834,25.834
1978,5,24,24.653,24.653
1978,5,25,22.335,22.335
1978,5,26,26.567,26.567
1978,5,27,22.324,22.324
1978,5,28,21.468,21.468
1978,5,29,17.093,17.093
1978,5,30,15.071,15.071
1978,5,31,22.848,22.848
1978,6,1,26.606,26.606
1978,6,2,29.359,29.359
1978,6,3,28.823,28.823
1978,6,4,27.719,27.719
1978,6,5,29.275,29.275
1978,6,6,27.09,27.09
1978,6,7,25.067,25.067
1978,6,8,26.311,26.311
1978,6,9,27.073,27.073
1978,6,10,28.065,28.065
1978,6,11,31.21,31.21
1978,6,12,30.992,30.992
1978,6,13,27.299,27.299
1978,6,14,23.166,23.166
1978,6,15,22.81,22.81
1978,6,16,27.075,27.075
1978,6,17,29.217,29.217
1978,6,18,32.272,32.272
1978,6,19,32.104,32.104
1978,6,20,32.555,32.555
1978,6,21,32.88,32.88
1978,6,22,31.229,31.229
1978,6,23,30.331,30.331
1978,6,24,31.076,31.076
1978,6,25,33.67,33.67
1978,6,26,34.705,34.705
1978,6,27,32.054,32.054
1978,6,28,31.312,31.312
1978,6,29,29.791,29.791
1978,6,30,28.771,28.771
1978,7,1,26.186,26.186
1978,7,2,24.583,24.583
1978,7,3,23.796,23.796
1978,7,4,25.494,25.494
1978,7,5,26.02,26.02
1978,7,6,25.125,25.125
1978,7,7,24.156,24.156
1978,7,8,25.642,25.642
1978,7,9,28.61,28.61
1978,7,10,29.604,29.604
1978,7,11,30.562,30.562
1978,7,12,34.073,34.073
1978,7,13,34.545,34.545
1978,7,14,35.45,35.45
1978,7,15,35.127,35.127
1978,7,16,32.848,32.848
1978,7,17,31.634,31.634
1978,7,18,32.955,32.955
1978,7,19,36.234,36.234
1978,7,20,36.814,36.814
1978,7,21,36.18,36.18
1978,7,22,33.851,33.851
1978,7,23,33.883,33.883
1978,7,24,34.612,34.612
1978,7,25,34.818,34.818
1978,7,26,36.609,36.609
1978,7,27,34.503,34.503
1978,7,28,33.791,33.791
1978,7,29,36.42,36.42
1978,7,30,37.997,37.997
1978,7,31,39.475,39.475
1978,8,1,42.167,42.167
1978,8,2,40.765,40.765
1978,8,3,35.91,35.91
1978,8,4,28.584,28.584
1978,8,5,27.67,27.67
1978,8,6,26.624,26.624
1978,8,7,29.006,29.006
1978,8,8,31.731,31.731
1978,8,9,35.145,35.145
1978,8,10,35.372,35.372
1978,8,11,32.753,32.753
1978,8,12,34.612,34.612
1978,8,13,33.491,33.491
1978,8,14,30.826,30.826
1978,8,15,27.597,27.597
1978,8,16,28.93,28.93
1978,8,17,28.684,28.684
1978,8,18,29.032,29.032
1978,8,19,31.32,31.32
1978,8,20,32.769,32.769
1978,8,21,35.86,35.86
1978,8,22,36.788,36.788
1978,8,23,37.243,37.243
1978,8,24,39.414,39.414
1978,8,25,38.921,38.921
1978,8,26,37.97,37.97
1978,8,27,36.891,36.891
1978,8,28,36.68,36.68
1978,8,29,32.466,32.466
1978,8,30,26.776,26.776
1978,8,31,29.991,29.991
1978,9,1,32.601,32.601
1978,9,2,31.721,31.721
1978,9,3,31.046,31.046
1978,9,4,32.554,32.554
1978,9,5,32.809,32.809
1978,9,6,32.022,32.022
1978,9,7,32.803,32.803
1978,9,8,33.255,33.255
1978,9,9,26.259,26.259
1978,9,10,27.213,27.213
1978,9,11,28.025,28.025
1978,9,12,27.13,27.13
1978,9,13,29.667,29.667
1978,9,14,26.342,26.342
1978,9,15,28.201,28.201
1978,9,16,29.147,29.147
1978,9,17,32.814,32.814
1978,9,18,33.292,33.292
1978,9,19,32.168,32.168
1978,9,20,31.8,31.8
1978,9,21,31.432,31.432
1978,9,22,28.378,28.378
1978,9,23,31.395,31.395
1978,9,24,25.841,25.841
1978,9,25,22.486,22.486
1978,9,26,21.929,21.929
1978,9,27,22.925,22.925
1978,9,28,23.108,23.108
1978,9,29,22.359,22.359
1978,9,30,20.694,20.694
1978,10,1,20.061,20.061
1978,10,2,22.216,22.216
1978,10,3,26.103,26.103
1978,10,4,24.321,24.321
1978,10,5,23.858,23.858
1978,10,6,30.156,30.156
1978,10,7,26.919,26.919
1978,10,8,25.116,25.116
1978,10,9,20.983,20.983
1978,10,10,20.211,20.211
1978,10,11,13.426,13.426
1978,10,12,15.142,15.142
1978,10,13,17.262,17.262
1978,10,14,21.479,21.479
1978,10,15,22.141,22.141
1978,10,16,23.633,23.633
1978,10,17,25.809,25.809
1978,10,18,26.823,26.823
1978,10,19,27.155,27.155
1978,10,20,25.809,25.809
1978,10,21,24.404,24.404
1978,10,22,24.684,24.684
1978,10,23,22.774,22.774
1978,10,24,18.908,18.908
1978,10,25,17.095,17.095
1978,10,26,17.285,17.285
1978,10,27,17.056,17.056
1978,10,28,17.351,17.351
1978,10,29,19.938,19.938
1978,10,30,21.81,21.81
1978,10,31,22.479,22.479
1978,11,1,23.277,23.277
1978,11,2,22.639,22.639
1978,11,3,23.014,23.014
1978,11,4,21.869,21.869
1978,11,5,22.176,22.176
1978,11,6,19.017,19.017
1978,11,7,16.178,16.178
1978,11,8,16.141,16.141
1978,11,9,17.485,17.485
1978,11,10,15.74,15.74
1978,11,11,14.47,14.47
1978,11,12,17.548,17.548
1978,11,13,17.324,17.324
1978,11,14,18.461,18.461
1978,11,15,21.072,21.072
1978,11,16,21.688,21.688
1978,11,17,22.829,22.829
1978,11,18,19.857,19.857
1978,11,19,18.087,18.087
1978,11,20,18.299,18.299
1978,11,21,16.619,16.619
1978,11,22,14.42,14.42
1978,11,23,13.469,13.469
1978,11,24,12.967,12.967
1978,11,25,11.999,11.999
1978,11,26,10.569,10.569
1978,11,27,8.461,8.461
1978,11,28,7.595,7.595
1978,11,29,12.047,12.047
1978,11,30,11.382,11.382
1978,12,1,11.584,11.584
1978,12,2,12.565,12.565
1978,12,3,12.123,12.123
1978,12,4,13.554,13.554
1978,12,5,12.895,12.895
1978,12,6,10.042,10.042
1978,12,7,6.668,6.668
1978,12,8,7.246,7.246
1978,12,9,4.809,4.809
1978,12,10,9.612,9.612
1978,12,11,10.606,10.606
1978,12,12,12.99,12.99
1978,12,13,11.898,11.898
1978,12,14,10.808,10.808
1978,12,15,9.715,9.715
1978,12,16,6.861,6.861
1978,12,17,11.708,11.708
1978,12,18,14.37,14.37
1978,12,19,13.338,13.338
1978,12,20,11.521,11.521
1978,12,21,14.781,14.781
1978,12,22,13.446,13.446
1978,12,23,14.379,14.379
1978,12,24,11.765,11.765
1978,12,25,12.332,12.332
1978,12,26,13.941,13.941
1978,12,27,13.167,13.167
1978,12,28,13.653,13.653
1978,12,29,13.616,13.616
1978,12,30,12.537,12.537
1978,12,31,13.316,13.316
1979,1,1,11.418,11.418
1979,1,2,13.273,13.273
1979,1,3,14.83,14.83
1979,1,4,15.953,15.953
1979,1,5,13.976,13.976
1979,1,6,13.656,13.656
1979,1,7,14.291,14.291
1979,1,8,14.011,14.011
1979,1,9,13.176,13.176
1979,1,10,14.983,14.983
1979,1,11,14.708,14.708
1979,1,12,16.099,16.099
1979,1,13,10.474,10.474
1979,1,14,11.044,11.044
1979,1,15,9.95,9.95
1979,1,16,6.684,6.684
1979,1,17,8.331,8.331
1979,1,18,6.329,6.329
1979,1,19,6.823,6.823
1979,1,20,9.765,9.765
1979,1,21,7.411,7.411
1979,1,22,10.586,10.586
1979,1,23,13.029,13.029
1979,1,24,14.806,14.806
1979,1,25,12.677,12.677
1979,1,26,11.48,11.48
1979,1,27,8.933,8.933
1979,1,28,7.458,7.458
1979,1,29,7.16,7.16
1979,1,30,9.062,9.062
1979,1,31,9.501,9.501
1979,2,1,8.842,8.842
1979,2,2,11.536,11.536
1979,2,3,9.969,9.969
1979,2,4,13.948,13.948
1979,2,5,14.413,14.413
1979,2,6,16.165,16.165
1979,2,7,16.268,16.268
1979,2,8,17.693,17.693
1979,2,9,16.063,16.063
1979,2,10,15.126,15.126
1979,2,11,10.68,10.68
1979,2,12,8.671,8.671
1979,2,13,9.569,9.569
1979,2,14,10.345,10.345
1979,2,15,7.354,7.354
1979,2,16,8.922,8.922
1979,2,17,7.997,7.997
1979,2,18,10.738,10.738
1979,2,19,9.673,9.673
1979,2,20,11.696,11.696
1979,2,21,14.612,14.612
1979,2,22,11.782,11.782
1979,2,23,14.132,14.132
1979,2,24,15.886,15.886
1979,2,25,15.908,15.908
1979,2,26,16.023,16.023
1979,2,27,17.242,17.242
1979,2,28,16.695,16.695
1979,3,1,15.039,15.039
1979,3,2,6.864,6.864
1979,3,3,9.604,9.604
1979,3,4,13.252,13.252
1979,3,5,15.287,15.287
1979,3,6,14.223,14.223
1979,3,7,11.657,11.657
1979,3,8,10.444,10.444
1979,3,9,11.43,11.43
1979,3,10,11.776,11.776
1979,3,11,14.443,14.443
1979,3,12,17.345,17.345
1979,3,13,14.867,14.867
1979,3,14,14.315,14.315
1979,3,15,15.459,15.459
1979,3,16,15.059,15.059
1979,3,17,15.617,15.617
1979,3,18,10.99,10.99
1979,3,19,14.833,14.833
1979,3,20,17.19,17.19
1979,3,21,20.622,20.622
1979,3,22,23.784,23.784
1979,3,23,21.9,21.9
1979,3,24,19.869,19.869
1979,3,25,22.544,22.544
1979,3,26,24.928,24.928
1979,3,27,20.699,20.699
1979,3,28,23.699,23.699
1979,3,29,21.181,21.181
1979,3,30,15.359,15.359
1979,3,31,11.621,11.621
1979,4,1,10.999,10.999
1979,4,2,11.241,11.241
1979,4,3,21.453,21.453
1979,4,4,26.232,26.232
1979,4,5,26.466,26.466
1979,4,6,25.175,25.175
1979,4,7,25.696,25.696
1979,4,8,27.002,27.002
1979,4,9,27.083,27.083
1979,4,10,27.429,27.429
1979,4,11,27.473,27.473
1979,4,12,21.191,21.191
1979,4,13,21.537,21.537
1979,4,14,22.018,22.018
1979,4,15,19.592,19.592
1979,4,16,21.652,21.652
1979,4,17,26.686,26.686
1979,4,18,27.87,27.87
1979,4,19,26.99,26.99
1979,4,20,26.703,26.703
1979,4,21,25.531,25.531
1979,4,22,22.84,22.84
1979,4,23,18.138,18.138
1979,4,24,19.042,19.042
1979,4,25,23.125,23.125
1979,4,26,25.847,25.847
1979,4,27,28.97,28.97
1979,4,28,30.713,30.713
1979,4,29,32.081,32.081
1979,4,30,32.351,32.351
1979,5,1,29.731,29.731
1979,5,2,30.569,30.569
1979,5,3,29.397,29.397
1979,5,4,28.323,28.323
1979,5,5,27.476,27.476
1979,5,6,29.555,29.555
1979,5,7,24.8,24.8
1979,5,8,21.274,21.274
1979,5,9,22.556,22.556
1979,5,10,23.174,23.174
1979,5,11,20.457,20.457
1979,5,12,22.785,22.785
1979,5,13,21.135,21.135
1979,5,14,19.962,19.962
1979,5,15,18.204,18.204
1979,5,16,17.773,17.773
1979,5,17,16.781,16.781
1979,5,18,18.841,18.841
1979,5,19,17.255,17.255
1979,5,20,20.28,20.28
1979,5,21,23.155,23.155
1979,5,22,24.199,24.199
1979,5,23,25.933,25.933
1979,5,24,24.625,24.625
1979,5,25,19.488,19.488
1979,5,26,17.465,17.465
1979,5,27,18.431,18.431
1979,5,28,17.043,17.043
1979,5,29,16.933,16.933
1979,5,30,21.535,21.535
1979,5,31,23.205,23.205
1979,6,1,26.238,26.238
1979,6,2,26.356,26.356
1979,6,3,26.938,26.938
1979,6,4,28.727,28.727
1979,6,5,26.872,26.872
1979,6,6,24.559,24.559
1979,6,7,26.043,26.043
1979,6,8,24.35,24.35
1979,6,9,27.925,27.925
1979,6,10,30.16,30.16
1979,6,11,33.177,33.177
1979,6,12,33.132,33.132
1979,6,13,31.556,31.556
1979,6,14,28.2,28.2
1979,6,15,24.504,24.504
1979,6,16,25.485,25.485
1979,6,17,25.625,25.625
1979,6,18,29.699,29.699
1979,6,19,29.327,29.327
1979,6,20,21.744,21.744
1979,6,21,14.652,14.652
1979,6,22,17.293,17.293
1979,6,23,23.32,23.32
1979,6,24,27.783,27.783
1979,6,25,27.281,27.281
1979,6,26,26.291,26.291
1979,6,27,23.58,23.58
1979,6,28,22.139,22.139
1979,6,29,23.488,23.488
1979,6,30,25.546,25.546
1979,7,1,24.816,24.816
1979,7,2,25.548,25.548
1979,7,3,27.2,27.2
1979,7,4,30.191,30.191
1979,7,5,32.842,32.842
1979,7,6,31.704,31.704
1979,7,7,31.023,31.023
1979,7,8,29.59,29.59
1979,7,9,30.292,30.292
1979,7,10,31.584,31.584
1979,7,11,30.511,30.511
1979,7,12,31.302,31.302
1979,7,13,35.119,35.119
1979,7,14,35.702,35.702
1979,7,15,36.593,36.593
1979,7,16,35.23,35.23
1979,7,17,36.405,36.405
1979,7,18,35.131,35.131
1979,7,19,33.776,33.776
1979,7,20,31.146,31.146
1979,7,21,29.439,29.439
1979,7,22,29.296,29.296
1979,7,23,26.978,26.978
1979,7,24,29.213,29.213
1979,7,25,29.857,29.857
1979,7,26,32.28,32.28
1979,7,27,33.44,33.44
1979,7,28,35.734,35.734
1979,7,29,36.085,36.085
1979,7,30,37.811,37.811
1979,7,31,39.121,39.121
1979,8,1,37.666,37.666
1979,8,2,36.391,36.391
1979,8,3,39.364,39.364
1979,8,4,40.262,40.262
1979,8,5,39.993,39.993
1979,8,6,38.199,38.199
1979,8,7,37.219,37.219
1979,8,8,37.798,37.798
1979,8,9,35.305,35.305
1979,8,10,34.557,34.557
1979,8,11,34.678,34.678
1979,8,12,35.336,35.336
1979,8,13,35.514,35.514
1979,8,14,34.539,34.539
1979,8,15,34.004,34.004
1979,8,16,35.578,35.578
1979,8,17,34.552,34.552
1979,8,18,32.318,32.318
1979,8,19,31.183,31.183
1979,8,20,28.485,28.485
1979,8,21,26.478,26.478
1979,8,22,26.313,26.313
1979,8,23,28.582,28.582
1979,8,24,31.07,31.07
1979,8,25,35.052,35.052
1979,8,26,35.256,35.256
1979,8,27,30.195,30.195
1979,8,28,27.417,27.417
1979,8,29,23.099,23.099
1979,8,30,26.051,26.051
1979,8,31,28.178,28.178
1979,9,1,28.216,28.216
1979,9,2,31.566,31.566
1979,9,3,29.691,29.691
1979,9,4,25.421,25.421
1979,9,5,25.861,25.861
1979,9,6,29.681,29.681
1979,9,7,32.825,32.825
1979,9,8,34.324,34.324
1979,9,9,36.327,36.327
1979,9,10,33.44,33.44
1979,9,11,33.039,33.039
1979,9,12,33.692,33.692
1979,9,13,31.044,31.044
1979,9,14,31.792,31.792
1979,9,15,33.993,33.993
1979,9,16,33.648,33.648
1979,9,17,35.368,35.368
1979,9,18,34.549,34.549
1979,9,19,34.299,34.299
1979,9,20,32.225,32.225
1979,9,21,31.846,31.846
1979,9,22,32.806,32.806
1979,9,23,32.426,32.426
1979,9,24,33.287,33.287
1979,9,25,34.054,34.054
1979,9,26,33.396,33.396
1979,9,27,33.81,33.81
1979,9,28,32.257,32.257
1979,9,29,29.912,29.912
1979,9,30,29.248,29.248
1979,10,1,32.357,32.357
1979,10,2,34.96,34.96
1979,10,3,33.919,33.919
1979,10,4,32.626,32.626
1979,10,5,30.017,30.017
1979,10,6,25.905,25.905
1979,10,7,18.806,18.806
1979,10,8,20.634,20.634
1979,10,9,25.141,25.141
1979,10,10,22.406,22.406
1979,10,11,20.936,20.936
1979,10,12,21.503,21.503
1979,10,13,23.154,23.154
1979,10,14,21.838,21.838
1979,10,15,19.031,19.031
1979,10,16,17.922,17.922
1979,10,17,11.523,11.523
1979,10,18,13.979,13.979
1979,10,19,14.966,14.966
1979,10,20,14.982,14.982
1979,10,21,16.174,16.174
1979,10,22,15.824,15.824
1979,10,23,16.867,16.867
1979,10,24,18.273,18.273
1979,10,25,18.699,18.699
1979,10,26,19.849,19.849
1979,10,27,19.546,19.546
1979,10,28,20.907,20.907
1979,10,29,19.358,19.358
1979,10,30,21.639,21.639
1979,10,31,20.146,20.146
1979,11,1,21.784,21.784
1979,11,2,19.604,19.604
1979,11,3,19.21,19.21
1979,11,4,21.436,21.436
1979,11,5,14.872,14.872
1979,11,6,15.248,15.248
1979,11,7,14.041,14.041
1979,11,8,12.227,12.227
1979,11,9,13.092,13.092
1979,11,10,15.174,15.174
1979,11,11,15.451,15.451
1979,11,12,16.587,16.587
1979,11,13,15.935,15.935
1979,11,14,17.555,17.555
1979,11,15,15.615,15.615
1979,11,16,13.15,13.15
1979,11,17,10.44,10.44
1979,11,18,12.067,12.067
1979,11,19,15.923,15.923
1979,11,20,12.624,12.624
1979,11,21,13.534,13.534
1979,11,22,8.813,8.813
1979,11,23,11.575,11.575
1979,11,24,11.564,11.564
1979,11,25,10.667,10.667
1979,11,26,12.26,12.26
1979,11,27,12.563,12.563
1979,11,28,14.288,14.288
1979,11,29,16.358,16.358
1979,11,30,20.022,20.022
1979,12,1,20.625,20.625
1979,12,2,19.344,19.344
1979,12,3,15.701,15.701
1979,12,4,15.64,15.64
1979,12,5,16.58,16.58
1979,12,6,12.186,12.186
1979,12,7,11.553,11.553
1979,12,8,11.364,11.364
1979,12,9,11.269,11.269
1979,12,10,15.222,15.222
1979,12,11,16.372,16.372
1979,12,12,15.227,15.227
1979,12,13,16.897,16.897
1979,12,14,18.016,18.016
1979,12,15,14.562,14.562
1979,12,16,13.537,13.537
1979,12,17,12.762,12.762
1979,12,18,11.327,11.327
1979,12,19,15.176,15.176
1979,12,20,13.308,13.308
1979,12,21,14.664,14.664
1979,12,22,15.292,15.292
1979,12,23,14.317,14.317
1979,12,24,15.866,15.866
1979,12,25,15.616,15.616
1979,12,26,12.034,12.034
1979,12,27,12.799,12.799
1979,12,28,12.318,12.318
1979,12,29,11.163,11.163
1979,12,30,13.02,13.02
1979,12,31,13.408,13.408
1980,1,1,15.12,15.12
1980,1,2,14.848,14.848
1980,1,3,16.576,16.576
1980,1,4,14.461,14.461
1980,1,5,13.852,13.852
1980,1,6,13.334,13.334
1980,1,7,12.91,12.91
1980,1,8,11.241,11.241
1980,1,9,8.005,8.005
1980,1,10,7.316,7.316
1980,1,11,5.253,5.253
1980,1,12,6.803,6.803
1980,1,13,8.611,8.611
1980,1,14,8.378,8.378
1980,1,15,7.79,7.79
1980,1,16,9.777,9.777
1980,1,17,9.333,9.333
1980,1,18,10.044,10.044
1980,1,19,13.746,13.746
1980,1,20,12.01,12.01
1980,1,21,13.403,13.403
1980,1,22,16.166,16.166
1980,1,23,15.778,15.778
1980,1,24,17.369,17.369
1980,1,25,18.177,18.177
1980,1,26,18.944,18.944
1980,1,27,18.463,18.463
1980,1,28,17.46,17.46
1980,1,29,17.51,17.51
1980,1,30,16.618,16.618
1980,1,31,16.634,16.634
1980,2,1,15.649,15.649
1980,2,2,13.872,13.872
1980,2,3,12.958,12.958
1980,2,4,10.734,10.734
1980,2,5,13.523,13.523
1980,2,6,14.299,14.299
1980,2,7,13.185,13.185
1980,2,8,18.357,18.357
1980,2,9,19.219,19.219
1980,2,10,18.555,18.555
1980,2,11,20.719,20.719
1980,2,12,21.266,21.266
1980,2,13,19.633,19.633
1980,2,14,19.954,19.954
1980,2,15,19.173,19.173
1980,2,16,19.101,19.101
1980,2,17,16.896,16.896
1980,2,18,12.845,12.845
1980,2,19,12.64,12.64
1980,2,20,10.462,10.462
1980,2,21,7.427,7.427
1980,2,22,10.435,10.435
1980,2,23,13.137,13.137
1980,2,24,13.448,13.448
1980,2,25,14.314,14.314
1980,2,26,15.637,15.637
1980,2,27,15.544,15.544
1980,2,28,18.497,18.497
1980,2,29,15.768,15.768
1980,3,1,14.308,14.308
1980,3,2,9.575,9.575
1980,3,3,9.974,9.974
1980,3,4,13.67,13.67
1980,3,5,13.814,13.814
1980,3,6,14.579,14.579
1980,3,7,17.472,17.472
1980,3,8,20.924,20.924
1980,3,9,18.163,18.163
1980,3,10,19.441,19.441
1980,3,11,19.637,19.637
1980,3,12,20.496,20.496
1980,3,13,18.8,18.8
1980,3,14,16.832,16.832
1980,3,15,16.215,16.215
1980,3,16,18.533,18.533
1980,3,17,17.364,17.364
1980,3,18,17.621,17.621
1980,3,19,16.723,16.723
1980,3,20,15.762,15.762
1980,3,21,13.182,13.182
1980,3,22,11.62,11.62
1980,3,23,11.988,11.988
1980,3,24,10.096,10.096
1980,3,25,15.107,15.107
1980,3,26,22.27,22.27
1980,3,27,28.11,28.11
1980,3,28,29.465,29.465
1980,3,29,29.338,29.338
1980,3,30,27.682,27.682
1980,3,31,23.688,23.688
1980,4,1,23.315,23.315
1980,4,2,24.181,24.181
1980,4,3,25.531,25.531
1980,4,4,26.549,26.549
1980,4,5,26.632,26.632
1980,4,6,26.189,26.189
1980,4,7,20.612,20.612
1980,4,8,17.696,17.696
1980,4,9,17.54,17.54
1980,4,10,19.582,19.582
1980,4,11,19.049,19.049
1980,4,12,17.93,17.93
1980,4,13,16.262,16.262
1980,4,14,14.357,14.357
1980,4,15,18.974,18.974
1980,4,16,22.948,22.948
1980,4,17,26.013,26.013
1980,4,18,25.772,25.772
1980,4,19,25.874,25.874
1980,4,20,27.164,27.164
1980,4,21,25.579,25.579
1980,4,22,17.723,17.723
1980,4,23,12.515,12.515
1980,4,24,12.55,12.55
1980,4,25,11.212,11.212
1980,4,26,13.395,13.395
1980,4,27,16.133,16.133
1980,4,28,18.431,18.431
1980,4,29,17.838,17.838
1980,4,30,20.802,20.802
1980,5,1,16.717,16.717
1980,5,2,17.454,17.454
1980,5,3,19.886,19.886
1980,5,4,23.618,23.618
1980,5,5,26.06,26.06
1980,5,6,26.163,26.163
1980,5,7,25.381,25.381
1980,5,8,21.571,21.571
1980,5,9,21.12,21.12
1980,5,10,24.02,24.02
1980,5,11,26.894,26.894
1980,5,12,24.905,24.905
1980,5,13,27.261,27.261
1980,5,14,27.93,27.93
1980,5,15,28.292,28.292
1980,5,16,29.768,29.768
1980,5,17,32.249,32.249
1980,5,18,33.319,33.319
1980,5,19,33.339,33.339
1980,5,20,33.458,33.458
1980,5,21,32.795,32.795
1980,5,22,28.973,28.973
1980,5,23,25.547,25.547
1980,5,24,23.087,23.087
1980,5,25,23.321,23.321
1980,5,26,24.146,24.146
1980,5,27,25.522,25.522
1980,5,28,27.345,27.345
1980,5,29,30.936,30.936
1980,5,30,31.732,31.732
1980,5,31,30.787,30.787
1980,6,1,29.448,29.448
1980,6,2,30.193,30.193
1980,6,3,31.688,31.688
1980,6,4,30.514,30.514
1980,6,5,32.158,32.158
1980,6,6,32.045,32.045
1980,6,7,31.65,31.65
1980,6,8,34.513,34.513
1980,6,9,34.807,34.807
1980,6,10,34.176,34.176
1980,6,11,31.203,31.203
1980,6,12,29.447,29.447
1980,6,13,28.128,28.128
1980,6,14,34.289,34.289
1980,6,15,38.18,38.18
1980,6,16,38.197,38.197
1980,6,17,37.163,37.163
1980,6,18,34.058,34.058
1980,6,19,33.761,33.761
1980,6,20,33.826,33.826
1980,6,21,34.627,34.627
1980,6,22,33.624,33.624
1980,6,23,34.221,34.221
1980,6,24,34.755,34.755
1980,6,25,33.672,33.672
1980,6,26,29.585,29.585
1980,6,27,27.862,27.862
1980,6,28,28.578,28.578
1980,6,29,27.478,27.478
1980,6,30,26.513,26.513
1980,7,1,29.65,29.65
1980,7,2,28.603,28.603
1980,7,3,33.318,33.318
1980,7,4,31.808,31.808
1980,7,5,28.55,28.55
1980,7,6,31.88,31.88
1980,7,7,33.885,33.885
1980,7,8,33.576,33.576
1980,7,9,33.145,33.145
1980,7,10,32.053,32.053
1980,7,11,33.786,33.786
1980,7,12,34.669,34.669
1980,7,13,35.333,35.333
1980,7,14,35.294,35.294
1980,7,15,35.397,35.397
1980,7,16,36.364,36.364
1980,7,17,35.887,35.887
1980,7,18,35.829,35.829
1980,7,19,33.103,33.103
1980,7,20,33.162,33.162
1980,7,21,34.043,34.043
1980,7,22,32.892,32.892
1980,7,23,32.603,32.603
1980,7,24,35.636,35.636
1980,7,25,37.191,37.191
1980,7,26,39.028,39.028
1980,7,27,37.083,37.083
1980,7,28,37.713,37.713
1980,7,29,37.281,37.281
1980,7,30,33.101,33.101
1980,7,31,35.953,35.953
1980,8,1,37.059,37.059
1980,8,2,35.24,35.24
1980,8,3,33.856,33.856
1980,8,4,30.23,30.23
1980,8,5,31.977,31.977
1980,8,6,31.481,31.481
1980,8,7,36.431,36.431
1980,8,8,37.71,37.71
1980,8,9,37.441,37.441
1980,8,10,37.28,37.28
1980,8,11,35.226,35.226
1980,8,12,33.969,33.969
1980,8,13,32.943,32.943
1980,8,14,29.22,29.22
1980,8,15,29.58,29.58
1980,8,16,29.808,29.808
1980,8,17,27.319,27.319
1980,8,18,26.677,26.677
1980,8,19,28.774,28.774
1980,8,20,30.306,30.306
1980,8,21,31.002,31.002
1980,8,22,28.055,28.055
1980,8,23,29.514,29.514
1980,8,24,28.838,28.838
1980,8,25,33.524,33.524
1980,8,26,33.244,33.244
1980,8,27,36.234,36.234
1980,8,28,34.523,34.523
1980,8,29,35.21,35.21
1980,8,30,34.031,34.031
1980,8,31,30.813,30.813
1980,9,1,26.737,26.737
1980,9,2,25.498,25.498
1980,9,3,26.691,26.691
1980,9,4,30.689,30.689
1980,9,5,34.2,34.2
1980,9,6,35.424,35.424
1980,9,7,37.795,37.795
1980,9,8,37.224,37.224
1980,9,9,35.842,35.842
1980,9,10,33.497,33.497
1980,9,11,31.96,31.96
1980,9,12,31.543,31.543
1980,9,13,31.439,31.439
1980,9,14,31.433,31.433
1980,9,15,29.72,29.72
1980,9,16,29.116,29.116
1980,9,17,29.131,29.131
1980,9,18,28.767,28.767
1980,9,19,28.724,28.724
1980,9,20,30.434,30.434
1980,9,21,30.361,30.361
1980,9,22,28.528,28.528
1980,9,23,24.763,24.763
1980,9,24,23.421,23.421
1980,9,25,16.612,16.612
1980,9,26,22.854,22.854
1980,9,27,25.063,25.063
1980,9,28,30.337,30.337
1980,9,29,23.352,23.352
1980,9,30,19.694,19.694
1980,10,1,20.53,20.53
1980,10,2,27.711,27.711
1980,10,3,27.581,27.581
1980,10,4,28.762,28.762
1980,10,5,29.642,29.642
1980,10,6,27.781,27.781
1980,10,7,29.077,29.077
1980,10,8,28.037,28.037
1980,10,9,27.758,27.758
1980,10,10,27.578,27.578
1980,10,11,27.414,27.414
1980,10,12,27.772,27.772
1980,10,13,26.13,26.13
1980,10,14,23.815,23.815
1980,10,15,24.898,24.898
1980,10,16,26.786,26.786
1980,10,17,27.183,27.183
1980,10,18,23.812,23.812
1980,10,19,23.018,23.018
1980,10,20,22.238,22.238
1980,10,21,22.637,22.637
1980,10,22,21.795,21.795
1980,10,23,24.323,24.323
1980,10,24,22.508,22.508
1980,10,25,25.189,25.189
1980,10,26,27.765,27.765
1980,10,27,28.896,28.896
1980,10,28,27.296,27.296
1980,10,29,23.566,23.566
1980,10,30,15.922,15.922
1980,10,31,10.954,10.954
1980,11,1,11.098,11.098
1980,11,2,13.424,13.424
1980,11,3,16.224,16.224
1980,11,4,16.335,16.335
1980,11,5,17.195,17.195
1980,11,6,17.364,17.364
1980,11,7,15.486,15.486
1980,11,8,12.603,12.603
1980,11,9,13.077,13.077
1980,11,10,15.431,15.431
1980,11,11,14.359,14.359
1980,11,12,9.628,9.628
1980,11,13,9.291,9.291
1980,11,14,10.433,10.433
1980,11,15,13.039,13.039
1980,11,16,11.571,11.571
1980,11,17,8.965,8.965
1980,11,18,8.605,8.605
1980,11,19,7.289,7.289
1980,11,20,9.147,9.147
1980,11,21,9.066,9.066
1980,11,22,8.628,8.628
1980,11,23,10.839,10.839
1980,11,24,8.018,8.018
1980,11,25,8.746,8.746
1980,11,26,12.61,12.61
1980,11,27,16.324,16.324
1980,11,28,15.757,15.757
1980,11,29,13.831,13.831
1980,11,30,12.765,12.765
1980,12,1,11.913,11.913
1980,12,2,13.21,13.21
1980,12,3,15.168,15.168
1980,12,4,15.453,15.453
1980,12,5,14.649,14.649
1980,12,6,13.737,13.737
1980,12,7,16.289,16.289
1980,12,8,19.384,19.384
1980,12,9,20.906,20.906
1980,12,10,19.272,19.272
1980,12,11,15.5,15.5
1980,12,12,14.147,14.147
1980,12,13,12.542,12.542
1980,12,14,12.557,12.557
1980,12,15,13.683,13.683
1980,12,16,13.461,13.461
1980,12,17,13.678,13.678
1980,12,18,11.934,11.934
1980,12,19,14.441,14.441
1980,12,20,15.912,15.912
1980,12,21,16.915,16.915
1980,12,22,15.48,15.48
1980,12,23,14.949,14.949
1980,12,24,10.967,10.967
1980,12,25,12.588,12.588
1980,12,26,11.122,11.122
1980,12,27,12.68,12.68
1980,12,28,13.186,13.186
1980,12,29,11.781,11.781
1980,12,30,13.498,13.498
1980,12,31,14.28,14.28
1981,1,1,12.379,12.379
1981,1,2,12.928,12.928
1981,1,3,14.827,14.827
1981,1,4,11.003,11.003
1981,1,5,12.147,12.147
1981,1,6,13.448,13.448
1981,1,7,15.289,15.289
1981,1,8,12.487,12.487
1981,1,9,8.932,8.932
1981,1,10,9.967,9.967
1981,1,11,12.165,12.165
1981,1,12,9.533,9.533
1981,1,13,11.635,11.635
1981,1,14,15.598,15.598
1981,1,15,14.976,14.976
1981,1,16,14.362,14.362
1981,1,17,13.869,13.869
1981,1,18,12.283,12.283
1981,1,19,10.939,10.939
1981,1,20,9.99,9.99
1981,1,21,11.405,11.405
1981,1,22,9.877,9.877
1981,1,23,9.948,9.948
1981,1,24,12.366,12.366
1981,1,25,12.794,12.794
1981,1,26,15.319,15.319
1981,1,27,14.184,14.184
1981,1,28,13.138,13.138
1981,1,29,13.867,13.867
1981,1,30,14.01,14.01
1981,1,31,15.304,15.304
1981,2,1,13.782,13.782
1981,2,2,14.842,14.842
1981,2,3,16.971,16.971
1981,2,4,16.285,16.285
1981,2,5,15.531,15.531
1981,2,6,11.055,11.055
1981,2,7,9.18,9.18
1981,2,8,11.807,11.807
1981,2,9,11.168,11.168
1981,2,10,10.487,10.487
1981,2,11,11.607,11.607
1981,2,12,12.759,12.759
1981,2,13,15.177,15.177
1981,2,14,15.31,15.31
1981,2,15,12.565,12.565
1981,2,16,10.224,10.224
1981,2,17,10.714,10.714
1981,2,18,12.134,12.134
1981,2,19,14.04,14.04
1981,2,20,15.469,15.469
1981,2,21,17.818,17.818
1981,2,22,19.213,19.213
1981,2,23,18.947,18.947
1981,2,24,20.591,20.591
1981,2,25,20.426,20.426
1981,2,26,21.947,21.947
1981,2,27,22.375,22.375
1981,2,28,22.392,22.392
1981,3,1,19.897,19.897
1981,3,2,19.786,19.786
1981,3,3,19.475,19.475
1981,3,4,19.794,19.794
1981,3,5,19.683,19.683
1981,3,6,23.146,23.146
1981,3,7,22.906,22.906
1981,3,8,18.899,18.899
1981,3,9,18.257,18.257
1981,3,10,12.527,12.527
1981,3,11,15.082,15.082
1981,3,12,16.631,16.631
1981,3,13,19.058,19.058
1981,3,14,18.788,18.788
1981,3,15,18.847,18.847
1981,3,16,18.983,18.983
1981,3,17,19.037,19.037
1981,3,18,13.801,13.801
1981,3,19,15.824,15.824
1981,3,20,15.42,15.42
1981,3,21,20.15,20.15
1981,3,22,20.167,20.167
1981,3,23,20.071,20.071
1981,3,24,20.73,20.73
1981,3,25,23.103,23.103
1981,3,26,22.835,22.835
1981,3,27,13.874,13.874
1981,3,28,15.171,15.171
1981,3,29,18.533,18.533
1981,3,30,20.944,20.944
1981,3,31,24.5,24.5
1981,4,1,17.494,17.494
1981,4,2,17.343,17.343
1981,4,3,18.332,18.332
1981,4,4,18.774,18.774
1981,4,5,20.773,20.773
1981,4,6,20.503,20.503
1981,4,7,18.548,18.548
1981,4,8,14.881,14.881
1981,4,9,14.831,14.831
1981,4,10,13.143,13.143
1981,4,11,13.356,13.356
1981,4,12,16.295,16.295
1981,4,13,19.304,19.304
1981,4,14,22.574,22.574
1981,4,15,24.072,24.072
1981,4,16,21.182,21.182
1981,4,17,18.981,18.981
1981,4,18,22.557,22.557
1981,4,19,23.574,23.574
1981,4,20,21.791,21.791
1981,4,21,11.545,11.545
1981,4,22,15.437,15.437
1981,4,23,10.483,10.483
1981,4,24,9.032,9.032
1981,4,25,10.705,10.705
1981,4,26,18.325,18.325
1981,4,27,23.975,23.975
1981,4,28,28.208,28.208
1981,4,29,25.713,25.713
1981,4,30,25.042,25.042
1981,5,1,22.194,22.194
1981,5,2,18.737,18.737
1981,5,3,17.248,17.248
1981,5,4,19.967,19.967
1981,5,5,22.305,22.305
1981,5,6,22.407,22.407
1981,5,7,21.244,21.244
1981,5,8,20.895,20.895
1981,5,9,20.16,20.16
1981,5,10,21.564,21.564
1981,5,11,24.389,24.389
1981,5,12,26.85,26.85
1981,5,13,29.806,29.806
1981,5,14,28.051,28.051
1981,5,15,21.997,21.997
1981,5,16,22.046,22.046
1981,5,17,20.442,20.442
1981,5,18,20.414,20.414
1981,5,19,26.638,26.638
1981,5,20,28.924,28.924
1981,5,21,31.291,31.291
1981,5,22,29.445,29.445
1981,5,23,28.438,28.438
1981,5,24,30.405,30.405
1981,5,25,31.106,31.106
1981,5,26,33.317,33.317
1981,5,27,32.875,32.875
1981,5,28,28.603,28.603
1981,5,29,21.397,21.397
1981,5,30,15.844,15.844
1981,5,31,16.255,16.255
1981,6,1,21.565,21.565
1981,6,2,23.327,23.327
1981,6,3,22.428,22.428
1981,6,4,26.17,26.17
1981,6,5,26.17,26.17
1981,6,6,26.331,26.331
1981,6,7,28.188,28.188
1981,6,8,24.91,24.91
1981,6,9,26.489,26.489
1981,6,10,31.105,31.105
1981,6,11,34.208,34.208
1981,6,12,34.349,34.349
1981,6,13,33.129,33.129
1981,6,14,32.207,32.207
1981,6,15,33.753,33.753
1981,6,16,37.146,37.146
1981,6,17,37.239,37.239
1981,6,18,37.938,37.938
1981,6,19,39.28,39.28
1981,6,20,40.289,40.289
1981,6,21,41.714,41.714
1981,6,22,38.895,38.895
1981,6,23,38.796,38.796
1981,6,24,38.231,38.231
1981,6,25,37.957,37.957
1981,6,26,36.333,36.333
1981,6,27,34.832,34.832
1981,6,28,33.83,33.83
1981,6,29,31.66,31.66
1981,6,30,32.321,32.321
1981,7,1,31.845,31.845
1981,7,2,31.583,31.583
1981,7,3,33.604,33.604
1981,7,4,33.841,33.841
1981,7,5,33.441,33.441
1981,7,6,32.698,32.698
1981,7,7,30.114,30.114
1981,7,8,29.946,29.946
1981,7,9,32.803,32.803
1981,7,10,34.089,34.089
1981,7,11,36.259,36.259
1981,7,12,37.91,37.91
1981,7,13,39.72,39.72
1981,7,14,39.186,39.186
1981,7,15,39.347,39.347
1981,7,16,39.397,39.397
1981,7,17,36.693,36.693
1981,7,18,36.17,36.17
1981,7,19,35.323,35.323
1981,7,20,35.571,35.571
1981,7,21,31.402,31.402
1981,7,22,33.177,33.177
1981,7,23,35.017,35.017
1981,7,24,36.825,36.825
1981,7,25,37.635,37.635
1981,7,26,37.959,37.959
1981,7,27,39.494,39.494
1981,7,28,40.577,40.577
1981,7,29,41.704,41.704
1981,7,30,40.681,40.681
1981,7,31,35.144,35.144
1981,8,1,35.394,35.394
1981,8,2,36.865,36.865
1981,8,3,36.161,36.161
1981,8,4,36.494,36.494
1981,8,5,33.586,33.586
1981,8,6,35.344,35.344
1981,8,7,35.376,35.376
1981,8,8,33.894,33.894
1981,8,9,34.382,34.382
1981,8,10,34.935,34.935
1981,8,11,34.679,34.679
1981,8,12,33.837,33.837
1981,8,13,34.289,34.289
1981,8,14,31.64,31.64
1981,8,15,29.706,29.706
1981,8,16,31.372,31.372
1981,8,17,33.541,33.541
1981,8,18,33.042,33.042
1981,8,19,33.557,33.557
1981,8,20,35.239,35.239
1981,8,21,36.318,36.318
1981,8,22,34.869,34.869
1981,8,23,33.815,33.815
1981,8,24,35.298,35.298
1981,8,25,36.631,36.631
1981,8,26,36.414,36.414
1981,8,27,37.904,37.904
1981,8,28,35.954,35.954
1981,8,29,29.606,29.606
1981,8,30,29.081,29.081
1981,8,31,27.899,27.899
1981,9,1,29.642,29.642
1981,9,2,32.062,32.062
1981,9,3,34.757,34.757
1981,9,4,34.991,34.991
1981,9,5,32.728,32.728
1981,9,6,30.617,30.617
1981,9,7,29.874,29.874
1981,9,8,33.406,33.406
1981,9,9,33.726,33.726
1981,9,10,33.811,33.811
1981,9,11,31.825,31.825
1981,9,12,31.506,31.506
1981,9,13,32.065,32.065
1981,9,14,31.657,31.657
1981,9,15,28.915,28.915
1981,9,16,27.2,27.2
1981,9,17,27.898,27.898
1981,9,18,26.1,26.1
1981,9,19,25.857,25.857
1981,9,20,29.968,29.968
1981,9,21,31.241,31.241
1981,9,22,32.69,32.69
1981,9,23,28.575,28.575
1981,9,24,28.452,28.452
1981,9,25,30.745,30.745
1981,9,26,30.415,30.415
1981,9,27,28.111,28.111
1981,9,28,27.453,27.453
1981,9,29,29.907,29.907
1981,9,30,30.936,30.936
1981,10,1,34.004,34.004
1981,10,2,34.103,34.103
1981,10,3,33.044,33.044
1981,10,4,31.48,31.48
1981,10,5,30.713,30.713
1981,10,6,28.27,28.27
1981,10,7,30.683,30.683
1981,10,8,31.506,31.506
1981,10,9,31.88,31.88
1981,10,10,30.946,30.946
1981,10,11,31.255,31.255
1981,10,12,32.55,32.55
1981,10,13,34.503,34.503
1981,10,14,33.991,33.991
1981,10,15,33.774,33.774
1981,10,16,33.866,33.866
1981,10,17,30.537,30.537
1981,10,18,27.125,27.125
1981,10,19,20.696,20.696
1981,10,20,21.435,21.435
1981,10,21,23.782,23.782
1981,10,22,24.547,24.547
1981,10,23,27.552,27.552
1981,10,24,25.566,25.566
1981,10,25,25.991,25.991
1981,10,26,26.976,26.976
1981,10,27,25.287,25.287
1981,10,28,25.361,25.361
1981,10,29,24.117,24.117
1981,10,30,23.322,23.322
1981,10,31,23.038,23.038
1981,11,1,18.585,18.585
1981,11,2,17.089,17.089
1981,11,3,14.268,14.268
1981,11,4,15.758,15.758
1981,11,5,16.522,16.522
1981,11,6,17.058,17.058
1981,11,7,17.553,17.553
1981,11,8,14.2,14.2
1981,11,9,18.411,18.411
1981,11,10,16.975,16.975
1981,11,11,19.689,19.689
1981,11,12,22.699,22.699
1981,11,13,17.328,17.328
1981,11,14,14.088,14.088
1981,11,15,12.006,12.006
1981,11,16,13.928,13.928
1981,11,17,15.324,15.324
1981,11,18,16.754,16.754
1981,11,19,14.9,14.9
1981,11,20,15.567,15.567
1981,11,21,16.354,16.354
1981,11,22,15.31,15.31
1981,11,23,16.413,16.413
1981,11,24,18.381,18.381
1981,11,25,19.712,19.712
1981,11,26,18.804,18.804
1981,11,27,18.484,18.484
1981,11,28,16.261,16.261
1981,11,29,13.444,13.444
1981,11,30,10.845,10.845
1981,12,1,9.608,9.608
1981,12,2,12.222,12.222
1981,12,3,14.665,14.665
1981,12,4,14.251,14.251
1981,12,5,13.2,13.2
1981,12,6,10.528,10.528
1981,12,7,8.658,8.658
1981,12,8,7.177,7.177
1981,12,9,7.992,7.992
1981,12,10,13.281,13.281
1981,12,11,13.788,13.788
1981,12,12,12.134,12.134
1981,12,13,13.498,13.498
1981,12,14,12.103,12.103
1981,12,15,10.887,10.887
1981,12,16,11.846,11.846
1981,12,17,14.506,14.506
1981,12,18,15.877,15.877
1981,12,19,15.369,15.369
1981,12,20,10.473,10.473
1981,12,21,10.138,10.138
1981,12,22,9.86,9.86
1981,12,23,10.828,10.828
1981,12,24,10.334,10.334
1981,12,25,13.395,13.395
1981,12,26,11.824,11.824
1981,12,27,11.875,11.875
1981,12,28,10.11,10.11
1981,12,29,9.261,9.261
1981,12,30,11.411,11.411
1981,12,31,15.151,15.151
1982,1,1,15.248,15.248
1982,1,2,13.612,13.612
1982,1,3,10.545,10.545
1982,1,4,11.654,11.654
1982,1,5,11.556,11.556
1982,1,6,13.101,13.101
1982,1,7,10.725,10.725
1982,1,8,11.777,11.777
1982,1,9,11.864,11.864
1982,1,10,12.075,12.075
1982,1,11,14.599,14.599
1982,1,12,14.018,14.018
1982,1,13,9.421,9.421
1982,1,14,11.8,11.8
1982,1,15,12.778,12.778
1982,1,16,16.668,16.668
1982,1,17,15.492,15.492
1982,1,18,15.468,15.468
1982,1,19,18.128,18.128
1982,1,20,16.862,16.862
1982,1,21,16.657,16.657
1982,1,22,16.215,16.215
1982,1,23,16.988,16.988
1982,1,24,15.875,15.875
1982,1,25,14.201,14.201
1982,1,26,16.389,16.389
1982,1,27,17.85,17.85
1982,1,28,14.63,14.63
1982,1,29,12.919,12.919
1982,1,30,12.19,12.19
1982,1,31,14.314,14.314
1982,2,1,13.112,13.112
1982,2,2,13.293,13.293
1982,2,3,13.381,13.381
1982,2,4,14.802,14.802
1982,2,5,14.504,14.504
1982,2,6,11.809,11.809
1982,2,7,13.424,13.424
1982,2,8,13.902,13.902
1982,2,9,13.268,13.268
1982,2,10,14.261,14.261
1982,2,11,15.174,15.174
1982,2,12,14.184,14.184
1982,2,13,13.144,13.144
1982,2,14,9.932,9.932
1982,2,15,10.035,10.035
1982,2,16,10.741,10.741
1982,2,17,10.13,10.13
1982,2,18,8.012,8.012
1982,2,19,3.929,3.929
1982,2,20,6.232,6.232
1982,2,21,7.012,7.012
1982,2,22,9.759,9.759
1982,2,23,8.281,8.281
1982,2,24,9.277,9.277
1982,2,25,9.739,9.739
1982,2,26,11.791,11.791
1982,2,27,9.654,9.654
1982,2,28,11.759,11.759
1982,3,1,11.172,11.172
1982,3,2,11.823,11.823
1982,3,3,13.522,13.522
1982,3,4,15.119,15.119
1982,3,5,15.659,15.659
1982,3,6,15.596,15.596
1982,3,7,16.874,16.874
1982,3,8,17.931,17.931
1982,3,9,14.777,14.777
1982,3,10,14.882,14.882
1982,3,11,12.2,12.2
1982,3,12,14.013,14.013
1982,3,13,13.451,13.451
1982,3,14,12.861,12.861
1982,3,15,12.607,12.607
1982,3,16,15.957,15.957
1982,3,17,13.474,13.474
1982,3,18,18.555,18.555
1982,3,19,16.774,16.774
1982,3,20,13.937,13.937
1982,3,21,16.734,16.734
1982,3,22,18.251,18.251
1982,3,23,17.675,17.675
1982,3,24,17.332,17.332
1982,3,25,16.639,16.639
1982,3,26,16.598,16.598
1982,3,27,16.128,16.128
1982,3,28,16.032,16.032
1982,3,29,11.618,11.618
1982,3,30,14.778,14.778
1982,3,31,17.741,17.741
1982,4,1,16.622,16.622
1982,4,2,17.005,17.005
1982,4,3,18.43,18.43
1982,4,4,18.949,18.949
1982,4,5,20.261,20.261
1982,4,6,18.441,18.441
1982,4,7,21.219,21.219
1982,4,8,25.643,25.643
1982,4,9,24.656,24.656
1982,4,10,21.904,21.904
1982,4,11,21.342,21.342
1982,4,12,15.974,15.974
1982,4,13,14.009,14.009
1982,4,14,17.319,17.319
1982,4,15,19.892,19.892
1982,4,16,18.874,18.874
1982,4,17,20.802,20.802
1982,4,18,19.671,19.671
1982,4,19,21.773,21.773
1982,4,20,17.949,17.949
1982,4,21,17.374,17.374
1982,4,22,20.184,20.184
1982,4,23,21.776,21.776
1982,4,24,17.772,17.772
1982,4,25,14.147,14.147
1982,4,26,15.491,15.491
1982,4,27,18.035,18.035
1982,4,28,17.592,17.592
1982,4,29,15.811,15.811
1982,4,30,16.756,16.756
1982,5,1,14.369,14.369
1982,5,2,12.989,12.989
1982,5,3,14.107,14.107
1982,5,4,17.815,17.815
1982,5,5,21.308,21.308
1982,5,6,26.401,26.401
1982,5,7,28.583,28.583
1982,5,8,26.04,26.04
1982,5,9,25.304,25.304
1982,5,10,25.005,25.005
1982,5,11,20.224,20.224
1982,5,12,20.819,20.819
1982,5,13,16.87,16.87
1982,5,14,11.483,11.483
1982,5,15,10.675,10.675
1982,5,16,15.967,15.967
1982,5,17,19.489,19.489
1982,5,18,21.635,21.635
1982,5,19,22.066,22.066
1982,5,20,21.513,21.513
1982,5,21,21.081,21.081
1982,5,22,19.906,19.906
1982,5,23,17.678,17.678
1982,5,24,17.396,17.396
1982,5,25,21.441,21.441
1982,5,26,21.252,21.252
1982,5,27,24.453,24.453
1982,5,28,24.447,24.447
1982,5,29,26.266,26.266
1982,5,30,26.868,26.868
1982,5,31,26.797,26.797
1982,6,1,29.462,29.462
1982,6,2,30.028,30.028
1982,6,3,28.102,28.102
1982,6,4,26.968,26.968
1982,6,5,25.123,25.123
1982,6,6,21.851,21.851
1982,6,7,22.418,22.418
1982,6,8,24.114,24.114
1982,6,9,27.238,27.238
1982,6,10,30.629,30.629
1982,6,11,30.223,30.223
1982,6,12,28.271,28.271
1982,6,13,23.069,23.069
1982,6,14,27.141,27.141
1982,6,15,25.582,25.582
1982,6,16,26.59,26.59
1982,6,17,27.737,27.737
1982,6,18,27.29,27.29
1982,6,19,27.348,27.348
1982,6,20,30.701,30.701
1982,6,21,32.75,32.75
1982,6,22,32.303,32.303
1982,6,23,31.321,31.321
1982,6,24,31.45,31.45
1982,6,25,34.689,34.689
1982,6,26,34.851,34.851
1982,6,27,36.307,36.307
1982,6,28,36.768,36.768
1982,6,29,37.704,37.704
1982,6,30,35.958,35.958
1982,7,1,33.858,33.858
1982,7,2,28.308,28.308
1982,7,3,29.57,29.57
1982,7,4,30.46,30.46
1982,7,5,33.896,33.896
1982,7,6,34.838,34.838
1982,7,7,35.165,35.165
1982,7,8,25.627,25.627
1982,7,9,25.345,25.345
1982,7,10,26.817,26.817
1982,7,11,27.041,27.041
1982,7,12,30.384,30.384
1982,7,13,27.343,27.343
1982,7,14,26.761,26.761
1982,7,15,29.031,29.031
1982,7,16,33.272,33.272
1982,7,17,34.648,34.648
1982,7,18,37.75,37.75
1982,7,19,38.187,38.187
1982,7,20,39.102,39.102
1982,7,21,39.941,39.941
1982,7,22,39.528,39.528
1982,7,23,36.784,36.784
1982,7,24,33.854,33.854
1982,7,25,33.563,33.563
1982,7,26,32.85,32.85
1982,7,27,32.311,32.311
1982,7,28,33.693,33.693
1982,7,29,33.674,33.674
1982,7,30,34.681,34.681
1982,7,31,33.393,33.393
1982,8,1,32.684,32.684
1982,8,2,32.127,32.127
1982,8,3,32.411,32.411
1982,8,4,29.488,29.488
1982,8,5,29.83,29.83
1982,8,6,29.724,29.724
1982,8,7,30.304,30.304
1982,8,8,30.773,30.773
1982,8,9,32.615,32.615
1982,8,10,34.976,34.976
1982,8,11,35.671,35.671
1982,8,12,34.915,34.915
1982,8,13,34.03,34.03
1982,8,14,32.092,32.092
1982,8,15,31.723,31.723
1982,8,16,32.094,32.094
1982,8,17,36.602,36.602
1982,8,18,37.135,37.135
1982,8,19,36.032,36.032
1982,8,20,35.617,35.617
1982,8,21,35.576,35.576
1982,8,22,32.187,32.187
1982,8,23,32.21,32.21
1982,8,24,30.613,30.613
1982,8,25,29.743,29.743
1982,8,26,30.115,30.115
1982,8,27,32.672,32.672
1982,8,28,29.978,29.978
1982,8,29,27.493,27.493
1982,8,30,25.25,25.25
1982,8,31,26.962,26.962
1982,9,1,32.536,32.536
1982,9,2,35.112,35.112
1982,9,3,38.6,38.6
1982,9,4,38.914,38.914
1982,9,5,38.396,38.396
1982,9,6,34.875,34.875
1982,9,7,32.373,32.373
1982,9,8,27.278,27.278
1982,9,9,23.948,23.948
1982,9,10,21.616,21.616
1982,9,11,21.774,21.774
1982,9,12,24.329,24.329
1982,9,13,23.566,23.566
1982,9,14,25.379,25.379
1982,9,15,26.547,26.547
1982,9,16,31.546,31.546
1982,9,17,32.858,32.858
1982,9,18,33.515,33.515
1982,9,19,37.407,37.407
1982,9,20,36.268,36.268
1982,9,21,31.447,31.447
1982,9,22,33.972,33.972
1982,9,23,33.977,33.977
1982,9,24,28.602,28.602
1982,9,25,24.165,24.165
1982,9,26,21.396,21.396
1982,9,27,21.203,21.203
1982,9,28,22.995,22.995
1982,9,29,25.922,25.922
1982,9,30,25.214,25.214
1982,10,1,22.889,22.889
1982,10,2,23.439,23.439
1982,10,3,23.291,23.291
1982,10,4,25.619,25.619
1982,10,5,27.248,27.248
1982,10,6,23.701,23.701
1982,10,7,17.342,17.342
1982,10,8,21.468,21.468
1982,10,9,20.921,20.921
1982,10,10,24.803,24.803
1982,10,11,29.909,29.909
1982,10,12,30.844,30.844
1982,10,13,31.33,31.33
1982,10,14,30.358,30.358
1982,10,15,29.458,29.458
1982,10,16,29.033,29.033
1982,10,17,31.236,31.236
1982,10,18,26.691,26.691
1982,10,19,25.151,25.151
1982,10,20,26.322,26.322
1982,10,21,27.813,27.813
1982,10,22,29.475,29.475
1982,10,23,30.793,30.793
1982,10,24,29.204,29.204
1982,10,25,23.659,23.659
1982,10,26,23.862,23.862
1982,10,27,22.342,22.342
1982,10,28,21.143,21.143
1982,10,29,23.857,23.857
1982,10,30,26.991,26.991
1982,10,31,29.952,29.952
1982,11,1,29.072,29.072
1982,11,2,28.791,28.791
1982,11,3,29.94,29.94
1982,11,4,28.133,28.133
1982,11,5,29.367,29.367
1982,11,6,29.097,29.097
1982,11,7,28.396,28.396
1982,11,8,25.011,25.011
1982,11,9,23.697,23.697
1982,11,10,22.156,22.156
1982,11,11,19.445,19.445
1982,11,12,18.915,18.915
1982,11,13,17.481,17.481
1982,11,14,16.989,16.989
1982,11,15,19.473,19.473
1982,11,16,19.177,19.177
1982,11,17,16.935,16.935
1982,11,18,17.916,17.916
1982,11,19,18.627,18.627
1982,11,20,19.014,19.014
1982,11,21,19.973,19.973
1982,11,22,17.159,17.159
1982,11,23,15.884,15.884
1982,11,24,11.109,11.109
1982,11,25,13.331,13.331
1982,11,26,14.481,14.481
1982,11,27,15.715,15.715
1982,11,28,12.324,12.324
1982,11,29,11.158,11.158
1982,11,30,12.4,12.4
1982,12,1,6.984,6.984
1982,12,2,7.578,7.578
1982,12,3,8.876,8.876
1982,12,4,9.143,9.143
1982,12,5,12.564,12.564
1982,12,6,12.814,12.814
1982,12,7,12.827,12.827
1982,12,8,11.937,11.937
1982,12,9,9.959,9.959
1982,12,10,11.109,11.109
1982,12,11,9.372,9.372
1982,12,12,9.187,9.187
1982,12,13,9.953,9.953
1982,12,14,9.06,9.06
1982,12,15,9.034,9.034
1982,12,16,12.259,12.259
1982,12,17,14.559,14.559
1982,12,18,10.739,10.739
1982,12,19,11.42,11.42
1982,12,20,11.327,11.327
1982,12,21,12.405,12.405
1982,12,22,13.394,13.394
1982,12,23,13.816,13.816
1982,12,24,15.555,15.555
1982,12,25,12.898,12.898
1982,12,26,13.98,13.98
1982,12,27,8.696,8.696
1982,12,28,8.477,8.477
1982,12,29,9.002,9.002
1982,12,30,11.567,11.567
1982,12,31,16.621,16.621
1983,1,1,16.83,16.83
1983,1,2,16.872,16.872
1983,1,3,15.75,15.75
1983,1,4,14.139,14.139
1983,1,5,14.26,14.26
1983,1,6,14.436,14.436
1983,1,7,15.004,15.004
1983,1,8,14.483,14.483
1983,1,9,15.61,15.61
1983,1,10,14.302,14.302
1983,1,11,15.546,15.546
1983,1,12,17.958,17.958
1983,1,13,16.045,16.045
1983,1,14,15.683,15.683
1983,1,15,16.299,16.299
1983,1,16,9.856,9.856
1983,1,17,10.494,10.494
1983,1,18,11.577,11.577
1983,1,19,9.308,9.308
1983,1,20,9.764,9.764
1983,1,21,15.458,15.458
1983,1,22,13.828,13.828
1983,1,23,15.987,15.987
1983,1,24,15.803,15.803
1983,1,25,15.892,15.892
1983,1,26,16.813,16.813
1983,1,27,16.021,16.021
1983,1,28,17.925,17.925
1983,1,29,17.75,17.75
1983,1,30,18.682,18.682
1983,1,31,19.847,19.847
1983,2,1,21.379,21.379
1983,2,2,21.287,21.287
1983,2,3,18.498,18.498
1983,2,4,15.623,15.623
1983,2,5,19.904,19.904
1983,2,6,18.758,18.758
1983,2,7,21.693,21.693
1983,2,8,22.82,22.82
1983,2,9,22.435,22.435
1983,2,10,21.896,21.896
1983,2,11,22.713,22.713
1983,2,12,22.213,22.213
1983,2,13,22.039,22.039
1983,2,14,21.706,21.706
1983,2,15,21.156,21.156
1983,2,16,16.091,16.091
1983,2,17,14.955,14.955
1983,2,18,15.503,15.503
1983,2,19,15.865,15.865
1983,2,20,15.478,15.478
1983,2,21,15.33,15.33
1983,2,22,16.399,16.399
1983,2,23,15.432,15.432
1983,2,24,14.526,14.526
1983,2,25,15.764,15.764
1983,2,26,16.98,16.98
1983,2,27,18.356,18.356
1983,2,28,20.857,20.857
1983,3,1,19.642,19.642
1983,3,2,18.52,18.52
1983,3,3,16.689,16.689
1983,3,4,19.071,19.071
1983,3,5,20.36,20.36
1983,3,6,20.103,20.103
1983,3,7,17.217,17.217
1983,3,8,19.625,19.625
1983,3,9,20.271,20.271
1983,3,10,21.093,21.093
1983,3,11,21.846,21.846
1983,3,12,17.339,17.339
1983,3,13,13.646,13.646
1983,3,14,9.797,9.797
1983,3,15,7.882,7.882
1983,3,16,8.564,8.564
1983,3,17,8.867,8.867
1983,3,18,17.535,17.535
1983,3,19,19.198,19.198
1983,3,20,19.542,19.542
1983,3,21,15.435,15.435
1983,3,22,15.853,15.853
1983,3,23,18.017,18.017
1983,3,24,17.257,17.257
1983,3,25,16.522,16.522
1983,3,26,16.393,16.393
1983,3,27,15.582,15.582
1983,3,28,14.526,14.526
1983,3,29,17.851,17.851
1983,3,30,23.661,23.661
1983,3,31,23.075,23.075
1983,4,1,18.481,18.481
1983,4,2,17.198,17.198
1983,4,3,19.856,19.856
1983,4,4,16.823,16.823
1983,4,5,16.801,16.801
1983,4,6,18.388,18.388
1983,4,7,17.742,17.742
1983,4,8,17.681,17.681
1983,4,9,17.232,17.232
1983,4,10,15.221,15.221
1983,4,11,13.631,13.631
1983,4,12,14.442,14.442
1983,4,13,16.264,16.264
1983,4,14,17.901,17.901
1983,4,15,22.293,22.293
1983,4,16,23.109,23.109
1983,4,17,18.418,18.418
1983,4,18,17.258,17.258
1983,4,19,18.248,18.248
1983,4,20,19.825,19.825
1983,4,21,18.201,18.201
1983,4,22,19.377,19.377
1983,4,23,19.929,19.929
1983,4,24,20.079,20.079
1983,4,25,12.984,12.984
1983,4,26,13.908,13.908
1983,4,27,12.134,12.134
1983,4,28,12.966,12.966
1983,4,29,13.394,13.394
1983,4,30,10.975,10.975
1983,5,1,16.811,16.811
1983,5,2,23.834,23.834
1983,5,3,25.115,25.115
1983,5,4,26.045,26.045
1983,5,5,27.855,27.855
1983,5,6,28.927,28.927
1983,5,7,23.047,23.047
1983,5,8,19.225,19.225
1983,5,9,24.37,24.37
1983,5,10,29.693,29.693
1983,5,11,28.062,28.062
1983,5,12,23.65,23.65
1983,5,13,22.858,22.858
1983,5,14,23.721,23.721
1983,5,15,22.945,22.945
1983,5,16,24.144,24.144
1983,5,17,24.167,24.167
1983,5,18,26.159,26.159
1983,5,19,22.247,22.247
1983,5,20,19.057,19.057
1983,5,21,15.969,15.969
1983,5,22,14.743,14.743
1983,5,23,16.544,16.544
1983,5,24,16.004,16.004
1983,5,25,14.764,14.764
1983,5,26,21.414,21.414
1983,5,27,24.815,24.815
1983,5,28,22.283,22.283
1983,5,29,19.027,19.027
1983,5,30,19.334,19.334
1983,5,31,18.683,18.683
1983,6,1,20.564,20.564
1983,6,2,20.802,20.802
1983,6,3,21.899,21.899
1983,6,4,19.46,19.46
1983,6,5,12.711,12.711
1983,6,6,12.656,12.656
1983,6,7,15.275,15.275
1983,6,8,16.255,16.255
1983,6,9,19.768,19.768
1983,6,10,20.62,20.62
1983,6,11,20.83,20.83
1983,6,12,21.359,21.359
1983,6,13,21.784,21.784
1983,6,14,20.152,20.152
1983,6,15,21.331,21.331
1983,6,16,22.315,22.315
1983,6,17,28.915,28.915
1983,6,18,34.381,34.381
1983,6,19,35.529,35.529
1983,6,20,33.296,33.296
1983,6,21,30.682,30.682
1983,6,22,31.396,31.396
1983,6,23,34.249,34.249
1983,6,24,33.059,33.059
1983,6,25,31.196,31.196
1983,6,26,28.168,28.168
1983,6,27,29.3,29.3
1983,6,28,29.361,29.361
1983,6,29,30.294,30.294
1983,6,30,31.935,31.935
1983,7,1,32.107,32.107
1983,7,2,31.311,31.311
1983,7,3,31.836,31.836
1983,7,4,32.198,32.198
1983,7,5,30.808,30.808
1983,7,6,29.15,29.15
1983,7,7,30.275,30.275
1983,7,8,34.225,34.225
1983,7,9,37.126,37.126
1983,7,10,39.705,39.705
1983,7,11,39.131,39.131
1983,7,12,37.596,37.596
1983,7,13,37.082,37.082
1983,7,14,33.19,33.19
1983,7,15,32.036,32.036
1983,7,16,29.554,29.554
1983,7,17,26.913,26.913
1983,7,18,30.499,30.499
1983,7,19,27.967,27.967
1983,7,20,32.733,32.733
1983,7,21,34.089,34.089
1983,7,22,37.257,37.257
1983,7,23,35.773,35.773
1983,7,24,33.307,33.307
1983,7,25,33.78,33.78
1983,7,26,32.488,32.488
1983,7,27,30.494,30.494
1983,7,28,29.66,29.66
1983,7,29,31.991,31.991
1983,7,30,32.094,32.094
1983,7,31,35.127,35.127
1983,8,1,35.977,35.977
1983,8,2,35.047,35.047
1983,8,3,35.657,35.657
1983,8,4,37.951,37.951
1983,8,5,38.032,38.032
1983,8,6,35.309,35.309
1983,8,7,34.861,34.861
1983,8,8,35.634,35.634
1983,8,9,35.112,35.112
1983,8,10,35.25,35.25
1983,8,11,35.075,35.075
1983,8,12,33.192,33.192
1983,8,13,33.541,33.541
1983,8,14,33.547,33.547
1983,8,15,36.48,36.48
1983,8,16,36.414,36.414
1983,8,17,32.345,32.345
1983,8,18,30.631,30.631
1983,8,19,29.853,29.853
1983,8,20,30.624,30.624
1983,8,21,27.251,27.251
1983,8,22,24.984,24.984
1983,8,23,27.908,27.908
1983,8,24,33.314,33.314
1983,8,25,34.052,34.052
1983,8,26,34.575,34.575
1983,8,27,35.821,35.821
1983,8,28,35.802,35.802
1983,8,29,36.131,36.131
1983,8,30,36.611,36.611
1983,8,31,33.101,33.101
1983,9,1,33.449,33.449
1983,9,2,32.692,32.692
1983,9,3,34.578,34.578
1983,9,4,34.467,34.467
1983,9,5,34.112,34.112
1983,9,6,32.022,32.022
1983,9,7,28.865,28.865
1983,9,8,28.779,28.779
1983,9,9,31.042,31.042
1983,9,10,31.744,31.744
1983,9,11,34.559,34.559
1983,9,12,34.95,34.95
1983,9,13,35.08,35.08
1983,9,14,33.369,33.369
1983,9,15,29.513,29.513
1983,9,16,25.813,25.813
1983,9,17,26.905,26.905
1983,9,18,26.968,26.968
1983,9,19,25.049,25.049
1983,9,20,21.248,21.248
1983,9,21,23.55,23.55
1983,9,22,26.757,26.757
1983,9,23,23.542,23.542
1983,9,24,28.531,28.531
1983,9,25,28.289,28.289
1983,9,26,28.053,28.053
1983,9,27,24.027,24.027
1983,9,28,21.63,21.63
1983,9,29,25.729,25.729
1983,9,30,29.528,29.528
1983,10,1,31.113,31.113
1983,10,2,27.009,27.009
1983,10,3,21.144,21.144
1983,10,4,25.656,25.656
1983,10,5,26.612,26.612
1983,10,6,26.413,26.413
1983,10,7,25.581,25.581
1983,10,8,25.078,25.078
1983,10,9,26.726,26.726
1983,10,10,23.868,23.868
1983,10,11,23.783,23.783
1983,10,12,17.117,17.117
1983,10,13,13.991,13.991
1983,10,14,12.039,12.039
1983,10,15,12.638,12.638
1983,10,16,14.071,14.071
1983,10,17,16.862,16.862
1983,10,18,18.575,18.575
1983,10,19,22.127,22.127
1983,10,20,23.667,23.667
1983,10,21,23.317,23.317
1983,10,22,22.965,22.965
1983,10,23,19.066,19.066
1983,10,24,18.258,18.258
1983,10,25,17.324,17.324
1983,10,26,15.334,15.334
1983,10,27,19.929,19.929
1983,10,28,23.278,23.278
1983,10,29,23.617,23.617
1983,10,30,25.15,25.15
1983,10,31,26.484,26.484
1983,11,1,22.945,22.945
1983,11,2,22.031,22.031
1983,11,3,23.533,23.533
1983,11,4,24.81,24.81
1983,11,5,25.544,25.544
1983,11,6,24.221,24.221
1983,11,7,22.632,22.632
1983,11,8,21.398,21.398
1983,11,9,16.125,16.125
1983,11,10,16.291,16.291
1983,11,11,15.402,15.402
1983,11,12,15.64,15.64
1983,11,13,16.725,16.725
1983,11,14,17.469,17.469
1983,11,15,15.866,15.866
1983,11,16,14.008,14.008
1983,11,17,17.193,17.193
1983,11,18,17.423,17.423
1983,11,19,18.027,18.027
1983,11,20,13.282,13.282
1983,11,21,12.545,12.545
1983,11,22,13.228,13.228
1983,11,23,14.209,14.209
1983,11,24,14.419,14.419
1983,11,25,18.773,18.773
1983,11,26,15.339,15.339
1983,11,27,15.047,15.047
1983,11,28,12.55,12.55
1983,11,29,12.663,12.663
1983,11,30,9.414,9.414
1983,12,1,8.996,8.996
1983,12,2,10.397,10.397
1983,12,3,6.85,6.85
1983,12,4,8.213,8.213
1983,12,5,9.285,9.285
1983,12,6,9.401,9.401
1983,12,7,9.927,9.927
1983,12,8,11.067,11.067
1983,12,9,9.729,9.729
1983,12,10,9.218,9.218
1983,12,11,11.256,11.256
1983,12,12,10.651,10.651
1983,12,13,13.722,13.722
1983,12,14,14.274,14.274
1983,12,15,15.891,15.891
1983,12,16,16.849,16.849
1983,12,17,17.586,17.586
1983,12,18,12.207,12.207
1983,12,19,10.246,10.246
1983,12,20,10.07,10.07
1983,12,21,9.066,9.066
1983,12,22,10.148,10.148
1983,12,23,11.611,11.611
1983,12,24,9.72,9.72
1983,12,25,8.775,8.775
1983,12,26,10.015,10.015
1983,12,27,9.853,9.853
1983,12,28,9.697,9.697
1983,12,29,11.972,11.972
1983,12,30,12.392,12.392
1983,12,31,13.782,13.782
1984,1,1,12.606,12.606
1984,1,2,12.389,12.389
1984,1,3,11.916,11.916
1984,1,4,10.192,10.192
1984,1,5,9.61,9.61
1984,1,6,8.871,8.871
1984,1,7,8.571,8.571
1984,1,8,9.323,9.323
1984,1,9,10.522,10.522
1984,1,10,9.902,9.902
1984,1,11,7.922,7.922
1984,1,12,9.038,9.038
1984,1,13,5.989,5.989
1984,1,14,7.474,7.474
1984,1,15,8.981,8.981
1984,1,16,11.642,11.642
1984,1,17,7.815,7.815
1984,1,18,6.166,6.166
1984,1,19,10.023,10.023
1984,1,20,7.344,7.344
1984,1,21,10.723,10.723
1984,1,22,8.998,8.998
1984,1,23,5.405,5.405
1984,1,24,4.569,4.569
1984,1,25,6.303,6.303
1984,1,26,5.008,5.008
1984,1,27,9.17,9.17
1984,1,28,6.884,6.884
1984,1,29,7.2,7.2
1984,1,30,9.093,9.093
1984,1,31,9.922,9.922
1984,2,1,9.435,9.435
1984,2,2,10.57,10.57
1984,2,3,14.178,14.178
1984,2,4,5.609,5.609
1984,2,5,8.486,8.486
1984,2,6,7.799,7.799
1984,2,7,7.425,7.425
1984,2,8,8.199,8.199
1984,2,9,8.877,8.877
1984,2,10,10.074,10.074
1984,2,11,9.811,9.811
1984,2,12,10.515,10.515
1984,2,13,9.555,9.555
1984,2,14,12.01,12.01
1984,2,15,9.617,9.617
1984,2,16,11.21,11.21
1984,2,17,12.115,12.115
1984,2,18,15.712,15.712
1984,2,19,18.152,18.152
1984,2,20,18.485,18.485
1984,2,21,17.191,17.191
1984,2,22,14.893,14.893
1984,2,23,13.278,13.278
1984,2,24,13.888,13.888
1984,2,25,14.057,14.057
1984,2,26,17.893,17.893
1984,2,27,12.491,12.491
1984,2,28,9.964,9.964
1984,2,29,6.469,6.469
1984,3,1,9.716,9.716
1984,3,2,11.098,11.098
1984,3,3,13.428,13.428
1984,3,4,11.758,11.758
1984,3,5,13.89,13.89
1984,3,6,10.274,10.274
1984,3,7,9.815,9.815
1984,3,8,12.543,12.543
1984,3,9,13.57,13.57
1984,3,10,14.72,14.72
1984,3,11,14.475,14.475
1984,3,12,16.157,16.157
1984,3,13,19.888,19.888
1984,3,14,20.45,20.45
1984,3,15,22.698,22.698
1984,3,16,16.761,16.761
1984,3,17,13.738,13.738
1984,3,18,13.745,13.745
1984,3,19,14.546,14.546
1984,3,20,15.508,15.508
1984,3,21,14.58,14.58
1984,3,22,11.063,11.063
1984,3,23,11.47,11.47
1984,3,24,10.151,10.151
1984,3,25,7.776,7.776
1984,3,26,8.317,8.317
1984,3,27,12.956,12.956
1984,3,28,16.454,16.454
1984,3,29,14.675,14.675
1984,3,30,9.105,9.105
1984,3,31,10.989,10.989
1984,4,1,12.25,12.25
1984,4,2,7.903,7.903
1984,4,3,7.428,7.428
1984,4,4,8.716,8.716
1984,4,5,12.86,12.86
1984,4,6,17.774,17.774
1984,4,7,15.888,15.888
1984,4,8,17.226,17.226
1984,4,9,14.789,14.789
1984,4,10,13.6,13.6
1984,4,11,10.851,10.851
1984,4,12,10.109,10.109
1984,4,13,10.599,10.599
1984,4,14,12.024,12.024
1984,4,15,11.088,11.088
1984,4,16,11.602,11.602
1984,4,17,16.321,16.321
1984,4,18,16.635,16.635
1984,4,19,19.557,19.557
1984,4,20,19.878,19.878
1984,4,21,17.32,17.32
1984,4,22,9.442,9.442
1984,4,23,5.422,5.422
1984,4,24,15.257,15.257
1984,4,25,23.739,23.739
1984,4,26,24.913,24.913
1984,4,27,24.866,24.866
1984,4,28,20.509,20.509
1984,4,29,22.73,22.73
1984,4,30,18.158,18.158
1984,5,1,19.645,19.645
1984,5,2,18.873,18.873
1984,5,3,22.268,22.268
1984,5,4,18.51,18.51
1984,5,5,19.88,19.88
1984,5,6,22.039,22.039
1984,5,7,27.534,27.534
1984,5,8,28.196,28.196
1984,5,9,27.405,27.405
1984,5,10,25.554,25.554
1984,5,11,22.022,22.022
1984,5,12,18.512,18.512
1984,5,13,16.48,16.48
1984,5,14,14.962,14.962
1984,5,15,18.229,18.229
1984,5,16,20.477,20.477
1984,5,17,19.034,19.034
1984,5,18,23.113,23.113
1984,5,19,27.113,27.113
1984,5,20,24.751,24.751
1984,5,21,18.514,18.514
1984,5,22,17.317,17.317
1984,5,23,15.404,15.404
1984,5,24,24.814,24.814
1984,5,25,24.823,24.823
1984,5,26,29.829,29.829
1984,5,27,29.993,29.993
1984,5,28,29.966,29.966
1984,5,29,30.303,30.303
1984,5,30,30.291,30.291
1984,5,31,28.722,28.722
1984,6,1,31.82,31.82
1984,6,2,35.574,35.574
1984,6,3,35.937,35.937
1984,6,4,38.011,38.011
1984,6,5,35.117,35.117
1984,6,6,27.656,27.656
1984,6,7,24.589,24.589
1984,6,8,19.148,19.148
1984,6,9,20.835,20.835
1984,6,10,26.013,26.013
1984,6,11,26.967,26.967
1984,6,12,25.314,25.314
1984,6,13,23.578,23.578
1984,6,14,19.964,19.964
1984,6,15,22.403,22.403
1984,6,16,23.646,23.646
1984,6,17,26.772,26.772
1984,6,18,28.679,28.679
1984,6,19,26.997,26.997
1984,6,20,25.163,25.163
1984,6,21,21.616,21.616
1984,6,22,24.249,24.249
1984,6,23,26.862,26.862
1984,6,24,29.279,29.279
1984,6,25,30.388,30.388
1984,6,26,32.155,32.155
1984,6,27,34.086,34.086
1984,6,28,34.165,34.165
1984,6,29,33.098,33.098
1984,6,30,31.219,31.219
1984,7,1,31.713,31.713
1984,7,2,34.157,34.157
1984,7,3,32.484,32.484
1984,7,4,31.386,31.386
1984,7,5,30.412,30.412
1984,7,6,28.389,28.389
1984,7,7,32.824,32.824
1984,7,8,35.09,35.09
1984,7,9,33.914,33.914
1984,7,10,30.253,30.253
1984,7,11,31.483,31.483
1984,7,12,31.291,31.291
1984,7,13,31.669,31.669
1984,7,14,32.236,32.236
1984,7,15,33.109,33.109
1984,7,16,29.501,29.501
1984,7,17,33.227,33.227
1984,7,18,35.491,35.491
1984,7,19,38.274,38.274
1984,7,20,38.368,38.368
1984,7,21,38.369,38.369
1984,7,22,38.319,38.319
1984,7,23,38.406,38.406
1984,7,24,40.501,40.501
1984,7,25,40.231,40.231
1984,7,26,38.895,38.895
1984,7,27,38.265,38.265
1984,7,28,35.984,35.984
1984,7,29,38.053,38.053
1984,7,30,37.582,37.582
1984,7,31,36.234,36.234
1984,8,1,36.305,36.305
1984,8,2,36.752,36.752
1984,8,3,37.662,37.662
1984,8,4,37.171,37.171
1984,8,5,36.243,36.243
1984,8,6,31.512,31.512
1984,8,7,27.921,27.921
1984,8,8,28.047,28.047
1984,8,9,30.271,30.271
1984,8,10,29.76,29.76
1984,8,11,30.753,30.753
1984,8,12,31.803,31.803
1984,8,13,31.874,31.874
1984,8,14,33.275,33.275
1984,8,15,33.871,33.871
1984,8,16,36.022,36.022
1984,8,17,38.065,38.065
1984,8,18,35.229,35.229
1984,8,19,35.352,35.352
1984,8,20,33.818,33.818
1984,8,21,31.24,31.24
1984,8,22,31.094,31.094
1984,8,23,34.087,34.087
1984,8,24,35.981,35.981
1984,8,25,36.338,36.338
1984,8,26,37.992,37.992
1984,8,27,37.93,37.93
1984,8,28,37.3,37.3
1984,8,29,37.508,37.508
1984,8,30,38.467,38.467
1984,8,31,35.767,35.767
1984,9,1,35.225,35.225
1984,9,2,34.132,34.132
1984,9,3,35.022,35.022
1984,9,4,35.49,35.49
1984,9,5,34.749,34.749
1984,9,6,33.822,33.822
1984,9,7,33.297,33.297
1984,9,8,32.845,32.845
1984,9,9,32.268,32.268
1984,9,10,30.586,30.586
1984,9,11,33.163,33.163
1984,9,12,33.548,33.548
1984,9,13,33.864,33.864
1984,9,14,33.907,33.907
1984,9,15,34.32,34.32
1984,9,16,35.291,35.291
1984,9,17,35.176,35.176
1984,9,18,30.469,30.469
1984,9,19,30.922,30.922
1984,9,20,30.083,30.083
1984,9,21,26.705,26.705
1984,9,22,24.244,24.244
1984,9,23,24.161,24.161
1984,9,24,26.323,26.323
1984,9,25,24.912,24.912
1984,9,26,24.404,24.404
1984,9,27,25.38,25.38
1984,9,28,24.257,24.257
1984,9,29,23.157,23.157
1984,9,30,23.382,23.382
1984,10,1,27.67,27.67
1984,10,2,31.399,31.399
1984,10,3,30.977,30.977
1984,10,4,29.083,29.083
1984,10,5,28.142,28.142
1984,10,6,30.105,30.105
1984,10,7,29.864,29.864
1984,10,8,24.402,24.402
1984,10,9,26.072,26.072
1984,10,10,24.469,24.469
1984,10,11,22.695,22.695
1984,10,12,20.199,20.199
1984,10,13,19.443,19.443
1984,10,14,23.436,23.436
1984,10,15,26.17,26.17
1984,10,16,25.009,25.009
1984,10,17,23.66,23.66
1984,10,18,19.898,19.898
1984,10,19,20.453,20.453
1984,10,20,24.847,24.847
1984,10,21,25.211,25.211
1984,10,22,23.786,23.786
1984,10,23,20.047,20.047
1984,10,24,18.639,18.639
1984,10,25,22.293,22.293
1984,10,26,25.246,25.246
1984,10,27,22.929,22.929
1984,10,28,23.033,23.033
1984,10,29,21.499,21.499
1984,10,30,24.856,24.856
1984,10,31,26.697,26.697
1984,11,1,24.86,24.86
1984,11,2,21.044,21.044
1984,11,3,21.183,21.183
1984,11,4,21.083,21.083
1984,11,5,16.494,16.494
1984,11,6,15.245,15.245
1984,11,7,11.305,11.305
1984,11,8,15.773,15.773
1984,11,9,12.481,12.481
1984,11,10,12.816,12.816
1984,11,11,13.836,13.836
1984,11,12,17.546,17.546
1984,11,13,17.113,17.113
1984,11,14,19.248,19.248
1984,11,15,19.785,19.785
1984,11,16,21.035,21.035
1984,11,17,18.847,18.847
1984,11,18,20.59,20.59
1984,11,19,17.265,17.265
1984,11,20,17.434,17.434
1984,11,21,14.393,14.393
1984,11,22,14.386,14.386
1984,11,23,13.869,13.869
1984,11,24,13.825,13.825
1984,11,25,11.817,11.817
1984,11,26,12.818,12.818
1984,11,27,11.541,11.541
1984,11,28,9.235,9.235
1984,11,29,9.932,9.932
1984,11,30,9.473,9.473
1984,12,1,9.649,9.649
1984,12,2,10.995,10.995
1984,12,3,10.266,10.266
1984,12,4,6.979,6.979
1984,12,5,4.455,4.455
1984,12,6,7.832,7.832
1984,12,7,5.85,5.85
1984,12,8,6.539,6.539
1984,12,9,8.151,8.151
1984,12,10,9.936,9.936
1984,12,11,11.093,11.093
1984,12,12,11.39,11.39
1984,12,13,12.682,12.682
1984,12,14,11.225,11.225
1984,12,15,12.341,12.341
1984,12,16,12.913,12.913
1984,12,17,17.461,17.461
1984,12,18,15.671,15.671
1984,12,19,14.426,14.426
1984,12,20,7.495,7.495
1984,12,21,8.837,8.837
1984,12,22,11.802,11.802
1984,12,23,11.715,11.715
1984,12,24,12.665,12.665
1984,12,25,12.271,12.271
1984,12,26,10.053,10.053
1984,12,27,11.128,11.128
1984,12,28,13.43,13.43
1984,12,29,12.38,12.38
1984,12,30,9.513,9.513
1984,12,31,6.575,6.575
1985,1,1,5.77,5.77
1985,1,2,8.97,8.97
1985,1,3,10.951,10.951
1985,1,4,10.736,10.736
1985,1,5,9.452,9.452
1985,1,6,9.599,9.599
1985,1,7,9.218,9.218
1985,1,8,11.619,11.619
1985,1,9,13.166,13.166
1985,1,10,12.915,12.915
1985,1,11,14.51,14.51
1985,1,12,10.263,10.263
1985,1,13,9.82,9.82
1985,1,14,16.464,16.464
1985,1,15,16.236,16.236
1985,1,16,15.468,15.468
1985,1,17,17.46,17.46
1985,1,18,17.889,17.889
1985,1,19,19.713,19.713
1985,1,20,20.219,20.219
1985,1,21,19.052,19.052
1985,1,22,15.7,15.7
1985,1,23,16.227,16.227
1985,1,24,15.457,15.457
1985,1,25,15.522,15.522
1985,1,26,14.296,14.296
1985,1,27,11.687,11.687
1985,1,28,13.24,13.24
1985,1,29,10.145,10.145
1985,1,30,10.087,10.087
1985,1,31,7.704,7.704
1985,2,1,10.815,10.815
1985,2,2,9.681,9.681
1985,2,3,9.948,9.948
1985,2,4,10.192,10.192
1985,2,5,9.211,9.211
1985,2,6,11.0,11.0
1985,2,7,12.357,12.357
1985,2,8,17.084,17.084
1985,2,9,19.351,19.351
1985,2,10,18.554,18.554
1985,2,11,20.752,20.752
1985,2,12,21.406,21.406
1985,2,13,22.567,22.567
1985,2,14,21.483,21.483
1985,2,15,19.92,19.92
1985,2,16,21.002,21.002
1985,2,17,16.967,16.967
1985,2,18,17.203,17.203
1985,2,19,17.003,17.003
1985,2,20,19.019,19.019
1985,2,21,19.751,19.751
1985,2,22,19.881,19.881
1985,2,23,20.504,20.504
1985,2,24,19.598,19.598
1985,2,25,21.066,21.066
1985,2,26,20.452,20.452
1985,2,27,20.101,20.101
1985,2,28,19.707,19.707
1985,3,1,22.203,22.203
1985,3,2,24.554,24.554
1985,3,3,20.131,20.131
1985,3,4,13.583,13.583
1985,3,5,13.856,13.856
1985,3,6,12.895,12.895
1985,3,7,11.929,11.929
1985,3,8,9.828,9.828
1985,3,9,10.261,10.261
1985,3,10,15.465,15.465
1985,3,11,15.203,15.203
1985,3,12,13.071,13.071
1985,3,13,16.492,16.492
1985,3,14,20.319,20.319
1985,3,15,15.998,15.998
1985,3,16,17.788,17.788
1985,3,17,18.327,18.327
1985,3,18,19.839,19.839
1985,3,19,20.696,20.696
1985,3,20,24.422,24.422
1985,3,21,22.861,22.861
1985,3,22,19.334,19.334
1985,3,23,16.207,16.207
1985,3,24,15.28,15.28
1985,3,25,20.017,20.017
1985,3,26,22.176,22.176
1985,3,27,23.892,23.892
1985,3,28,20.831,20.831
1985,3,29,18.582,18.582
1985,3,30,16.978,16.978
1985,3,31,11.68,11.68
1985,4,1,13.007,13.007
1985,4,2,18.697,18.697
1985,4,3,23.696,23.696
1985,4,4,22.918,22.918
1985,4,5,24.598,24.598
1985,4,6,20.78,20.78
1985,4,7,16.184,16.184
1985,4,8,19.145,19.145
1985,4,9,17.89,17.89
1985,4,10,13.958,13.958
1985,4,11,13.472,13.472
1985,4,12,18.956,18.956
1985,4,13,24.235,24.235
1985,4,14,26.231,26.231
1985,4,15,26.459,26.459
1985,4,16,26.294,26.294
1985,4,17,26.336,26.336
1985,4,18,24.22,24.22
1985,4,19,21.967,21.967
1985,4,20,22.098,22.098
1985,4,21,22.32,22.32
1985,4,22,23.867,23.867
1985,4,23,26.656,26.656
1985,4,24,25.747,25.747
1985,4,25,19.546,19.546
1985,4,26,14.792,14.792
1985,4,27,16.307,16.307
1985,4,28,18.224,18.224
1985,4,29,16.924,16.924
1985,4,30,15.773,15.773
1985,5,1,15.229,15.229
1985,5,2,18.302,18.302
1985,5,3,21.924,21.924
1985,5,4,21.509,21.509
1985,5,5,20.867,20.867
1985,5,6,19.239,19.239
1985,5,7,18.762,18.762
1985,5,8,21.021,21.021
1985,5,9,24.172,24.172
1985,5,10,26.788,26.788
1985,5,11,28.529,28.529
1985,5,12,26.396,26.396
1985,5,13,24.448,24.448
1985,5,14,24.378,24.378
1985,5,15,24.587,24.587
1985,5,16,25.412,25.412
1985,5,17,26.072,26.072
1985,5,18,26.979,26.979
1985,5,19,26.903,26.903
1985,5,20,20.632,20.632
1985,5,21,25.206,25.206
1985,5,22,30.005,30.005
1985,5,23,32.089,32.089
1985,5,24,33.472,33.472
1985,5,25,30.624,30.624
1985,5,26,29.711,29.711
1985,5,27,24.905,24.905
1985,5,28,25.776,25.776
1985,5,29,30.122,30.122
1985,5,30,32.236,32.236
1985,5,31,33.982,33.982
1985,6,1,38.209,38.209
1985,6,2,40.773,40.773
1985,6,3,39.226,39.226
1985,6,4,38.037,38.037
1985,6,5,38.084,38.084
1985,6,6,38.586,38.586
1985,6,7,34.459,34.459
1985,6,8,34.55,34.55
1985,6,9,31.926,31.926
1985,6,10,32.704,32.704
1985,6,11,36.777,36.777
1985,6,12,38.958,38.958
1985,6,13,39.205,39.205
1985,6,14,37.951,37.951
1985,6,15,33.805,33.805
1985,6,16,28.587,28.587
1985,6,17,28.004,28.004
1985,6,18,27.668,27.668
1985,6,19,26.021,26.021
1985,6,20,22.685,22.685
1985,6,21,23.992,23.992
1985,6,22,26.45,26.45
1985,6,23,34.069,34.069
1985,6,24,36.254,36.254
1985,6,25,37.287,37.287
1985,6,26,37.121,37.121
1985,6,27,39.259,39.259
1985,6,28,38.495,38.495
1985,6,29,39.469,39.469
1985,6,30,38.29,38.29
1985,7,1,37.711,37.711
1985,7,2,34.953,34.953
1985,7,3,37.0,37.0
1985,7,4,36.176,36.176
1985,7,5,36.229,36.229
1985,7,6,35.929,35.929
1985,7,7,35.476,35.476
1985,7,8,35.344,35.344
1985,7,9,35.116,35.116
1985,7,10,34.391,34.391
1985,7,11,32.579,32.579
1985,7,12,31.148,31.148
1985,7,13,30.414,30.414
1985,7,14,32.781,32.781
1985,7,15,31.258,31.258
1985,7,16,32.809,32.809
1985,7,17,33.47,33.47
1985,7,18,32.439,32.439
1985,7,19,36.854,36.854
1985,7,20,36.686,36.686
1985,7,21,33.141,33.141
1985,7,22,31.921,31.921
1985,7,23,31.087,31.087
1985,7,24,34.392,34.392
1985,7,25,34.947,34.947
1985,7,26,33.575,33.575
1985,7,27,35.968,35.968
1985,7,28,34.808,34.808
1985,7,29,33.454,33.454
1985,7,30,35.979,35.979
1985,7,31,36.607,36.607
1985,8,1,34.684,34.684
1985,8,2,35.871,35.871
1985,8,3,37.734,37.734
1985,8,4,36.435,36.435
1985,8,5,35.411,35.411
1985,8,6,34.838,34.838
1985,8,7,35.158,35.158
1985,8,8,34.365,34.365
1985,8,9,36.798,36.798
1985,8,10,28.25,28.25
1985,8,11,28.195,28.195
1985,8,12,31.266,31.266
1985,8,13,33.338,33.338
1985,8,14,34.824,34.824
1985,8,15,36.358,36.358
1985,8,16,35.843,35.843
1985,8,17,34.406,34.406
1985,8,18,34.592,34.592
1985,8,19,35.386,35.386
1985,8,20,35.859,35.859
1985,8,21,36.399,36.399
1985,8,22,35.393,35.393
1985,8,23,33.234,33.234
1985,8,24,30.315,30.315
1985,8,25,29.899,29.899
1985,8,26,29.366,29.366
1985,8,27,27.53,27.53
1985,8,28,30.346,30.346
1985,8,29,31.477,31.477
1985,8,30,31.6,31.6
1985,8,31,33.183,33.183
1985,9,1,34.142,34.142
1985,9,2,32.677,32.677
1985,9,3,30.488,30.488
1985,9,4,32.648,32.648
1985,9,5,35.061,35.061
1985,9,6,35.848,35.848
1985,9,7,37.923,37.923
1985,9,8,35.882,35.882
1985,9,9,34.293,34.293
1985,9,10,31.847,31.847
1985,9,11,32.921,32.921
1985,9,12,33.17,33.17
1985,9,13,30.652,30.652
1985,9,14,29.337,29.337
1985,9,15,27.761,27.761
1985,9,16,21.716,21.716
1985,9,17,21.073,21.073
1985,9,18,19.524,19.524
1985,9,19,24.504,24.504
1985,9,20,28.143,28.143
1985,9,21,29.549,29.549
1985,9,22,28.094,28.094
1985,9,23,26.38,26.38
1985,9,24,26.507,26.507
1985,9,25,26.13,26.13
1985,9,26,26.639,26.639
1985,9,27,27.715,27.715
1985,9,28,28.138,28.138
1985,9,29,29.49,29.49
1985,9,30,30.892,30.892
1985,10,1,34.42,34.42
1985,10,2,34.439,34.439
1985,10,3,31.758,31.758
1985,10,4,28.824,28.824
1985,10,5,30.051,30.051
1985,10,6,29.206,29.206
1985,10,7,30.025,30.025
1985,10,8,31.913,31.913
1985,10,9,29.394,29.394
1985,10,10,30.885,30.885
1985,10,11,30.52,30.52
1985,10,12,30.122,30.122
1985,10,13,29.794,29.794
1985,10,14,28.829,28.829
1985,10,15,24.735,24.735
1985,10,16,22.198,22.198
1985,10,17,17.569,17.569
1985,10,18,16.035,16.035
1985,10,19,18.883,18.883
1985,10,20,19.684,19.684
1985,10,21,26.335,26.335
1985,10,22,28.273,28.273
1985,10,23,26.623,26.623
1985,10,24,23.498,23.498
1985,10,25,23.269,23.269
1985,10,26,23.376,23.376
1985,10,27,26.288,26.288
1985,10,28,23.798,23.798
1985,10,29,22.446,22.446
1985,10,30,22.36,22.36
1985,10,31,23.878,23.878
1985,11,1,26.21,26.21
1985,11,2,24.472,24.472
1985,11,3,23.959,23.959
1985,11,4,22.215,22.215
1985,11,5,24.553,24.553
1985,11,6,22.735,22.735
1985,11,7,23.939,23.939
1985,11,8,21.909,21.909
1985,11,9,19.656,19.656
1985,11,10,18.545,18.545
1985,11,11,16.586,16.586
1985,11,12,19.599,19.599
1985,11,13,19.739,19.739
1985,11,14,18.738,18.738
1985,11,15,17.469,17.469
1985,11,16,17.321,17.321
1985,11,17,18.815,18.815
1985,11,18,22.299,22.299
1985,11,19,17.1,17.1
1985,11,20,14.984,14.984
1985,11,21,16.117,16.117
1985,11,22,19.361,19.361
1985,11,23,15.686,15.686
1985,11,24,10.824,10.824
1985,11,25,7.669,7.669
1985,11,26,7.321,7.321
1985,11,27,9.153,9.153
1985,11,28,7.851,7.851
1985,11,29,7.146,7.146
1985,11,30,8.469,8.469
1985,12,1,10.821,10.821
1985,12,2,15.353,15.353
1985,12,3,16.576,16.576
1985,12,4,17.109,17.109
1985,12,5,14.733,14.733
1985,12,6,11.708,11.708
1985,12,7,10.11,10.11
1985,12,8,9.157,9.157
1985,12,9,10.547,10.547
1985,12,10,12.109,12.109
1985,12,11,11.096,11.096
1985,12,12,11.178,11.178
1985,12,13,11.928,11.928
1985,12,14,11.896,11.896
1985,12,15,12.168,12.168
1985,12,16,10.602,10.602
1985,12,17,7.682,7.682
1985,12,18,8.504,8.504
1985,12,19,8.085,8.085
1985,12,20,11.045,11.045
1985,12,21,13.763,13.763
1985,12,22,16.553,16.553
1985,12,23,19.621,19.621
1985,12,24,19.919,19.919
1985,12,25,21.509,21.509
1985,12,26,20.627,20.627
1985,12,27,18.978,18.978
1985,12,28,17.894,17.894
1985,12,29,16.049,16.049
1985,12,30,14.74,14.74
1985,12,31,13.139,13.139
1986,1,1,10.778,10.778
1986,1,2,7.439,7.439
1986,1,3,5.841,5.841
1986,1,4,6.227,6.227
1986,1,5,9.891,9.891
1986,1,6,11.717,11.717
1986,1,7,11.636,11.636
1986,1,8,9.751,9.751
1986,1,9,8.301,8.301
1986,1,10,7.572,7.572
1986,1,11,9.25,9.25
1986,1,12,11.206,11.206
1986,1,13,9.973,9.973
1986,1,14,7.316,7.316
1986,1,15,9.131,9.131
1986,1,16,15.321,15.321
1986,1,17,13.262,13.262
1986,1,18,12.657,12.657
1986,1,19,8.752,8.752
1986,1,20,11.055,11.055
1986,1,21,7.938,7.938
1986,1,22,8.952,8.952
1986,1,23,8.581,8.581
1986,1,24,9.121,9.121
1986,1,25,7.203,7.203
1986,1,26,5.796,5.796
1986,1,27,6.956,6.956
1986,1,28,5.53,5.53
1986,1,29,7.376,7.376
1986,1,30,9.498,9.498
1986,1,31,11.922,11.922
1986,2,1,13.614,13.614
1986,2,2,14.187,14.187
1986,2,3,13.837,13.837
1986,2,4,12.055,12.055
1986,2,5,13.685,13.685
1986,2,6,14.234,14.234
1986,2,7,15.94,15.94
1986,2,8,16.389,16.389
1986,2,9,17.776,17.776
1986,2,10,17.414,17.414
1986,2,11,17.816,17.816
1986,2,12,16.093,16.093
1986,2,13,13.411,13.411
1986,2,14,13.394,13.394
1986,2,15,14.132,14.132
1986,2,16,10.162,10.162
1986,2,17,7.195,7.195
1986,2,18,9.067,9.067
1986,2,19,11.525,11.525
1986,2,20,12.811,12.811
1986,2,21,10.446,10.446
1986,2,22,10.055,10.055
1986,2,23,8.288,8.288
1986,2,24,10.247,10.247
1986,2,25,13.254,13.254
1986,2,26,15.652,15.652
1986,2,27,14.279,14.279
1986,2,28,9.778,9.778
1986,3,1,7.631,7.631
1986,3,2,12.405,12.405
1986,3,3,12.873,12.873
1986,3,4,13.565,13.565
1986,3,5,15.937,15.937
1986,3,6,15.844,15.844
1986,3,7,16.827,16.827
1986,3,8,18.737,18.737
1986,3,9,18.146,18.146
1986,3,10,15.531,15.531
1986,3,11,12.976,12.976
1986,3,12,11.692,11.692
1986,3,13,13.484,13.484
1986,3,14,7.818,7.818
1986,3,15,8.777,8.777
1986,3,16,10.1,10.1
1986,3,17,9.812,9.812
1986,3,18,11.221,11.221
1986,3,19,17.018,17.018
1986,3,20,20.691,20.691
1986,3,21,19.315,19.315
1986,3,22,16.063,16.063
1986,3,23,10.906,10.906
1986,3,24,10.721,10.721
1986,3,25,16.241,16.241
1986,3,26,18.487,18.487
1986,3,27,18.999,18.999
1986,3,28,15.461,15.461
1986,3,29,13.718,13.718
1986,3,30,15.789,15.789
1986,3,31,13.835,13.835
1986,4,1,18.019,18.019
1986,4,2,22.005,22.005
1986,4,3,27.294,27.294
1986,4,4,27.448,27.448
1986,4,5,25.273,25.273
1986,4,6,21.133,21.133
1986,4,7,22.997,22.997
1986,4,8,22.134,22.134
1986,4,9,17.597,17.597
1986,4,10,14.611,14.611
1986,4,11,11.761,11.761
1986,4,12,10.462,10.462
1986,4,13,15.669,15.669
1986,4,14,22.069,22.069
1986,4,15,25.093,25.093
1986,4,16,26.584,26.584
1986,4,17,26.425,26.425
1986,4,18,25.301,25.301
1986,4,19,23.202,23.202
1986,4,20,20.929,20.929
1986,4,21,19.223,19.223
1986,4,22,21.131,21.131
1986,4,23,20.766,20.766
1986,4,24,20.159,20.159
1986,4,25,19.058,19.058
1986,4,26,15.335,15.335
1986,4,27,12.58,12.58
1986,4,28,13.673,13.673
1986,4,29,19.053,19.053
1986,4,30,23.226,23.226
1986,5,1,21.066,21.066
1986,5,2,16.995,16.995
1986,5,3,18.576,18.576
1986,5,4,22.844,22.844
1986,5,5,22.622,22.622
1986,5,6,25.38,25.38
1986,5,7,28.674,28.674
1986,5,8,30.933,30.933
1986,5,9,32.205,32.205
1986,5,10,29.762,29.762
1986,5,11,24.412,24.412
1986,5,12,24.683,24.683
1986,5,13,25.495,25.495
1986,5,14,24.089,24.089
1986,5,15,16.721,16.721
1986,5,16,19.12,19.12
1986,5,17,20.689,20.689
1986,5,18,25.429,25.429
1986,5,19,27.804,27.804
1986,5,20,29.058,29.058
1986,5,21,29.888,29.888
1986,5,22,31.892,31.892
1986,5,23,32.935,32.935
1986,5,24,33.042,33.042
1986,5,25,32.724,32.724
1986,5,26,32.938,32.938
1986,5,27,32.846,32.846
1986,5,28,33.544,33.544
1986,5,29,30.406,30.406
1986,5,30,27.044,27.044
1986,5,31,26.419,26.419
1986,6,1,26.37,26.37
1986,6,2,26.237,26.237
1986,6,3,24.667,24.667
1986,6,4,26.595,26.595
1986,6,5,31.721,31.721
1986,6,6,36.213,36.213
1986,6,7,38.093,38.093
1986,6,8,37.245,37.245
1986,6,9,37.275,37.275
1986,6,10,36.315,36.315
1986,6,11,32.399,32.399
1986,6,12,33.027,33.027
1986,6,13,35.301,35.301
1986,6,14,35.697,35.697
1986,6,15,31.07,31.07
1986,6,16,30.045,30.045
1986,6,17,32.127,32.127
1986,6,18,32.549,32.549
1986,6,19,31.925,31.925
1986,6,20,31.686,31.686
1986,6,21,35.531,35.531
1986,6,22,36.078,36.078
1986,6,23,36.287,36.287
1986,6,24,30.973,30.973
1986,6,25,31.988,31.988
1986,6,26,29.43,29.43
1986,6,27,28.457,28.457
1986,6,28,29.483,29.483
1986,6,29,32.845,32.845
1986,6,30,36.593,36.593
1986,7,1,35.97,35.97
1986,7,2,34.165,34.165
1986,7,3,34.069,34.069
1986,7,4,36.48,36.48
1986,7,5,38.381,38.381
1986,7,6,37.131,37.131
1986,7,7,35.762,35.762
1986,7,8,32.337,32.337
1986,7,9,31.051,31.051
1986,7,10,31.104,31.104
1986,7,11,33.472,33.472
1986,7,12,26.459,26.459
1986,7,13,23.631,23.631
1986,7,14,32.917,32.917
1986,7,15,35.488,35.488
1986,7,16,35.368,35.368
1986,7,17,35.683,35.683
1986,7,18,37.236,37.236
1986,7,19,36.878,36.878
1986,7,20,39.283,39.283
1986,7,21,38.808,38.808
1986,7,22,39.184,39.184
1986,7,23,37.012,37.012
1986,7,24,31.654,31.654
1986,7,25,33.235,33.235
1986,7,26,34.154,34.154
1986,7,27,33.677,33.677
1986,7,28,35.749,35.749
1986,7,29,33.96,33.96
1986,7,30,33.513,33.513
1986,7,31,31.6,31.6
1986,8,1,33.015,33.015
1986,8,2,34.977,34.977
1986,8,3,36.429,36.429
1986,8,4,36.003,36.003
1986,8,5,37.247,37.247
1986,8,6,37.424,37.424
1986,8,7,32.676,32.676
1986,8,8,34.604,34.604
1986,8,9,33.255,33.255
1986,8,10,34.339,34.339
1986,8,11,36.065,36.065
1986,8,12,37.077,37.077
1986,8,13,38.697,38.697
1986,8,14,36.159,36.159
1986,8,15,35.449,35.449
1986,8,16,35.156,35.156
1986,8,17,34.452,34.452
1986,8,18,35.58,35.58
1986,8,19,33.047,33.047
1986,8,20,30.725,30.725
1986,8,21,31.359,31.359
1986,8,22,31.636,31.636
1986,8,23,35.873,35.873
1986,8,24,37.04,37.04
1986,8,25,36.815,36.815
1986,8,26,34.977,34.977
1986,8,27,35.163,35.163
1986,8,28,31.481,31.481
1986,8,29,29.749,29.749
1986,8,30,31.76,31.76
1986,8,31,33.906,33.906
1986,9,1,35.664,35.664
1986,9,2,35.93,35.93
1986,9,3,35.978,35.978
1986,9,4,36.335,36.335
1986,9,5,36.113,36.113
1986,9,6,35.598,35.598
1986,9,7,34.717,34.717
1986,9,8,30.528,30.528
1986,9,9,30.796,30.796
1986,9,10,32.094,32.094
1986,9,11,30.257,30.257
1986,9,12,32.297,32.297
1986,9,13,29.343,29.343
1986,9,14,27.832,27.832
1986,9,15,26.213,26.213
1986,9,16,28.469,28.469
1986,9,17,32.655,32.655
1986,9,18,33.328,33.328
1986,9,19,34.574,34.574
1986,9,20,35.376,35.376
1986,9,21,32.934,32.934
1986,9,22,26.899,26.899
1986,9,23,27.504,27.504
1986,9,24,26.898,26.898
1986,9,25,25.047,25.047
1986,9,26,23.947,23.947
1986,9,27,27.684,27.684
1986,9,28,30.316,30.316
1986,9,29,32.075,32.075
1986,9,30,33.173,33.173
1986,10,1,30.792,30.792
1986,10,2,26.593,26.593
1986,10,3,24.315,24.315
1986,10,4,29.69,29.69
1986,10,5,30.069,30.069
1986,10,6,30.916,30.916
1986,10,7,31.55,31.55
1986,10,8,32.485,32.485
1986,10,9,33.348,33.348
1986,10,10,31.035,31.035
1986,10,11,29.977,29.977
1986,10,12,32.484,32.484
1986,10,13,29.556,29.556
1986,10,14,29.056,29.056
1986,10,15,30.055,30.055
1986,10,16,29.019,29.019
1986,10,17,26.843,26.843
1986,10,18,26.043,26.043
1986,10,19,24.878,24.878
1986,10,20,22.264,22.264
1986,10,21,24.439,24.439
1986,10,22,21.648,21.648
1986,10,23,17.643,17.643
1986,10,24,14.539,14.539
1986,10,25,12.992,12.992
1986,10,26,15.101,15.101
1986,10,27,15.234,15.234
1986,10,28,17.182,17.182
1986,10,29,17.788,17.788
1986,10,30,20.841,20.841
1986,10,31,21.055,21.055
1986,11,1,23.791,23.791
1986,11,2,20.684,20.684
1986,11,3,16.354,16.354
1986,11,4,19.051,19.051
1986,11,5,20.864,20.864
1986,11,6,15.83,15.83
1986,11,7,12.263,12.263
1986,11,8,14.047,14.047
1986,11,9,15.525,15.525
1986,11,10,15.785,15.785
1986,11,11,13.076,13.076
1986,11,12,12.889,12.889
1986,11,13,11.972,11.972
1986,11,14,10.825,10.825
1986,11,15,12.294,12.294
1986,11,16,15.92,15.92
1986,11,17,15.832,15.832
1986,11,18,17.331,17.331
1986,11,19,15.536,15.536
1986,11,20,17.077,17.077
1986,11,21,19.469,19.469
1986,11,22,17.687,17.687
1986,11,23,12.019,12.019
1986,11,24,9.745,9.745
1986,11,25,7.475,7.475
1986,11,26,11.391,11.391
1986,11,27,11.785,11.785
1986,11,28,10.445,10.445
1986,11,29,11.709,11.709
1986,11,30,11.93,11.93
1986,12,1,12.477,12.477
1986,12,2,10.137,10.137
1986,12,3,12.865,12.865
1986,12,4,14.087,14.087
1986,12,5,14.042,14.042
1986,12,6,13.708,13.708
1986,12,7,11.869,11.869
1986,12,8,14.969,14.969
1986,12,9,16.587,16.587
1986,12,10,13.841,13.841
1986,12,11,12.197,12.197
1986,12,12,12.961,12.961
1986,12,13,10.652,10.652
1986,12,14,9.83,9.83
1986,12,15,10.724,10.724
1986,12,16,8.435,8.435
1986,12,17,10.557,10.557
1986,12,18,16.178,16.178
1986,12,19,14.567,14.567
1986,12,20,14.842,14.842
1986,12,21,12.52,12.52
1986,12,22,10.705,10.705
1986,12,23,9.322,9.322
1986,12,24,10.497,10.497
1986,12,25,12.337,12.337
1986,12,26,12.092,12.092
1986,12,27,11.707,11.707
1986,12,28,10.754,10.754
1986,12,29,12.22,12.22
1986,12,30,7.491,7.491
1986,12,31,5.908,5.908
1987,1,1,4.959,4.959
1987,1,2,9.975,9.975
1987,1,3,10.066,10.066
1987,1,4,11.629,11.629
1987,1,5,9.447,9.447
1987,1,6,9.399,9.399
1987,1,7,9.76,9.76
1987,1,8,10.918,10.918
1987,1,9,11.978,11.978
1987,1,10,10.088,10.088
1987,1,11,7.717,7.717
1987,1,12,7.508,7.508
1987,1,13,5.733,5.733
1987,1,14,9.381,9.381
1987,1,15,10.031,10.031
1987,1,16,6.333,6.333
1987,1,17,8.241,8.241
1987,1,18,10.691,10.691
1987,1,19,12.504,12.504
1987,1,20,13.195,13.195
1987,1,21,15.129,15.129
1987,1,22,16.775,16.775
1987,1,23,16.169,16.169
1987,1,24,18.004,18.004
1987,1,25,18.107,18.107
1987,1,26,15.76,15.76
1987,1,27,18.485,18.485
1987,1,28,18.794,18.794
1987,1,29,18.127,18.127
1987,1,30,17.192,17.192
1987,1,31,16.639,16.639
1987,2,1,17.631,17.631
1987,2,2,18.083,18.083
1987,2,3,15.23,15.23
1987,2,4,13.577,13.577
1987,2,5,11.276,11.276
1987,2,6,14.784,14.784
1987,2,7,13.976,13.976
1987,2,8,15.134,15.134
1987,2,9,14.895,14.895
1987,2,10,17.579,17.579
1987,2,11,17.966,17.966
1987,2,12,17.906,17.906
1987,2,13,18.363,18.363
1987,2,14,19.312,19.312
1987,2,15,18.978,18.978
1987,2,16,19.131,19.131
1987,2,17,16.236,16.236
1987,2,18,20.709,20.709
1987,2,19,17.79,17.79
1987,2,20,18.837,18.837
1987,2,21,16.393,16.393
1987,2,22,17.68,17.68
1987,2,23,20.792,20.792
1987,2,24,18.364,18.364
1987,2,25,21.185,21.185
1987,2,26,19.896,19.896
1987,2,27,16.749,16.749
1987,2,28,14.903,14.903
1987,3,1,17.687,17.687
1987,3,2,18.982,18.982
1987,3,3,22.818,22.818
1987,3,4,21.339,21.339
1987,3,5,22.347,22.347
1987,3,6,18.881,18.881
1987,3,7,19.395,19.395
1987,3,8,19.152,19.152
1987,3,9,18.565,18.565
1987,3,10,18.526,18.526
1987,3,11,20.286,20.286
1987,3,12,22.97,22.97
1987,3,13,22.477,22.477
1987,3,14,20.699,20.699
1987,3,15,16.814,16.814
1987,3,16,18.32,18.32
1987,3,17,19.476,19.476
1987,3,18,22.49,22.49
1987,3,19,23.662,23.662
1987,3,20,23.5,23.5
1987,3,21,19.586,19.586
1987,3,22,25.404,25.404
1987,3,23,26.587,26.587
1987,3,24,24.849,24.849
1987,3,25,24.621,24.621
1987,3,26,20.488,20.488
1987,3,27,20.991,20.991
1987,3,28,22.553,22.553
1987,3,29,21.132,21.132
1987,3,30,18.525,18.525
1987,3,31,20.75,20.75
1987,4,1,20.867,20.867
1987,4,2,17.646,17.646
1987,4,3,15.212,15.212
1987,4,4,13.364,13.364
1987,4,5,12.879,12.879
1987,4,6,17.98,17.98
1987,4,7,19.542,19.542
1987,4,8,23.912,23.912
1987,4,9,28.14,28.14
1987,4,10,27.217,27.217
1987,4,11,25.503,25.503
1987,4,12,27.087,27.087
1987,4,13,27.32,27.32
1987,4,14,28.297,28.297
1987,4,15,28.741,28.741
1987,4,16,24.208,24.208
1987,4,17,18.32,18.32
1987,4,18,18.627,18.627
1987,4,19,19.823,19.823
1987,4,20,18.461,18.461
1987,4,21,15.95,15.95
1987,4,22,19.401,19.401
1987,4,23,26.147,26.147
1987,4,24,24.823,24.823
1987,4,25,20.508,20.508
1987,4,26,16.415,16.415
1987,4,27,19.025,19.025
1987,4,28,20.327,20.327
1987,4,29,20.183,20.183
1987,4,30,20.867,20.867
1987,5,1,20.147,20.147
1987,5,2,17.04,17.04
1987,5,3,11.952,11.952
1987,5,4,14.263,14.263
1987,5,5,18.119,18.119
1987,5,6,25.245,25.245
1987,5,7,27.49,27.49
1987,5,8,27.615,27.615
1987,5,9,20.634,20.634
1987,5,10,10.761,10.761
1987,5,11,12.365,12.365
1987,5,12,12.707,12.707
1987,5,13,18.795,18.795
1987,5,14,16.323,16.323
1987,5,15,15.648,15.648
1987,5,16,24.148,24.148
1987,5,17,26.092,26.092
1987,5,18,26.478,26.478
1987,5,19,30.203,30.203
1987,5,20,31.211,31.211
1987,5,21,29.781,29.781
1987,5,22,30.558,30.558
1987,5,23,29.857,29.857
1987,5,24,30.469,30.469
1987,5,25,28.987,28.987
1987,5,26,26.67,26.67
1987,5,27,19.953,19.953
1987,5,28,24.131,24.131
1987,5,29,24.712,24.712
1987,5,30,19.168,19.168
1987,5,31,24.742,24.742
1987,6,1,23.817,23.817
1987,6,2,26.422,26.422
1987,6,3,27.729,27.729
1987,6,4,25.206,25.206
1987,6,5,27.364,27.364
1987,6,6,30.515,30.515
1987,6,7,29.171,29.171
1987,6,8,30.186,30.186
1987,6,9,27.636,27.636
1987,6,10,25.027,25.027
1987,6,11,22.335,22.335
1987,6,12,24.785,24.785
1987,6,13,27.32,27.32
1987,6,14,31.009,31.009
1987,6,15,33.068,33.068
1987,6,16,33.871,33.871
1987,6,17,32.528,32.528
1987,6,18,30.384,30.384
1987,6,19,27.791,27.791
1987,6,20,28.101,28.101
1987,6,21,30.519,30.519
1987,6,22,29.783,29.783
1987,6,23,28.14,28.14
1987,6,24,30.674,30.674
1987,6,25,32.477,32.477
1987,6,26,32.514,32.514
1987,6,27,32.384,32.384
1987,6,28,32.413,32.413
1987,6,29,32.722,32.722
1987,6,30,35.618,35.618
1987,7,1,38.245,38.245
1987,7,2,38.558,38.558
1987,7,3,37.158,37.158
1987,7,4,35.43,35.43
1987,7,5,34.268,34.268
1987,7,6,29.243,29.243
1987,7,7,33.724,33.724
1987,7,8,33.668,33.668
1987,7,9,36.25,36.25
1987,7,10,36.913,36.913
1987,7,11,36.781,36.781
1987,7,12,36.954,36.954
1987,7,13,35.95,35.95
1987,7,14,35.157,35.157
1987,7,15,35.007,35.007
1987,7,16,34.291,34.291
1987,7,17,31.301,31.301
1987,7,18,34.099,34.099
1987,7,19,32.095,32.095
1987,7,20,31.464,31.464
1987,7,21,35.961,35.961
1987,7,22,38.086,38.086
1987,7,23,39.105,39.105
1987,7,24,39.196,39.196
1987,7,25,41.138,41.138
1987,7,26,41.808,41.808
1987,7,27,42.962,42.962
1987,7,28,42.469,42.469
1987,7,29,38.915,38.915
1987,7,30,39.992,39.992
1987,7,31,36.938,36.938
1987,8,1,35.891,35.891
1987,8,2,33.045,33.045
1987,8,3,30.243,30.243
1987,8,4,30.713,30.713
1987,8,5,30.771,30.771
1987,8,6,31.49,31.49
1987,8,7,33.68,33.68
1987,8,8,35.992,35.992
1987,8,9,36.986,36.986
1987,8,10,36.816,36.816
1987,8,11,33.502,33.502
1987,8,12,31.134,31.134
1987,8,13,24.825,24.825
1987,8,14,29.46,29.46
1987,8,15,32.479,32.479
1987,8,16,35.609,35.609
1987,8,17,34.942,34.942
1987,8,18,35.482,35.482
1987,8,19,36.541,36.541
1987,8,20,35.911,35.911
1987,8,21,37.083,37.083
1987,8,22,34.867,34.867
1987,8,23,31.964,31.964
1987,8,24,31.671,31.671
1987,8,25,29.557,29.557
1987,8,26,31.421,31.421
1987,8,27,31.699,31.699
1987,8,28,34.519,34.519
1987,8,29,36.182,36.182
1987,8,30,37.572,37.572
1987,8,31,36.524,36.524
1987,9,1,35.404,35.404
1987,9,2,36.519,36.519
1987,9,3,33.557,33.557
1987,9,4,33.771,33.771
1987,9,5,35.366,35.366
1987,9,6,36.837,36.837
1987,9,7,33.457,33.457
1987,9,8,33.028,33.028
1987,9,9,30.929,30.929
1987,9,10,31.465,31.465
1987,9,11,33.33,33.33
1987,9,12,34.492,34.492
1987,9,13,34.333,34.333
1987,9,14,35.293,35.293
1987,9,15,35.044,35.044
1987,9,16,34.667,34.667
1987,9,17,34.112,34.112
1987,9,18,31.882,31.882
1987,9,19,33.32,33.32
1987,9,20,34.305,34.305
1987,9,21,35.292,35.292
1987,9,22,34.593,34.593
1987,9,23,32.227,32.227
1987,9,24,33.248,33.248
1987,9,25,35.272,35.272
1987,9,26,36.769,36.769
1987,9,27,32.512,32.512
1987,9,28,30.884,30.884
1987,9,29,31.607,31.607
1987,9,30,31.23,31.23
1987,10,1,29.218,29.218
1987,10,2,26.928,26.928
1987,10,3,26.965,26.965
1987,10,4,29.26,29.26
1987,10,5,28.387,28.387
1987,10,6,28.484,28.484
1987,10,7,29.371,29.371
1987,10,8,30.623,30.623
1987,10,9,27.859,27.859
1987,10,10,22.969,22.969
1987,10,11,19.028,19.028
1987,10,12,23.177,23.177
1987,10,13,26.507,26.507
1987,10,14,27.712,27.712
1987,10,15,28.189,28.189
1987,10,16,28.448,28.448
1987,10,17,25.015,25.015
1987,10,18,25.023,25.023
1987,10,19,28.376,28.376
1987,10,20,27.376,27.376
1987,10,21,24.018,24.018
1987,10,22,22.126,22.126
1987,10,23,25.659,25.659
1987,10,24,27.094,27.094
1987,10,25,27.077,27.077
1987,10,26,26.06,26.06
1987,10,27,24.005,24.005
1987,10,28,21.967,21.967
1987,10,29,18.025,18.025
1987,10,30,17.01,17.01
1987,10,31,14.686,14.686
1987,11,1,12.716,12.716
1987,11,2,15.373,15.373
1987,11,3,13.915,13.915
1987,11,4,19.056,19.056
1987,11,5,20.411,20.411
1987,11,6,22.565,22.565
1987,11,7,21.588,21.588
1987,11,8,20.088,20.088
1987,11,9,15.879,15.879
1987,11,10,14.033,14.033
1987,11,11,14.864,14.864
1987,11,12,17.987,17.987
1987,11,13,19.294,19.294
1987,11,14,19.151,19.151
1987,11,15,19.365,19.365
1987,11,16,17.168,17.168
1987,11,17,19.27,19.27
1987,11,18,21.097,21.097
1987,11,19,21.106,21.106
1987,11,20,20.743,20.743
1987,11,21,22.341,22.341
1987,11,22,23.913,23.913
1987,11,23,24.381,24.381
1987,11,24,18.842,18.842
1987,11,25,14.522,14.522
1987,11,26,16.463,16.463
1987,11,27,14.912,14.912
1987,11,28,15.617,15.617
1987,11,29,15.957,15.957
1987,11,30,15.623,15.623
1987,12,1,13.562,13.562
1987,12,2,9.563,9.563
1987,12,3,8.473,8.473
1987,12,4,12.513,12.513
1987,12,5,15.13,15.13
1987,12,6,17.225,17.225
1987,12,7,15.212,15.212
1987,12,8,14.073,14.073
1987,12,9,16.002,16.002
1987,12,10,15.246,15.246
1987,12,11,13.274,13.274
1987,12,12,13.313,13.313
1987,12,13,14.09,14.09
1987,12,14,12.868,12.868
1987,12,15,8.349,8.349
1987,12,16,13.267,13.267
1987,12,17,14.027,14.027
1987,12,18,14.285,14.285
1987,12,19,11.931,11.931
1987,12,20,15.115,15.115
1987,12,21,11.816,11.816
1987,12,22,13.84,13.84
1987,12,23,10.531,10.531
1987,12,24,10.541,10.541
1987,12,25,9.746,9.746
1987,12,26,10.819,10.819
1987,12,27,12.572,12.572
1987,12,28,13.066,13.066
1987,12,29,13.551,13.551
1987,12,30,16.264,16.264
1987,12,31,16.153,16.153
1988,1,1,14.177,14.177
1988,1,2,13.766,13.766
1988,1,3,12.357,12.357
1988,1,4,14.764,14.764
1988,1,5,15.643,15.643
1988,1,6,14.534,14.534
1988,1,7,14.283,14.283
1988,1,8,13.467,13.467
1988,1,9,13.904,13.904
1988,1,10,14.12,14.12
1988,1,11,11.699,11.699
1988,1,12,10.404,10.404
1988,1,13,9.855,9.855
1988,1,14,15.951,15.951
1988,1,15,17.643,17.643
1988,1,16,18.228,18.228
1988,1,17,19.462,19.462
1988,1,18,18.198,18.198
1988,1,19,15.667,15.667
1988,1,20,15.954,15.954
1988,1,21,14.816,14.816
1988,1,22,14.928,14.928
1988,1,23,16.917,16.917
1988,1,24,14.687,14.687
1988,1,25,17.417,17.417
1988,1,26,17.922,17.922
1988,1,27,17.973,17.973
1988,1,28,19.43,19.43
1988,1,29,12.747,12.747
1988,1,30,10.43,10.43
1988,1,31,9.375,9.375
1988,2,1,8.755,8.755
1988,2,2,11.963,11.963
1988,2,3,14.002,14.002
1988,2,4,15.348,15.348
1988,2,5,14.346,14.346
1988,2,6,17.174,17.174
1988,2,7,15.808,15.808
1988,2,8,14.785,14.785
1988,2,9,14.566,14.566
1988,2,10,16.59,16.59
1988,2,11,15.211,15.211
1988,2,12,15.806,15.806
1988,2,13,13.297,13.297
1988,2,14,9.163,9.163
1988,2,15,10.629,10.629
1988,2,16,10.6,10.6
1988,2,17,7.707,7.707
1988,2,18,9.072,9.072
1988,2,19,9.153,9.153
1988,2,20,10.427,10.427
1988,2,21,13.503,13.503
1988,2,22,15.099,15.099
1988,2,23,8.438,8.438
1988,2,24,8.306,8.306
1988,2,25,6.383,6.383
1988,2,26,8.943,8.943
1988,2,27,14.02,14.02
1988,2,28,14.753,14.753
1988,2,29,19.456,19.456
1988,3,1,19.655,19.655
1988,3,2,15.063,15.063
1988,3,3,18.133,18.133
1988,3,4,18.35,18.35
1988,3,5,18.262,18.262
1988,3,6,19.119,19.119
1988,3,7,20.219,20.219
1988,3,8,20.509,20.509
1988,3,9,14.418,14.418
1988,3,10,15.389,15.389
1988,3,11,14.652,14.652
1988,3,12,15.361,15.361
1988,3,13,16.474,16.474
1988,3,14,12.257,12.257
1988,3,15,13.37,13.37
1988,3,16,13.404,13.404
1988,3,17,15.571,15.571
1988,3,18,13.45,13.45
1988,3,19,22.58,22.58
1988,3,20,18.224,18.224
1988,3,21,17.412,17.412
1988,3,22,17.935,17.935
1988,3,23,18.571,18.571
1988,3,24,14.141,14.141
1988,3,25,14.965,14.965
1988,3,26,15.528,15.528
1988,3,27,15.766,15.766
1988,3,28,15.669,15.669
1988,3,29,22.011,22.011
1988,3,30,24.433,24.433
1988,3,31,23.787,23.787
1988,4,1,24.592,24.592
1988,4,2,25.886,25.886
1988,4,3,23.009,23.009
1988,4,4,20.067,20.067
1988,4,5,14.562,14.562
1988,4,6,17.905,17.905
1988,4,7,19.276,19.276
1988,4,8,20.476,20.476
1988,4,9,18.03,18.03
1988,4,10,15.078,15.078
1988,4,11,13.723,13.723
1988,4,12,12.827,12.827
1988,4,13,9.314,9.314
1988,4,14,17.021,17.021
1988,4,15,20.123,20.123
1988,4,16,22.682,22.682
1988,4,17,20.514,20.514
1988,4,18,21.214,21.214
1988,4,19,21.447,21.447
1988,4,20,18.908,18.908
1988,4,21,22.728,22.728
1988,4,22,23.811,23.811
1988,4,23,23.912,23.912
1988,4,24,20.46,20.46
1988,4,25,22.999,22.999
1988,4,26,21.237,21.237
1988,4,27,19.205,19.205
1988,4,28,18.98,18.98
1988,4,29,15.605,15.605
1988,4,30,20.843,20.843
1988,5,1,20.227,20.227
1988,5,2,19.321,19.321
1988,5,3,20.202,20.202
1988,5,4,28.187,28.187
1988,5,5,26.428,26.428
1988,5,6,20.011,20.011
1988,5,7,19.809,19.809
1988,5,8,21.102,21.102
1988,5,9,24.536,24.536
1988,5,10,25.953,25.953
1988,5,11,22.179,22.179
1988,5,12,17.362,17.362
1988,5,13,10.682,10.682
1988,5,14,16.637,16.637
1988,5,15,23.233,23.233
1988,5,16,26.844,26.844
1988,5,17,26.197,26.197
1988,5,18,20.926,20.926
1988,5,19,20.035,20.035
1988,5,20,19.564,19.564
1988,5,21,24.074,24.074
1988,5,22,27.177,27.177
1988,5,23,29.191,29.191
1988,5,24,29.283,29.283
1988,5,25,30.941,30.941
1988,5,26,31.727,31.727
1988,5,27,25.502,25.502
1988,5,28,19.395,19.395
1988,5,29,18.916,18.916
1988,5,30,24.586,24.586
1988,5,31,28.449,28.449
1988,6,1,29.534,29.534
1988,6,2,23.591,23.591
1988,6,3,18.903,18.903
1988,6,4,23.893,23.893
1988,6,5,28.864,28.864
1988,6,6,29.322,29.322
1988,6,7,22.907,22.907
1988,6,8,24.752,24.752
1988,6,9,27.24,27.24
1988,6,10,28.103,28.103
1988,6,11,28.667,28.667
1988,6,12,26.859,26.859
1988,6,13,23.425,23.425
1988,6,14,21.742,21.742
1988,6,15,21.686,21.686
1988,6,16,25.953,25.953
1988,6,17,29.716,29.716
1988,6,18,32.54,32.54
1988,6,19,35.381,35.381
1988,6,20,36.389,36.389
1988,6,21,35.235,35.235
1988,6,22,34.399,34.399
1988,6,23,36.542,36.542
1988,6,24,36.596,36.596
1988,6,25,30.414,30.414
1988,6,26,29.482,29.482
1988,6,27,25.166,25.166
1988,6,28,25.557,25.557
1988,6,29,27.055,27.055
1988,6,30,26.134,26.134
1988,7,1,25.79,25.79
1988,7,2,16.82,16.82
1988,7,3,20.365,20.365
1988,7,4,23.709,23.709
1988,7,5,25.588,25.588
1988,7,6,24.402,24.402
1988,7,7,25.032,25.032
1988,7,8,26.195,26.195
1988,7,9,27.614,27.614
1988,7,10,26.809,26.809
1988,7,11,25.64,25.64
1988,7,12,23.066,23.066
1988,7,13,24.162,24.162
1988,7,14,25.497,25.497
1988,7,15,30.351,30.351
1988,7,16,32.676,32.676
1988,7,17,33.848,33.848
1988,7,18,34.44,34.44
1988,7,19,33.347,33.347
1988,7,20,31.529,31.529
1988,7,21,32.579,32.579
1988,7,22,35.719,35.719
1988,7,23,37.622,37.622
1988,7,24,39.091,39.091
1988,7,25,38.696,38.696
1988,7,26,37.655,37.655
1988,7,27,36.282,36.282
1988,7,28,32.106,32.106
1988,7,29,30.662,30.662
1988,7,30,36.965,36.965
1988,7,31,38.026,38.026
1988,8,1,40.363,40.363
1988,8,2,40.156,40.156
1988,8,3,40.483,40.483
1988,8,4,41.182,41.182
1988,8,5,40.008,40.008
1988,8,6,37.732,37.732
1988,8,7,32.997,32.997
1988,8,8,33.575,33.575
1988,8,9,36.834,36.834
1988,8,10,38.306,38.306
1988,8,11,38.462,38.462
1988,8,12,39.31,39.31
1988,8,13,37.347,37.347
1988,8,14,35.424,35.424
1988,8,15,34.712,34.712
1988,8,16,35.016,35.016
1988,8,17,33.368,33.368
1988,8,18,32.339,32.339
1988,8,19,27.392,27.392
1988,8,20,26.766,26.766
1988,8,21,27.168,27.168
1988,8,22,27.53,27.53
1988,8,23,28.732,28.732
1988,8,24,28.514,28.514
1988,8,25,28.077,28.077
1988,8,26,29.772,29.772
1988,8,27,28.706,28.706
1988,8,28,29.246,29.246
1988,8,29,33.214,33.214
1988,8,30,36.472,36.472
1988,8,31,39.705,39.705
1988,9,1,42.247,42.247
1988,9,2,43.03,43.03
1988,9,3,41.662,41.662
1988,9,4,37.464,37.464
1988,9,5,34.178,34.178
1988,9,6,26.995,26.995
1988,9,7,23.755,23.755
1988,9,8,26.364,26.364
1988,9,9,32.5,32.5
1988,9,10,32.811,32.811
1988,9,11,33.263,33.263
1988,9,12,33.093,33.093
1988,9,13,32.695,32.695
1988,9,14,35.371,35.371
1988,9,15,36.077,36.077
1988,9,16,34.813,34.813
1988,9,17,35.019,35.019
1988,9,18,30.623,30.623
1988,9,19,20.588,20.588
1988,9,20,20.378,20.378
1988,9,21,23.297,23.297
1988,9,22,23.917,23.917
1988,9,23,27.816,27.816
1988,9,24,25.195,25.195
1988,9,25,23.005,23.005
1988,9,26,22.825,22.825
1988,9,27,23.083,23.083
1988,9,28,26.304,26.304
1988,9,29,27.468,27.468
1988,9,30,27.426,27.426
1988,10,1,31.644,31.644
1988,10,2,33.312,33.312
1988,10,3,30.919,30.919
1988,10,4,28.505,28.505
1988,10,5,27.577,27.577
1988,10,6,31.142,31.142
1988,10,7,30.357,30.357
1988,10,8,31.285,31.285
1988,10,9,32.84,32.84
1988,10,10,32.924,32.924
1988,10,11,30.842,30.842
1988,10,12,25.012,25.012
1988,10,13,21.338,21.338
1988,10,14,26.247,26.247
1988,10,15,24.413,24.413
1988,10,16,19.39,19.39
1988,10,17,17.304,17.304
1988,10,18,19.013,19.013
1988,10,19,17.933,17.933
1988,10,20,17.038,17.038
1988,10,21,21.009,21.009
1988,10,22,20.099,20.099
1988,10,23,22.212,22.212
1988,10,24,24.04,24.04
1988,10,25,23.425,23.425
1988,10,26,22.902,22.902
1988,10,27,21.656,21.656
1988,10,28,23.114,23.114
1988,10,29,20.53,20.53
1988,10,30,23.091,23.091
1988,10,31,21.419,21.419
1988,11,1,18.573,18.573
1988,11,2,13.229,13.229
1988,11,3,10.889,10.889
1988,11,4,14.189,14.189
1988,11,5,13.948,13.948
1988,11,6,16.884,16.884
1988,11,7,16.098,16.098
1988,11,8,18.107,18.107
1988,11,9,20.523,20.523
1988,11,10,22.811,22.811
1988,11,11,22.15,22.15
1988,11,12,20.503,20.503
1988,11,13,16.807,16.807
1988,11,14,11.582,11.582
1988,11,15,11.895,11.895
1988,11,16,13.566,13.566
1988,11,17,12.451,12.451
1988,11,18,11.334,11.334
1988,11,19,12.133,12.133
1988,11,20,11.672,11.672
1988,11,21,12.295,12.295
1988,11,22,8.893,8.893
1988,11,23,6.193,6.193
1988,11,24,8.095,8.095
1988,11,25,9.881,9.881
1988,11,26,11.892,11.892
1988,11,27,15.173,15.173
1988,11,28,13.661,13.661
1988,11,29,12.03,12.03
1988,11,30,14.998,14.998
1988,12,1,19.294,19.294
1988,12,2,20.271,20.271
1988,12,3,13.245,13.245
1988,12,4,9.519,9.519
1988,12,5,11.855,11.855
1988,12,6,12.254,12.254
1988,12,7,12.088,12.088
1988,12,8,12.245,12.245
1988,12,9,6.255,6.255
1988,12,10,7.536,7.536
1988,12,11,11.248,11.248
1988,12,12,10.664,10.664
1988,12,13,8.529,8.529
1988,12,14,9.065,9.065
1988,12,15,12.633,12.633
1988,12,16,13.253,13.253
1988,12,17,12.345,12.345
1988,12,18,12.843,12.843
1988,12,19,12.359,12.359
1988,12,20,9.89,9.89
1988,12,21,11.054,11.054
1988,12,22,12.855,12.855
1988,12,23,11.39,11.39
1988,12,24,15.404,15.404
1988,12,25,12.164,12.164
1988,12,26,11.028,11.028
1988,12,27,9.773,9.773
1988,12,28,7.582,7.582
1988,12,29,6.782,6.782
1988,12,30,4.937,4.937
1988,12,31,7.174,7.174
1989,1,1,6.778,6.778
1989,1,2,6.086,6.086
1989,1,3,7.048,7.048
1989,1,4,9.006,9.006
1989,1,5,9.06,9.06
1989,1,6,8.207,8.207
1989,1,7,8.568,8.568
1989,1,8,8.213,8.213
1989,1,9,12.108,12.108
1989,1,10,14.619,14.619
1989,1,11,17.872,17.872
1989,1,12,19.268,19.268
1989,1,13,17.613,17.613
1989,1,14,19.076,19.076
1989,1,15,15.366,15.366
1989,1,16,14.661,14.661
1989,1,17,12.713,12.713
1989,1,18,13.785,13.785
1989,1,19,13.793,13.793
1989,1,20,13.675,13.675
1989,1,21,13.086,13.086
1989,1,22,10.748,10.748
1989,1,23,10.901,10.901
1989,1,24,9.433,9.433
1989,1,25,10.523,10.523
1989,1,26,11.0,11.0
1989,1,27,11.079,11.079
1989,1,28,11.608,11.608
1989,1,29,12.876,12.876
1989,1,30,12.31,12.31
1989,1,31,13.103,13.103
1989,2,1,12.618,12.618
1989,2,2,12.477,12.477
1989,2,3,11.524,11.524
1989,2,4,11.014,11.014
1989,2,5,13.504,13.504
1989,2,6,11.198,11.198
1989,2,7,14.679,14.679
1989,2,8,13.719,13.719
1989,2,9,11.449,11.449
1989,2,10,11.677,11.677
1989,2,11,12.712,12.712
1989,2,12,13.938,13.938
1989,2,13,14.552,14.552
1989,2,14,18.092,18.092
1989,2,15,18.901,18.901
1989,2,16,20.262,20.262
1989,2,17,20.298,20.298
1989,2,18,18.26,18.26
1989,2,19,16.051,16.051
1989,2,20,13.501,13.501
1989,2,21,11.12,11.12
1989,2,22,12.715,12.715
1989,2,23,10.749,10.749
1989,2,24,12.953,12.953
1989,2,25,11.393,11.393
1989,2,26,11.837,11.837
1989,2,27,13.793,13.793
1989,2,28,17.33,17.33
1989,3,1,19.725,19.725
1989,3,2,20.52,20.52
1989,3,3,21.014,21.014
1989,3,4,23.482,23.482
1989,3,5,21.837,21.837
1989,3,6,23.145,23.145
1989,3,7,23.169,23.169
1989,3,8,22.412,22.412
1989,3,9,20.686,20.686
1989,3,10,19.485,19.485
1989,3,11,19.586,19.586
1989,3,12,18.244,18.244
1989,3,13,17.953,17.953
1989,3,14,16.717,16.717
1989,3,15,19.845,19.845
1989,3,16,20.588,20.588
1989,3,17,22.01,22.01
1989,3,18,23.424,23.424
1989,3,19,19.634,19.634
1989,3,20,18.582,18.582
1989,3,21,15.144,15.144
1989,3,22,14.938,14.938
1989,3,23,16.378,16.378
1989,3,24,15.426,15.426
1989,3,25,15.747,15.747
1989,3,26,16.632,16.632
1989,3,27,18.094,18.094
1989,3,28,15.625,15.625
1989,3,29,10.01,10.01
1989,3,30,11.388,11.388
1989,3,31,8.528,8.528
1989,4,1,11.009,11.009
1989,4,2,11.818,11.818
1989,4,3,16.727,16.727
1989,4,4,18.551,18.551
1989,4,5,17.442,17.442
1989,4,6,16.402,16.402
1989,4,7,12.374,12.374
1989,4,8,14.478,14.478
1989,4,9,18.784,18.784
1989,4,10,18.741,18.741
1989,4,11,19.505,19.505
1989,4,12,14.195,14.195
1989,4,13,12.635,12.635
1989,4,14,15.958,15.958
1989,4,15,14.265,14.265
1989,4,16,13.699,13.699
1989,4,17,11.576,11.576
1989,4,18,9.845,9.845
1989,4,19,9.922,9.922
1989,4,20,8.607,8.607
1989,4,21,10.131,10.131
1989,4,22,11.334,11.334
1989,4,23,11.894,11.894
1989,4,24,12.25,12.25
1989,4,25,16.205,16.205
1989,4,26,21.941,21.941
1989,4,27,24.879,24.879
1989,4,28,25.134,25.134
1989,4,29,24.451,24.451
1989,4,30,19.67,19.67
1989,5,1,17.305,17.305
1989,5,2,16.199,16.199
1989,5,3,17.588,17.588
1989,5,4,16.651,16.651
1989,5,5,16.204,16.204
1989,5,6,19.851,19.851
1989,5,7,21.311,21.311
1989,5,8,22.139,22.139
1989,5,9,22.299,22.299
1989,5,10,23.072,23.072
1989,5,11,24.715,24.715
1989,5,12,27.258,27.258
1989,5,13,25.787,25.787
1989,5,14,22.93,22.93
1989,5,15,20.88,20.88
1989,5,16,21.92,21.92
1989,5,17,20.75,20.75
1989,5,18,23.503,23.503
1989,5,19,29.485,29.485
1989,5,20,32.169,32.169
1989,5,21,34.61,34.61
1989,5,22,35.022,35.022
1989,5,23,32.689,32.689
1989,5,24,30.075,30.075
1989,5,25,27.308,27.308
1989,5,26,25.243,25.243
1989,5,27,24.982,24.982
1989,5,28,24.144,24.144
1989,5,29,23.577,23.577
1989,5,30,20.987,20.987
1989,5,31,17.911,17.911
1989,6,1,17.616,17.616
1989,6,2,22.422,22.422
1989,6,3,24.586,24.586
1989,6,4,26.945,26.945
1989,6,5,29.477,29.477
1989,6,6,29.912,29.912
1989,6,7,29.536,29.536
1989,6,8,30.985,30.985
1989,6,9,31.357,31.357
1989,6,10,33.315,33.315
1989,6,11,32.339,32.339
1989,6,12,31.029,31.029
1989,6,13,27.669,27.669
1989,6,14,26.797,26.797
1989,6,15,28.636,28.636
1989,6,16,32.727,32.727
1989,6,17,34.238,34.238
1989,6,18,34.744,34.744
1989,6,19,31.697,31.697
1989,6,20,32.267,32.267
1989,6,21,31.886,31.886
1989,6,22,34.095,34.095
1989,6,23,35.582,35.582
1989,6,24,39.04,39.04
1989,6,25,39.268,39.268
1989,6,26,39.621,39.621
1989,6,27,38.792,38.792
1989,6,28,38.542,38.542
1989,6,29,38.063,38.063
1989,6,30,36.205,36.205
1989,7,1,35.26,35.26
1989,7,2,34.43,34.43
1989,7,3,33.916,33.916
1989,7,4,32.331,32.331
1989,7,5,28.775,28.775
1989,7,6,30.547,30.547
1989,7,7,34.476,34.476
1989,7,8,35.385,35.385
1989,7,9,36.006,36.006
1989,7,10,38.708,38.708
1989,7,11,39.714,39.714
1989,7,12,38.127,38.127
1989,7,13,37.859,37.859
1989,7,14,37.761,37.761
1989,7,15,37.11,37.11
1989,7,16,37.589,37.589
1989,7,17,35.068,35.068
1989,7,18,33.636,33.636
1989,7,19,33.906,33.906
1989,7,20,36.655,36.655
1989,7,21,37.46,37.46
1989,7,22,38.523,38.523
1989,7,23,37.026,37.026
1989,7,24,36.706,36.706
1989,7,25,38.131,38.131
1989,7,26,37.869,37.869
1989,7,27,38.191,38.191
1989,7,28,38.435,38.435
1989,7,29,36.082,36.082
1989,7,30,36.668,36.668
1989,7,31,38.076,38.076
1989,8,1,38.608,38.608
1989,8,2,36.973,36.973
1989,8,3,37.464,37.464
1989,8,4,36.319,36.319
1989,8,5,36.089,36.089
1989,8,6,35.87,35.87
1989,8,7,37.045,37.045
1989,8,8,35.36,35.36
1989,8,9,36.149,36.149
1989,8,10,33.837,33.837
1989,8,11,31.697,31.697
1989,8,12,29.783,29.783
1989,8,13,32.183,32.183
1989,8,14,35.996,35.996
1989,8,15,35.295,35.295
1989,8,16,36.392,36.392
1989,8,17,38.116,38.116
1989,8,18,39.901,39.901
1989,8,19,40.697,40.697
1989,8,20,39.514,39.514
1989,8,21,37.89,37.89
1989,8,22,35.406,35.406
1989,8,23,34.899,34.899
1989,8,24,32.22,32.22
1989,8,25,29.299,29.299
1989,8,26,29.55,29.55
1989,8,27,28.948,28.948
1989,8,28,29.152,29.152
1989,8,29,28.434,28.434
1989,8,30,28.132,28.132
1989,8,31,30.458,30.458
1989,9,1,29.789,29.789
1989,9,2,28.986,28.986
1989,9,3,30.207,30.207
1989,9,4,34.743,34.743
1989,9,5,35.901,35.901
1989,9,6,36.828,36.828
1989,9,7,37.429,37.429
1989,9,8,37.765,37.765
1989,9,9,37.736,37.736
1989,9,10,34.369,34.369
1989,9,11,30.95,30.95
1989,9,12,26.069,26.069
1989,9,13,30.946,30.946
1989,9,14,30.701,30.701
1989,9,15,29.778,29.778
1989,9,16,30.036,30.036
1989,9,17,32.029,32.029
1989,9,18,33.629,33.629
1989,9,19,35.257,35.257
1989,9,20,35.96,35.96
1989,9,21,33.981,33.981
1989,9,22,33.332,33.332
1989,9,23,32.481,32.481
1989,9,24,31.789,31.789
1989,9,25,25.03,25.03
1989,9,26,23.889,23.889
1989,9,27,18.568,18.568
1989,9,28,23.933,23.933
1989,9,29,29.123,29.123
1989,9,30,29.168,29.168
1989,10,1,27.295,27.295
1989,10,2,26.536,26.536
1989,10,3,26.531,26.531
1989,10,4,28.993,28.993
1989,10,5,25.911,25.911
1989,10,6,21.632,21.632
1989,10,7,23.287,23.287
1989,10,8,25.37,25.37
1989,10,9,26.825,26.825
1989,10,10,25.821,25.821
1989,10,11,23.566,23.566
1989,10,12,26.156,26.156
1989,10,13,21.645,21.645
1989,10,14,24.46,24.46
1989,10,15,20.667,20.667
1989,10,16,20.53,20.53
1989,10,17,22.891,22.891
1989,10,18,23.354,23.354
1989,10,19,23.191,23.191
1989,10,20,23.23,23.23
1989,10,21,26.351,26.351
1989,10,22,28.506,28.506
1989,10,23,27.844,27.844
1989,10,24,30.64,30.64
1989,10,25,30.867,30.867
1989,10,26,30.83,30.83
1989,10,27,28.045,28.045
1989,10,28,24.355,24.355
1989,10,29,24.288,24.288
1989,10,30,24.701,24.701
1989,10,31,24.035,24.035
1989,11,1,18.201,18.201
1989,11,2,22.917,22.917
1989,11,3,18.148,18.148
1989,11,4,25.772,25.772
1989,11,5,25.366,25.366
1989,11,6,23.457,23.457
1989,11,7,23.21,23.21
1989,11,8,20.757,20.757
1989,11,9,21.719,21.719
1989,11,10,20.733,20.733
1989,11,11,19.132,19.132
1989,11,12,22.421,22.421
1989,11,13,24.381,24.381
1989,11,14,23.596,23.596
1989,11,15,23.709,23.709
1989,11,16,25.784,25.784
1989,11,17,25.207,25.207
1989,11,18,21.44,21.44
1989,11,19,9.337,9.337
1989,11,20,9.648,9.648
1989,11,21,11.215,11.215
1989,11,22,11.926,11.926
1989,11,23,9.905,9.905
1989,11,24,11.351,11.351
1989,11,25,9.972,9.972
1989,11,26,13.713,13.713
1989,11,27,15.936,15.936
1989,11,28,19.484,19.484
1989,11,29,18.746,18.746
1989,11,30,20.737,20.737
1989,12,1,24.745,24.745
1989,12,2,24.739,24.739
1989,12,3,17.972,17.972
1989,12,4,19.388,19.388
1989,12,5,20.888,20.888
1989,12,6,18.282,18.282
1989,12,7,17.308,17.308
1989,12,8,16.904,16.904
1989,12,9,16.006,16.006
1989,12,10,11.08,11.08
1989,12,11,7.521,7.521
1989,12,12,6.833,6.833
1989,12,13,6.397,6.397
1989,12,14,7.925,7.925
1989,12,15,10.273,10.273
1989,12,16,10.014,10.014
1989,12,17,10.178,10.178
1989,12,18,12.177,12.177
1989,12,19,11.255,11.255
1989,12,20,11.064,11.064
1989,12,21,10.847,10.847
1989,12,22,11.781,11.781
1989,12,23,10.931,10.931
1989,12,24,5.868,5.868
1989,12,25,11.166,11.166
1989,12,26,12.837,12.837
1989,12,27,12.345,12.345
1989,12,28,12.19,12.19
1989,12,29,12.645,12.645
1989,12,30,13.842,13.842
1989,12,31,12.72,12.72
1990,1,1,11.032,11.032
1990,1,2,11.445,11.445
1990,1,3,11.815,11.815
1990,1,4,12.008,12.008
1990,1,5,12.365,12.365
1990,1,6,10.486,10.486
1990,1,7,10.53,10.53
1990,1,8,8.166,8.166
1990,1,9,10.504,10.504
1990,1,10,10.284,10.284
1990,1,11,11.817,11.817
1990,1,12,11.581,11.581
1990,1,13,11.713,11.713
1990,1,14,12.024,12.024
1990,1,15,8.659,8.659
1990,1,16,11.724,11.724
1990,1,17,10.47,10.47
1990,1,18,9.499,9.499
1990,1,19,9.88,9.88
1990,1,20,12.461,12.461
1990,1,21,13.625,13.625
1990,1,22,11.815,11.815
1990,1,23,8.969,8.969
1990,1,24,9.12,9.12
1990,1,25,9.571,9.571
1990,1,26,7.508,7.508
1990,1,27,6.456,6.456
1990,1,28,12.371,12.371
1990,1,29,12.997,12.997
1990,1,30,11.422,11.422
1990,1,31,14.421,14.421
1990,2,1,12.449,12.449
1990,2,2,13.845,13.845
1990,2,3,14.448,14.448
1990,2,4,15.87,15.87
1990,2,5,14.726,14.726
1990,2,6,16.239,16.239
1990,2,7,16.175,16.175
1990,2,8,17.355,17.355
1990,2,9,18.494,18.494
1990,2,10,16.318,16.318
1990,2,11,10.763,10.763
1990,2,12,11.497,11.497
1990,2,13,13.636,13.636
1990,2,14,15.602,15.602
1990,2,15,14.03,14.03
1990,2,16,14.016,14.016
1990,2,17,10.581,10.581
1990,2,18,11.452,11.452
1990,2,19,14.447,14.447
1990,2,20,17.764,17.764
1990,2,21,17.071,17.071
1990,2,22,16.407,16.407
1990,2,23,17.68,17.68
1990,2,24,18.088,18.088
1990,2,25,13.162,13.162
1990,2,26,12.879,12.879
1990,2,27,10.414,10.414
1990,2,28,11.649,11.649
1990,3,1,14.112,14.112
1990,3,2,13.511,13.511
1990,3,3,11.742,11.742
1990,3,4,12.517,12.517
1990,3,5,12.193,12.193
1990,3,6,13.678,13.678
1990,3,7,16.744,16.744
1990,3,8,18.388,18.388
1990,3,9,19.764,19.764
1990,3,10,17.68,17.68
1990,3,11,14.804,14.804
1990,3,12,13.873,13.873
1990,3,13,12.05,12.05
1990,3,14,14.562,14.562
1990,3,15,13.679,13.679
1990,3,16,13.585,13.585
1990,3,17,16.021,16.021
1990,3,18,18.302,18.302
1990,3,19,18.938,18.938
1990,3,20,10.755,10.755
1990,3,21,10.447,10.447
1990,3,22,13.71,13.71
1990,3,23,11.843,11.843
1990,3,24,17.259,17.259
1990,3,25,20.969,20.969
1990,3,26,18.123,18.123
1990,3,27,12.254,12.254
1990,3,28,9.725,9.725
1990,3,29,11.046,11.046
1990,3,30,9.698,9.698
1990,3,31,12.322,12.322
1990,4,1,18.413,18.413
1990,4,2,19.894,19.894
1990,4,3,21.317,21.317
1990,4,4,23.682,23.682
1990,4,5,20.47,20.47
1990,4,6,19.62,19.62
1990,4,7,18.172,18.172
1990,4,8,15.55,15.55
1990,4,9,18.726,18.726
1990,4,10,21.51,21.51
1990,4,11,18.51,18.51
1990,4,12,14.42,14.42
1990,4,13,13.463,13.463
1990,4,14,14.527,14.527
1990,4,15,17.757,17.757
1990,4,16,18.537,18.537
1990,4,17,19.543,19.543
1990,4,18,21.169,21.169
1990,4,19,21.696,21.696
1990,4,20,23.631,23.631
1990,4,21,22.659,22.659
1990,4,22,21.046,21.046
1990,4,23,23.708,23.708
1990,4,24,27.011,27.011
1990,4,25,24.263,24.263
1990,4,26,21.006,21.006
1990,4,27,18.021,18.021
1990,4,28,21.01,21.01
1990,4,29,23.939,23.939
1990,4,30,24.928,24.928
1990,5,1,24.252,24.252
1990,5,2,25.878,25.878
1990,5,3,27.64,27.64
1990,5,4,27.076,27.076
1990,5,5,22.761,22.761
1990,5,6,16.945,16.945
1990,5,7,18.036,18.036
1990,5,8,19.437,19.437
1990,5,9,24.362,24.362
1990,5,10,25.963,25.963
1990,5,11,29.587,29.587
1990,5,12,32.078,32.078
1990,5,13,34.199,34.199
1990,5,14,36.356,36.356
1990,5,15,34.536,34.536
1990,5,16,26.328,26.328
1990,5,17,23.48,23.48
1990,5,18,23.207,23.207
1990,5,19,25.457,25.457
1990,5,20,27.235,27.235
1990,5,21,26.336,26.336
1990,5,22,26.336,26.336
1990,5,23,28.548,28.548
1990,5,24,30.533,30.533
1990,5,25,29.177,29.177
1990,5,26,29.031,29.031
1990,5,27,25.158,25.158
1990,5,28,24.972,24.972
1990,5,29,22.868,22.868
1990,5,30,24.272,24.272
1990,5,31,27.922,27.922
1990,6,1,31.09,31.09
1990,6,2,30.496,30.496
1990,6,3,28.136,28.136
1990,6,4,23.632,23.632
1990,6,5,23.513,23.513
1990,6,6,28.962,28.962
1990,6,7,30.439,30.439
1990,6,8,29.698,29.698
1990,6,9,26.538,26.538
1990,6,10,24.788,24.788
1990,6,11,25.32,25.32
1990,6,12,26.535,26.535
1990,6,13,26.012,26.012
1990,6,14,25.329,25.329
1990,6,15,24.754,24.754
1990,6,16,29.014,29.014
1990,6,17,32.915,32.915
1990,6,18,34.549,34.549
1990,6,19,34.393,34.393
1990,6,20,33.994,33.994
1990,6,21,34.325,34.325
1990,6,22,35.07,35.07
1990,6,23,36.891,36.891
1990,6,24,36.723,36.723
1990,6,25,37.279,37.279
1990,6,26,36.827,36.827
1990,6,27,39.759,39.759
1990,6,28,38.036,38.036
1990,6,29,38.361,38.361
1990,6,30,38.083,38.083
1990,7,1,37.395,37.395
1990,7,2,37.812,37.812
1990,7,3,34.134,34.134
1990,7,4,35.729,35.729
1990,7,5,37.964,37.964
1990,7,6,38.204,38.204
1990,7,7,39.103,39.103
1990,7,8,38.122,38.122
1990,7,9,36.28,36.28
1990,7,10,36.126,36.126
1990,7,11,35.878,35.878
1990,7,12,34.974,34.974
1990,7,13,32.313,32.313
1990,7,14,31.427,31.427
1990,7,15,32.462,32.462
1990,7,16,31.923,31.923
1990,7,17,34.95,34.95
1990,7,18,36.261,36.261
1990,7,19,36.206,36.206
1990,7,20,34.088,34.088
1990,7,21,33.719,33.719
1990,7,22,34.736,34.736
1990,7,23,33.563,33.563
1990,7,24,29.92,29.92
1990,7,25,33.846,33.846
1990,7,26,37.256,37.256
1990,7,27,39.137,39.137
1990,7,28,39.406,39.406
1990,7,29,38.241,38.241
1990,7,30,36.603,36.603
1990,7,31,35.787,35.787
1990,8,1,33.911,33.911
1990,8,2,35.841,35.841
1990,8,3,39.097,39.097
1990,8,4,40.875,40.875
1990,8,5,39.708,39.708
1990,8,6,38.545,38.545
1990,8,7,38.434,38.434
1990,8,8,38.369,38.369
1990,8,9,34.706,34.706
1990,8,10,26.141,26.141
1990,8,11,22.69,22.69
1990,8,12,21.518,21.518
1990,8,13,28.931,28.931
1990,8,14,28.707,28.707
1990,8,15,26.762,26.762
1990,8,16,26.749,26.749
1990,8,17,24.2,24.2
1990,8,18,22.719,22.719
1990,8,19,23.598,23.598
1990,8,20,24.221,24.221
1990,8,21,25.754,25.754
1990,8,22,29.504,29.504
1990,8,23,30.943,30.943
1990,8,24,30.82,30.82
1990,8,25,31.358,31.358
1990,8,26,32.411,32.411
1990,8,27,31.165,31.165
1990,8,28,31.237,31.237
1990,8,29,30.321,30.321
1990,8,30,31.898,31.898
1990,8,31,31.56,31.56
1990,9,1,30.142,30.142
1990,9,2,31.745,31.745
1990,9,3,31.963,31.963
1990,9,4,30.328,30.328
1990,9,5,32.813,32.813
1990,9,6,34.449,34.449
1990,9,7,38.283,38.283
1990,9,8,38.217,38.217
1990,9,9,37.932,37.932
1990,9,10,40.476,40.476
1990,9,11,41.516,41.516
1990,9,12,35.646,35.646
1990,9,13,34.185,34.185
1990,9,14,34.635,34.635
1990,9,15,36.432,36.432
1990,9,16,34.172,34.172
1990,9,17,31.113,31.113
1990,9,18,26.745,26.745
1990,9,19,27.639,27.639
1990,9,20,29.256,29.256
1990,9,21,28.681,28.681
1990,9,22,30.985,30.985
1990,9,23,30.098,30.098
1990,9,24,32.587,32.587
1990,9,25,32.469,32.469
1990,9,26,30.416,30.416
1990,9,27,32.55,32.55
1990,9,28,31.51,31.51
1990,9,29,33.877,33.877
1990,9,30,33.615,33.615
1990,10,1,31.111,31.111
1990,10,2,28.878,28.878
1990,10,3,30.358,30.358
1990,10,4,28.711,28.711
1990,10,5,28.402,28.402
1990,10,6,30.471,30.471
1990,10,7,34.003,34.003
1990,10,8,34.67,34.67
1990,10,9,35.188,35.188
1990,10,10,33.391,33.391
1990,10,11,33.608,33.608
1990,10,12,30.754,30.754
1990,10,13,31.219,31.219
1990,10,14,29.808,29.808
1990,10,15,31.013,31.013
1990,10,16,29.995,29.995
1990,10,17,32.224,32.224
1990,10,18,32.445,32.445
1990,10,19,33.793,33.793
1990,10,20,32.581,32.581
1990,10,21,27.802,27.802
1990,10,22,23.16,23.16
1990,10,23,22.708,22.708
1990,10,24,19.308,19.308
1990,10,25,17.198,17.198
1990,10,26,15.953,15.953
1990,10,27,15.552,15.552
1990,10,28,14.199,14.199
1990,10,29,16.778,16.778
1990,10,30,20.558,20.558
1990,10,31,23.154,23.154
1990,11,1,20.2,20.2
1990,11,2,17.852,17.852
1990,11,3,15.399,15.399
1990,11,4,14.754,14.754
1990,11,5,13.495,13.495
1990,11,6,14.261,14.261
1990,11,7,13.282,13.282
1990,11,8,11.724,11.724
1990,11,9,13.12,13.12
1990,11,10,15.231,15.231
1990,11,11,16.384,16.384
1990,11,12,18.184,18.184
1990,11,13,17.851,17.851
1990,11,14,18.354,18.354
1990,11,15,17.473,17.473
1990,11,16,17.405,17.405
1990,11,17,16.455,16.455
1990,11,18,13.432,13.432
1990,11,19,16.542,16.542
1990,11,20,16.415,16.415
1990,11,21,16.373,16.373
1990,11,22,15.99,15.99
1990,11,23,17.178,17.178
1990,11,24,18.989,18.989
1990,11,25,16.218,16.218
1990,11,26,11.907,11.907
1990,11,27,12.737,12.737
1990,11,28,12.949,12.949
1990,11,29,16.791,16.791
1990,11,30,19.822,19.822
1990,12,1,24.52,24.52
1990,12,2,23.681,23.681
1990,12,3,19.786,19.786
1990,12,4,17.221,17.221
1990,12,5,17.509,17.509
1990,12,6,13.235,13.235
1990,12,7,16.957,16.957
1990,12,8,16.84,16.84
1990,12,9,14.776,14.776
1990,12,10,14.695,14.695
1990,12,11,15.627,15.627
1990,12,12,13.174,13.174
1990,12,13,9.583,9.583
1990,12,14,12.067,12.067
1990,12,15,8.544,8.544
1990,12,16,7.235,7.235
1990,12,17,6.985,6.985
1990,12,18,7.118,7.118
1990,12,19,9.771,9.771
1990,12,20,7.828,7.828
1990,12,21,9.614,9.614
1990,12,22,10.742,10.742
1990,12,23,10.642,10.642
1990,12,24,11.597,11.597
1990,12,25,11.39,11.39
1990,12,26,14.275,14.275
1990,12,27,12.199,12.199
1990,12,28,10.905,10.905
1990,12,29,14.692,14.692
1990,12,30,12.25,12.25
1990,12,31,14.073,14.073
1991,1,1,10.212,10.212
1991,1,2,9.354,9.354
1991,1,3,9.323,9.323
1991,1,4,9.088,9.088
1991,1,5,6.172,6.172
1991,1,6,8.259,8.259
1991,1,7,10.286,10.286
1991,1,8,11.388,11.388
1991,1,9,10.054,10.054
1991,1,10,10.087,10.087
1991,1,11,10.186,10.186
1991,1,12,10.367,10.367
1991,1,13,13.611,13.611
1991,1,14,14.675,14.675
1991,1,15,15.493,15.493
1991,1,16,15.427,15.427
1991,1,17,15.655,15.655
1991,1,18,16.578,16.578
1991,1,19,16.912,16.912
1991,1,20,12.331,12.331
1991,1,21,12.547,12.547
1991,1,22,13.975,13.975
1991,1,23,15.515,15.515
1991,1,24,14.113,14.113
1991,1,25,17.519,17.519
1991,1,26,14.52,14.52
1991,1,27,13.749,13.749
1991,1,28,15.441,15.441
1991,1,29,13.076,13.076
1991,1,30,14.719,14.719
1991,1,31,16.721,16.721
1991,2,1,15.917,15.917
1991,2,2,17.77,17.77
1991,2,3,16.046,16.046
1991,2,4,9.97,9.97
1991,2,5,15.955,15.955
1991,2,6,17.571,17.571
1991,2,7,15.998,15.998
1991,2,8,15.5,15.5
1991,2,9,14.646,14.646
1991,2,10,17.016,17.016
1991,2,11,10.57,10.57
1991,2,12,12.031,12.031
1991,2,13,13.069,13.069
1991,2,14,10.382,10.382
1991,2,15,11.7,11.7
1991,2,16,15.47,15.47
1991,2,17,14.253,14.253
1991,2,18,14.755,14.755
1991,2,19,17.472,17.472
1991,2,20,17.009,17.009
1991,2,21,19.279,19.279
1991,2,22,19.652,19.652
1991,2,23,21.559,21.559
1991,2,24,22.305,22.305
1991,2,25,21.715,21.715
1991,2,26,22.264,22.264
1991,2,27,19.595,19.595
1991,2,28,17.232,17.232
1991,3,1,13.22,13.22
1991,3,2,12.418,12.418
1991,3,3,12.376,12.376
1991,3,4,10.582,10.582
1991,3,5,14.528,14.528
1991,3,6,16.703,16.703
1991,3,7,15.022,15.022
1991,3,8,14.649,14.649
1991,3,9,8.191,8.191
1991,3,10,6.967,6.967
1991,3,11,12.872,12.872
1991,3,12,18.148,18.148
1991,3,13,20.718,20.718
1991,3,14,22.152,22.152
1991,3,15,22.565,22.565
1991,3,16,22.152,22.152
1991,3,17,23.167,23.167
1991,3,18,23.807,23.807
1991,3,19,23.268,23.268
1991,3,20,23.086,23.086
1991,3,21,24.27,24.27
1991,3,22,24.249,24.249
1991,3,23,24.746,24.746
1991,3,24,21.118,21.118
1991,3,25,18.804,18.804
1991,3,26,15.326,15.326
1991,3,27,18.391,18.391
1991,3,28,17.585,17.585
1991,3,29,13.183,13.183
1991,3,30,13.999,13.999
1991,3,31,16.637,16.637
1991,4,1,18.194,18.194
1991,4,2,19.094,19.094
1991,4,3,18.679,18.679
1991,4,4,22.75,22.75
1991,4,5,24.708,24.708
1991,4,6,21.579,21.579
1991,4,7,15.11,15.11
1991,4,8,9.508,9.508
1991,4,9,12.159,12.159
1991,4,10,14.318,14.318
1991,4,11,15.212,15.212
1991,4,12,12.34,12.34
1991,4,13,13.954,13.954
1991,4,14,13.819,13.819
1991,4,15,15.34,15.34
1991,4,16,17.89,17.89
1991,4,17,18.925,18.925
1991,4,18,19.692,19.692
1991,4,19,18.884,18.884
1991,4,20,22.994,22.994
1991,4,21,25.201,25.201
1991,4,22,26.169,26.169
1991,4,23,27.504,27.504
1991,4,24,29.108,29.108
1991,4,25,27.936,27.936
1991,4,26,22.674,22.674
1991,4,27,20.898,20.898
1991,4,28,22.76,22.76
1991,4,29,24.643,24.643
1991,4,30,23.224,23.224
1991,5,1,22.144,22.144
1991,5,2,26.144,26.144
1991,5,3,26.198,26.198
1991,5,4,19.238,19.238
1991,5,5,19.233,19.233
1991,5,6,21.469,21.469
1991,5,7,24.476,24.476
1991,5,8,23.422,23.422
1991,5,9,21.384,21.384
1991,5,10,23.556,23.556
1991,5,11,29.163,29.163
1991,5,12,28.311,28.311
1991,5,13,26.229,26.229
1991,5,14,23.426,23.426
1991,5,15,19.725,19.725
1991,5,16,18.781,18.781
1991,5,17,24.501,24.501
1991,5,18,24.956,24.956
1991,5,19,24.443,24.443
1991,5,20,25.94,25.94
1991,5,21,27.559,27.559
1991,5,22,28.447,28.447
1991,5,23,27.854,27.854
1991,5,24,23.104,23.104
1991,5,25,27.482,27.482
1991,5,26,31.403,31.403
1991,5,27,33.288,33.288
1991,5,28,34.707,34.707
1991,5,29,36.15,36.15
1991,5,30,35.478,35.478
1991,5,31,33.419,33.419
1991,6,1,29.099,29.099
1991,6,2,29.097,29.097
1991,6,3,22.86,22.86
1991,6,4,24.818,24.818
1991,6,5,25.945,25.945
1991,6,6,25.361,25.361
1991,6,7,24.386,24.386
1991,6,8,24.923,24.923
1991,6,9,26.293,26.293
1991,6,10,24.578,24.578
1991,6,11,20.354,20.354
1991,6,12,23.585,23.585
1991,6,13,27.527,27.527
1991,6,14,26.729,26.729
1991,6,15,31.097,31.097
1991,6,16,33.384,33.384
1991,6,17,33.607,33.607
1991,6,18,32.735,32.735
1991,6,19,33.933,33.933
1991,6,20,33.632,33.632
1991,6,21,33.264,33.264
1991,6,22,33.174,33.174
1991,6,23,30.785,30.785
1991,6,24,30.218,30.218
1991,6,25,29.721,29.721
1991,6,26,26.656,26.656
1991,6,27,21.96,21.96
1991,6,28,18.085,18.085
1991,6,29,18.867,18.867
1991,6,30,26.596,26.596
1991,7,1,29.078,29.078
1991,7,2,31.988,31.988
1991,7,3,34.612,34.612
1991,7,4,35.652,35.652
1991,7,5,36.948,36.948
1991,7,6,36.727,36.727
1991,7,7,37.53,37.53
1991,7,8,33.282,33.282
1991,7,9,31.092,31.092
1991,7,10,29.066,29.066
1991,7,11,27.696,27.696
1991,7,12,28.702,28.702
1991,7,13,30.466,30.466
1991,7,14,32.204,32.204
1991,7,15,33.148,33.148
1991,7,16,33.56,33.56
1991,7,17,33.566,33.566
1991,7,18,33.091,33.091
1991,7,19,30.878,30.878
1991,7,20,30.131,30.131
1991,7,21,29.486,29.486
1991,7,22,29.368,29.368
1991,7,23,34.589,34.589
1991,7,24,37.127,37.127
1991,7,25,38.966,38.966
1991,7,26,39.813,39.813
1991,7,27,40.602,40.602
1991,7,28,41.073,41.073
1991,7,29,39.92,39.92
1991,7,30,37.699,37.699
1991,7,31,38.812,38.812
1991,8,1,39.475,39.475
1991,8,2,37.948,37.948
1991,8,3,34.798,34.798
1991,8,4,34.916,34.916
1991,8,5,38.082,38.082
1991,8,6,41.063,41.063
1991,8,7,40.731,40.731
1991,8,8,40.261,40.261
1991,8,9,37.303,37.303
1991,8,10,35.979,35.979
1991,8,11,33.984,33.984
1991,8,12,32.697,32.697
1991,8,13,34.389,34.389
1991,8,14,37.825,37.825
1991,8,15,36.996,36.996
1991,8,16,37.532,37.532
1991,8,17,35.09,35.09
1991,8,18,33.655,33.655
1991,8,19,35.043,35.043
1991,8,20,37.566,37.566
1991,8,21,39.588,39.588
1991,8,22,39.034,39.034
1991,8,23,37.973,37.973
1991,8,24,36.387,36.387
1991,8,25,35.127,35.127
1991,8,26,33.074,33.074
1991,8,27,33.712,33.712
1991,8,28,31.755,31.755
1991,8,29,28.469,28.469
1991,8,30,23.377,23.377
1991,8,31,24.865,24.865
1991,9,1,24.502,24.502
1991,9,2,22.947,22.947
1991,9,3,22.532,22.532
1991,9,4,27.446,27.446
1991,9,5,29.93,29.93
1991,9,6,28.231,28.231
1991,9,7,30.658,30.658
1991,9,8,31.792,31.792
1991,9,9,34.119,34.119
1991,9,10,33.542,33.542
1991,9,11,33.45,33.45
1991,9,12,33.049,33.049
1991,9,13,33.506,33.506
1991,9,14,35.591,35.591
1991,9,15,37.141,37.141
1991,9,16,35.177,35.177
1991,9,17,31.002,31.002
1991,9,18,29.998,29.998
1991,9,19,29.925,29.925
1991,9,20,27.696,27.696
1991,9,21,28.637,28.637
1991,9,22,28.687,28.687
1991,9,23,23.565,23.565
1991,9,24,23.895,23.895
1991,9,25,17.799,17.799
1991,9,26,20.964,20.964
1991,9,27,22.973,22.973
1991,9,28,27.136,27.136
1991,9,29,31.007,31.007
1991,9,30,30.471,30.471
1991,10,1,27.723,27.723
1991,10,2,20.36,20.36
1991,10,3,14.359,14.359
1991,10,4,16.832,16.832
1991,10,5,19.204,19.204
1991,10,6,23.103,23.103
1991,10,7,22.756,22.756
1991,10,8,21.876,21.876
1991,10,9,23.365,23.365
1991,10,10,26.191,26.191
1991,10,11,24.908,24.908
1991,10,12,27.315,27.315
1991,10,13,30.266,30.266
1991,10,14,30.621,30.621
1991,10,15,27.463,27.463
1991,10,16,27.968,27.968
1991,10,17,21.214,21.214
1991,10,18,21.036,21.036
1991,10,19,21.237,21.237
1991,10,20,22.751,22.751
1991,10,21,20.328,20.328
1991,10,22,20.359,20.359
1991,10,23,20.48,20.48
1991,10,24,17.901,17.901
1991,10,25,19.151,19.151
1991,10,26,22.075,22.075
1991,10,27,20.94,20.94
1991,10,28,21.537,21.537
1991,10,29,21.093,21.093
1991,10,30,19.618,19.618
1991,10,31,15.697,15.697
1991,11,1,15.479,15.479
1991,11,2,15.062,15.062
1991,11,3,12.429,12.429
1991,11,4,13.278,13.278
1991,11,5,13.79,13.79
1991,11,6,16.493,16.493
1991,11,7,17.02,17.02
1991,11,8,16.681,16.681
1991,11,9,13.418,13.418
1991,11,10,15.072,15.072
1991,11,11,13.328,13.328
1991,11,12,16.408,16.408
1991,11,13,18.054,18.054
1991,11,14,17.19,17.19
1991,11,15,16.666,16.666
1991,11,16,16.946,16.946
1991,11,17,19.677,19.677
1991,11,18,18.132,18.132
1991,11,19,18.215,18.215
1991,11,20,17.633,17.633
1991,11,21,17.619,17.619
1991,11,22,17.025,17.025
1991,11,23,13.417,13.417
1991,11,24,11.904,11.904
1991,11,25,10.815,10.815
1991,11,26,11.525,11.525
1991,11,27,11.052,11.052
1991,11,28,10.184,10.184
1991,11,29,7.587,7.587
1991,11,30,9.898,9.898
1991,12,1,10.94,10.94
1991,12,2,11.503,11.503
1991,12,3,10.986,10.986
1991,12,4,11.125,11.125
1991,12,5,13.717,13.717
1991,12,6,14.755,14.755
1991,12,7,16.784,16.784
1991,12,8,14.977,14.977
1991,12,9,11.594,11.594
1991,12,10,12.319,12.319
1991,12,11,10.529,10.529
1991,12,12,9.665,9.665
1991,12,13,5.798,5.798
1991,12,14,5.455,5.455
1991,12,15,6.027,6.027
1991,12,16,2.883,2.883
1991,12,17,7.163,7.163
1991,12,18,9.707,9.707
1991,12,19,7.576,7.576
1991,12,20,8.611,8.611
1991,12,21,8.345,8.345
1991,12,22,10.333,10.333
1991,12,23,11.453,11.453
1991,12,24,11.059,11.059
1991,12,25,12.454,12.454
1991,12,26,11.228,11.228
1991,12,27,11.863,11.863
1991,12,28,11.868,11.868
1991,12,29,11.637,11.637
1991,12,30,7.856,7.856
1991,12,31,6.569,6.569
1992,1,1,5.1,5.1
1992,1,2,5.408,5.408
1992,1,3,6.341,6.341
1992,1,4,6.064,6.064
1992,1,5,5.876,5.876
1992,1,6,10.198,10.198
1992,1,7,10.389,10.389
1992,1,8,7.139,7.139
1992,1,9,5.549,5.549
1992,1,10,7.979,7.979
1992,1,11,10.968,10.968
1992,1,12,12.212,12.212
1992,1,13,10.306,10.306
1992,1,14,10.981,10.981
1992,1,15,9.935,9.935
1992,1,16,10.256,10.256
1992,1,17,10.215,10.215
1992,1,18,12.818,12.818
1992,1,19,10.737,10.737
1992,1,20,13.038,13.038
1992,1,21,12.712,12.712
1992,1,22,12.898,12.898
1992,1,23,7.546,7.546
1992,1,24,7.234,7.234
1992,1,25,6.898,6.898
1992,1,26,7.71,7.71
1992,1,27,10.362,10.362
1992,1,28,6.288,6.288
1992,1,29,9.595,9.595
1992,1,30,7.713,7.713
1992,1,31,8.076,8.076
1992,2,1,10.24,10.24
1992,2,2,10.684,10.684
1992,2,3,11.649,11.649
1992,2,4,12.09,12.09
1992,2,5,11.767,11.767
1992,2,6,12.595,12.595
1992,2,7,13.316,13.316
1992,2,8,10.401,10.401
1992,2,9,9.3,9.3
1992,2,10,11.305,11.305
1992,2,11,11.385,11.385
1992,2,12,9.445,9.445
1992,2,13,13.153,13.153
1992,2,14,15.112,15.112
1992,2,15,15.211,15.211
1992,2,16,15.466,15.466
1992,2,17,11.644,11.644
1992,2,18,12.065,12.065
1992,2,19,12.751,12.751
1992,2,20,13.648,13.648
1992,2,21,14.542,14.542
1992,2,22,19.035,19.035
1992,2,23,19.671,19.671
1992,2,24,12.069,12.069
1992,2,25,11.084,11.084
1992,2,26,14.189,14.189
1992,2,27,12.743,12.743
1992,2,28,12.102,12.102
1992,2,29,10.095,10.095
1992,3,1,11.191,11.191
1992,3,2,9.355,9.355
1992,3,3,8.44,8.44
1992,3,4,7.786,7.786
1992,3,5,9.081,9.081
1992,3,6,10.895,10.895
1992,3,7,10.803,10.803
1992,3,8,16.14,16.14
1992,3,9,15.133,15.133
1992,3,10,12.336,12.336
1992,3,11,13.735,13.735
1992,3,12,13.445,13.445
1992,3,13,16.833,16.833
1992,3,14,20.337,20.337
1992,3,15,23.221,23.221
1992,3,16,24.899,24.899
1992,3,17,26.684,26.684
1992,3,18,26.593,26.593
1992,3,19,25.996,25.996
1992,3,20,27.927,27.927
1992,3,21,26.638,26.638
1992,3,22,25.759,25.759
1992,3,23,23.993,23.993
1992,3,24,19.604,19.604
1992,3,25,14.771,14.771
1992,3,26,15.241,15.241
1992,3,27,12.064,12.064
1992,3,28,11.432,11.432
1992,3,29,15.606,15.606
1992,3,30,15.562,15.562
1992,3,31,13.232,13.232
1992,4,1,16.373,16.373
1992,4,2,19.777,19.777
1992,4,3,18.307,18.307
1992,4,4,21.322,21.322
1992,4,5,24.079,24.079
1992,4,6,27.122,27.122
1992,4,7,29.12,29.12
1992,4,8,30.359,30.359
1992,4,9,27.881,27.881
1992,4,10,19.689,19.689
1992,4,11,19.206,19.206
1992,4,12,23.542,23.542
1992,4,13,23.353,23.353
1992,4,14,21.367,21.367
1992,4,15,19.014,19.014
1992,4,16,20.475,20.475
1992,4,17,21.996,21.996
1992,4,18,20.723,20.723
1992,4,19,18.256,18.256
1992,4,20,19.437,19.437
1992,4,21,18.901,18.901
1992,4,22,20.855,20.855
1992,4,23,23.262,23.262
1992,4,24,22.979,22.979
1992,4,25,22.538,22.538
1992,4,26,23.314,23.314
1992,4,27,22.316,22.316
1992,4,28,23.151,23.151
1992,4,29,25.365,25.365
1992,4,30,25.93,25.93
1992,5,1,26.662,26.662
1992,5,2,25.896,25.896
1992,5,3,26.137,26.137
1992,5,4,24.556,24.556
1992,5,5,20.375,20.375
1992,5,6,18.494,18.494
1992,5,7,17.16,17.16
1992,5,8,18.043,18.043
1992,5,9,18.573,18.573
1992,5,10,23.858,23.858
1992,5,11,24.995,24.995
1992,5,12,26.679,26.679
1992,5,13,26.735,26.735
1992,5,14,28.653,28.653
1992,5,15,29.729,29.729
1992,5,16,30.51,30.51
1992,5,17,32.979,32.979
1992,5,18,31.689,31.689
1992,5,19,31.176,31.176
1992,5,20,32.127,32.127
1992,5,21,32.332,32.332
1992,5,22,32.074,32.074
1992,5,23,31.756,31.756
1992,5,24,29.667,29.667
1992,5,25,31.071,31.071
1992,5,26,29.485,29.485
1992,5,27,24.266,24.266
1992,5,28,21.561,21.561
1992,5,29,19.891,19.891
1992,5,30,22.521,22.521
1992,5,31,24.206,24.206
1992,6,1,17.961,17.961
1992,6,2,19.524,19.524
1992,6,3,19.538,19.538
1992,6,4,20.071,20.071
1992,6,5,22.68,22.68
1992,6,6,28.67,28.67
1992,6,7,29.294,29.294
1992,6,8,28.648,28.648
1992,6,9,28.833,28.833
1992,6,10,32.769,32.769
1992,6,11,34.508,34.508
1992,6,12,34.629,34.629
1992,6,13,35.994,35.994
1992,6,14,36.935,36.935
1992,6,15,38.36,38.36
1992,6,16,38.053,38.053
1992,6,17,38.003,38.003
1992,6,18,37.819,37.819
1992,6,19,37.554,37.554
1992,6,20,37.656,37.656
1992,6,21,37.871,37.871
1992,6,22,37.507,37.507
1992,6,23,37.209,37.209
1992,6,24,35.66,35.66
1992,6,25,34.941,34.941
1992,6,26,29.917,29.917
1992,6,27,29.225,29.225
1992,6,28,27.682,27.682
1992,6,29,30.85,30.85
1992,6,30,31.49,31.49
1992,7,1,33.161,33.161
1992,7,2,34.031,34.031
1992,7,3,35.009,35.009
1992,7,4,34.803,34.803
1992,7,5,34.596,34.596
1992,7,6,35.677,35.677
1992,7,7,33.128,33.128
1992,7,8,32.01,32.01
1992,7,9,31.834,31.834
1992,7,10,30.984,30.984
1992,7,11,34.77,34.77
1992,7,12,35.322,35.322
1992,7,13,36.069,36.069
1992,7,14,38.119,38.119
1992,7,15,37.569,37.569
1992,7,16,36.585,36.585
1992,7,17,34.902,34.902
1992,7,18,36.72,36.72
1992,7,19,36.759,36.759
1992,7,20,37.81,37.81
1992,7,21,37.707,37.707
1992,7,22,39.996,39.996
1992,7,23,39.815,39.815
1992,7,24,38.123,38.123
1992,7,25,34.699,34.699
1992,7,26,29.802,29.802
1992,7,27,33.323,33.323
1992,7,28,34.446,34.446
1992,7,29,31.163,31.163
1992,7,30,29.982,29.982
1992,7,31,30.696,30.696
1992,8,1,34.803,34.803
1992,8,2,35.488,35.488
1992,8,3,39.297,39.297
1992,8,4,39.102,39.102
1992,8,5,38.84,38.84
1992,8,6,39.092,39.092
1992,8,7,36.231,36.231
1992,8,8,35.217,35.217
1992,8,9,37.344,37.344
1992,8,10,38.247,38.247
1992,8,11,38.47,38.47
1992,8,12,38.916,38.916
1992,8,13,37.133,37.133
1992,8,14,35.724,35.724
1992,8,15,36.167,36.167
1992,8,16,34.857,34.857
1992,8,17,32.684,32.684
1992,8,18,31.065,31.065
1992,8,19,33.088,33.088
1992,8,20,33.853,33.853
1992,8,21,34.394,34.394
1992,8,22,32.549,32.549
1992,8,23,27.564,27.564
1992,8,24,31.054,31.054
1992,8,25,31.64,31.64
1992,8,26,31.207,31.207
1992,8,27,29.312,29.312
1992,8,28,29.939,29.939
1992,8,29,31.651,31.651
1992,8,30,33.083,33.083
1992,8,31,30.417,30.417
1992,9,1,29.258,29.258
1992,9,2,27.98,27.98
1992,9,3,27.276,27.276
1992,9,4,31.197,31.197
1992,9,5,34.056,34.056
1992,9,6,35.89,35.89
1992,9,7,34.559,34.559
1992,9,8,32.003,32.003
1992,9,9,29.926,29.926
1992,9,10,26.834,26.834
1992,9,11,25.577,25.577
1992,9,12,29.317,29.317
1992,9,13,33.442,33.442
1992,9,14,35.192,35.192
1992,9,15,35.968,35.968
1992,9,16,35.371,35.371
1992,9,17,34.03,34.03
1992,9,18,34.946,34.946
1992,9,19,33.498,33.498
1992,9,20,27.548,27.548
1992,9,21,28.898,28.898
1992,9,22,29.025,29.025
1992,9,23,28.286,28.286
1992,9,24,23.741,23.741
1992,9,25,22.0,22.0
1992,9,26,23.758,23.758
1992,9,27,23.499,23.499
1992,9,28,20.977,20.977
1992,9,29,24.116,24.116
1992,9,30,24.263,24.263
1992,10,1,22.254,22.254
1992,10,2,23.703,23.703
1992,10,3,24.97,24.97
1992,10,4,26.28,26.28
1992,10,5,26.621,26.621
1992,10,6,25.306,25.306
1992,10,7,29.151,29.151
1992,10,8,29.472,29.472
1992,10,9,28.808,28.808
1992,10,10,27.162,27.162
1992,10,11,27.326,27.326
1992,10,12,31.241,31.241
1992,10,13,33.537,33.537
1992,10,14,33.71,33.71
1992,10,15,32.457,32.457
1992,10,16,30.105,30.105
1992,10,17,24.495,24.495
1992,10,18,20.596,20.596
1992,10,19,19.824,19.824
1992,10,20,21.818,21.818
1992,10,21,23.891,23.891
1992,10,22,24.059,24.059
1992,10,23,24.307,24.307
1992,10,24,24.762,24.762
1992,10,25,25.523,25.523
1992,10,26,23.136,23.136
1992,10,27,21.642,21.642
1992,10,28,22.842,22.842
1992,10,29,26.121,26.121
1992,10,30,27.379,27.379
1992,10,31,28.293,28.293
1992,11,1,28.146,28.146
1992,11,2,27.586,27.586
1992,11,3,22.651,22.651
1992,11,4,21.486,21.486
1992,11,5,22.513,22.513
1992,11,6,21.816,21.816
1992,11,7,22.592,22.592
1992,11,8,19.636,19.636
1992,11,9,16.343,16.343
1992,11,10,15.392,15.392
1992,11,11,11.623,11.623
1992,11,12,9.908,9.908
1992,11,13,12.733,12.733
1992,11,14,15.305,15.305
1992,11,15,14.222,14.222
1992,11,16,11.605,11.605
1992,11,17,11.559,11.559
1992,11,18,12.035,12.035
1992,11,19,13.125,13.125
1992,11,20,15.487,15.487
1992,11,21,18.001,18.001
1992,11,22,14.648,14.648
1992,11,23,15.26,15.26
1992,11,24,14.665,14.665
1992,11,25,11.607,11.607
1992,11,26,11.724,11.724
1992,11,27,10.287,10.287
1992,11,28,13.366,13.366
1992,11,29,11.189,11.189
1992,11,30,15.385,15.385
1992,12,1,17.223,17.223
1992,12,2,14.776,14.776
1992,12,3,12.909,12.909
1992,12,4,15.426,15.426
1992,12,5,13.324,13.324
1992,12,6,11.187,11.187
1992,12,7,11.741,11.741
1992,12,8,9.647,9.647
1992,12,9,10.871,10.871
1992,12,10,9.354,9.354
1992,12,11,11.896,11.896
1992,12,12,14.006,14.006
1992,12,13,9.135,9.135
1992,12,14,10.283,10.283
1992,12,15,11.582,11.582
1992,12,16,15.126,15.126
1992,12,17,13.701,13.701
1992,12,18,14.909,14.909
1992,12,19,15.965,15.965
1992,12,20,13.687,13.687
1992,12,21,14.78,14.78
1992,12,22,12.548,12.548
1992,12,23,12.625,12.625
1992,12,24,14.311,14.311
1992,12,25,15.592,15.592
1992,12,26,17.196,17.196
1992,12,27,17.619,17.619
1992,12,28,13.297,13.297
1992,12,29,13.529,13.529
1992,12,30,12.653,12.653
1992,12,31,15.532,15.532
1993,1,1,13.275,13.275
1993,1,2,14.763,14.763
1993,1,3,13.972,13.972
1993,1,4,15.642,15.642
1993,1,5,15.866,15.866
1993,1,6,13.6,13.6
1993,1,7,12.786,12.786
1993,1,8,11.943,11.943
1993,1,9,13.387,13.387
1993,1,10,17.882,17.882
1993,1,11,11.306,11.306
1993,1,12,11.235,11.235
1993,1,13,12.786,12.786
1993,1,14,16.558,16.558
1993,1,15,13.613,13.613
1993,1,16,11.557,11.557
1993,1,17,8.467,8.467
1993,1,18,9.671,9.671
1993,1,19,13.041,13.041
1993,1,20,13.076,13.076
1993,1,21,13.667,13.667
1993,1,22,13.806,13.806
1993,1,23,13.386,13.386
1993,1,24,10.931,10.931
1993,1,25,12.311,12.311
1993,1,26,12.769,12.769
1993,1,27,11.162,11.162
1993,1,28,11.398,11.398
1993,1,29,14.064,14.064
1993,1,30,12.733,12.733
1993,1,31,13.536,13.536
1993,2,1,13.334,13.334
1993,2,2,10.57,10.57
1993,2,3,14.132,14.132
1993,2,4,10.862,10.862
1993,2,5,14.362,14.362
1993,2,6,13.212,13.212
1993,2,7,14.116,14.116
1993,2,8,14.329,14.329
1993,2,9,13.923,13.923
1993,2,10,12.416,12.416
1993,2,11,11.723,11.723
1993,2,12,10.979,10.979
1993,2,13,14.098,14.098
1993,2,14,12.842,12.842
1993,2,15,12.189,12.189
1993,2,16,9.519,9.519
1993,2,17,12.659,12.659
1993,2,18,13.463,13.463
1993,2,19,13.787,13.787
1993,2,20,14.236,14.236
1993,2,21,17.922,17.922
1993,2,22,20.489,20.489
1993,2,23,19.136,19.136
1993,2,24,15.217,15.217
1993,2,25,10.416,10.416
1993,2,26,16.267,16.267
1993,2,27,18.104,18.104
1993,2,28,17.932,17.932
1993,3,1,15.132,15.132
1993,3,2,17.236,17.236
1993,3,3,22.055,22.055
1993,3,4,21.886,21.886
1993,3,5,21.63,21.63
1993,3,6,22.535,22.535
1993,3,7,21.286,21.286
1993,3,8,20.464,20.464
1993,3,9,17.907,17.907
1993,3,10,15.995,15.995
1993,3,11,14.036,14.036
1993,3,12,15.951,15.951
1993,3,13,15.489,15.489
1993,3,14,16.746,16.746
1993,3,15,13.625,13.625
1993,3,16,14.31,14.31
1993,3,17,11.112,11.112
1993,3,18,10.385,10.385
1993,3,19,13.978,13.978
1993,3,20,14.151,14.151
1993,3,21,14.207,14.207
1993,3,22,13.366,13.366
1993,3,23,10.268,10.268
1993,3,24,12.182,12.182
1993,3,25,10.334,10.334
1993,3,26,9.22,9.22
1993,3,27,9.801,9.801
1993,3,28,8.709,8.709
1993,3,29,10.411,10.411
1993,3,30,11.656,11.656
1993,3,31,12.885,12.885
1993,4,1,13.436,13.436
1993,4,2,16.916,16.916
1993,4,3,18.427,18.427
1993,4,4,23.005,23.005
1993,4,5,25.526,25.526
1993,4,6,23.577,23.577
1993,4,7,24.331,24.331
1993,4,8,20.95,20.95
1993,4,9,16.848,16.848
1993,4,10,16.776,16.776
1993,4,11,13.668,13.668
1993,4,12,15.801,15.801
1993,4,13,18.523,18.523
1993,4,14,19.179,19.179
1993,4,15,18.279,18.279
1993,4,16,19.877,19.877
1993,4,17,24.91,24.91
1993,4,18,23.505,23.505
1993,4,19,19.571,19.571
1993,4,20,11.876,11.876
1993,4,21,13.826,13.826
1993,4,22,17.424,17.424
1993,4,23,18.282,18.282
1993,4,24,19.935,19.935
1993,4,25,15.299,15.299
1993,4,26,10.98,10.98
1993,4,27,15.544,15.544
1993,4,28,12.801,12.801
1993,4,29,20.699,20.699
1993,4,30,14.695,14.695
1993,5,1,15.74,15.74
1993,5,2,22.042,22.042
1993,5,3,22.315,22.315
1993,5,4,19.976,19.976
1993,5,5,14.79,14.79
1993,5,6,12.911,12.911
1993,5,7,13.115,13.115
1993,5,8,14.969,14.969
1993,5,9,19.371,19.371
1993,5,10,20.163,20.163
1993,5,11,16.416,16.416
1993,5,12,20.375,20.375
1993,5,13,22.698,22.698
1993,5,14,25.106,25.106
1993,5,15,26.476,26.476
1993,5,16,26.552,26.552
1993,5,17,27.045,27.045
1993,5,18,26.424,26.424
1993,5,19,24.386,24.386
1993,5,20,23.021,23.021
1993,5,21,21.496,21.496
1993,5,22,21.936,21.936
1993,5,23,22.751,22.751
1993,5,24,28.194,28.194
1993,5,25,29.396,29.396
1993,5,26,34.317,34.317
1993,5,27,35.202,35.202
1993,5,28,35.59,35.59
1993,5,29,34.698,34.698
1993,5,30,32.404,32.404
1993,5,31,26.446,26.446
1993,6,1,23.862,23.862
1993,6,2,27.282,27.282
1993,6,3,28.09,28.09
1993,6,4,30.401,30.401
1993,6,5,29.273,29.273
1993,6,6,28.018,28.018
1993,6,7,28.019,28.019
1993,6,8,29.398,29.398
1993,6,9,30.439,30.439
1993,6,10,31.026,31.026
1993,6,11,30.41,30.41
1993,6,12,28.426,28.426
1993,6,13,27.15,27.15
1993,6,14,27.106,27.106
1993,6,15,26.758,26.758
1993,6,16,24.44,24.44
1993,6,17,20.037,20.037
1993,6,18,20.533,20.533
1993,6,19,23.635,23.635
1993,6,20,25.11,25.11
1993,6,21,26.298,26.298
1993,6,22,25.929,25.929
1993,6,23,25.54,25.54
1993,6,24,28.484,28.484
1993,6,25,32.141,32.141
1993,6,26,33.145,33.145
1993,6,27,32.34,32.34
1993,6,28,33.551,33.551
1993,6,29,31.709,31.709
1993,6,30,31.549,31.549
1993,7,1,32.716,32.716
1993,7,2,32.314,32.314
1993,7,3,30.834,30.834
1993,7,4,30.056,30.056
1993,7,5,29.787,29.787
1993,7,6,29.902,29.902
1993,7,7,30.427,30.427
1993,7,8,32.943,32.943
1993,7,9,34.008,34.008
1993,7,10,32.273,32.273
1993,7,11,30.213,30.213
1993,7,12,33.106,33.106
1993,7,13,36.09,36.09
1993,7,14,38.232,38.232
1993,7,15,39.626,39.626
1993,7,16,38.635,38.635
1993,7,17,34.527,34.527
1993,7,18,36.278,36.278
1993,7,19,37.688,37.688
1993,7,20,36.114,36.114
1993,7,21,34.666,34.666
1993,7,22,35.552,35.552
1993,7,23,38.116,38.116
1993,7,24,37.501,37.501
1993,7,25,34.101,34.101
1993,7,26,29.798,29.798
1993,7,27,31.511,31.511
1993,7,28,33.943,33.943
1993,7,29,33.787,33.787
1993,7,30,34.538,34.538
1993,7,31,33.193,33.193
1993,8,1,34.648,34.648
1993,8,2,34.456,34.456
1993,8,3,34.046,34.046
1993,8,4,33.785,33.785
1993,8,5,33.874,33.874
1993,8,6,35.44,35.44
1993,8,7,37.152,37.152
1993,8,8,37.38,37.38
1993,8,9,35.553,35.553
1993,8,10,35.383,35.383
1993,8,11,30.54,30.54
1993,8,12,32.827,32.827
1993,8,13,35.798,35.798
1993,8,14,35.995,35.995
1993,8,15,35.207,35.207
1993,8,16,35.945,35.945
1993,8,17,35.15,35.15
1993,8,18,36.054,36.054
1993,8,19,31.256,31.256
1993,8,20,31.531,31.531
1993,8,21,34.441,34.441
1993,8,22,34.821,34.821
1993,8,23,35.175,35.175
1993,8,24,35.161,35.161
1993,8,25,37.257,37.257
1993,8,26,35.092,35.092
1993,8,27,35.927,35.927
1993,8,28,31.94,31.94
1993,8,29,31.03,31.03
1993,8,30,30.666,30.666
1993,8,31,33.148,33.148
1993,9,1,32.138,32.138
1993,9,2,30.363,30.363
1993,9,3,29.193,29.193
1993,9,4,27.14,27.14
1993,9,5,28.927,28.927
1993,9,6,30.351,30.351
1993,9,7,26.142,26.142
1993,9,8,26.33,26.33
1993,9,9,27.27,27.27
1993,9,10,26.237,26.237
1993,9,11,27.036,27.036
1993,9,12,25.789,25.789
1993,9,13,24.049,24.049
1993,9,14,25.946,25.946
1993,9,15,30.083,30.083
1993,9,16,28.774,28.774
1993,9,17,27.431,27.431
1993,9,18,27.776,27.776
1993,9,19,26.98,26.98
1993,9,20,29.607,29.607
1993,9,21,35.0,35.0
1993,9,22,34.69,34.69
1993,9,23,31.754,31.754
1993,9,24,33.665,33.665
1993,9,25,31.128,31.128
1993,9,26,25.571,25.571
1993,9,27,28.195,28.195
1993,9,28,29.892,29.892
1993,9,29,30.006,30.006
1993,9,30,30.279,30.279
1993,10,1,28.996,28.996
1993,10,2,31.528,31.528
1993,10,3,34.988,34.988
1993,10,4,35.81,35.81
1993,10,5,34.127,34.127
1993,10,6,26.702,26.702
1993,10,7,25.733,25.733
1993,10,8,25.309,25.309
1993,10,9,29.248,29.248
1993,10,10,31.128,31.128
1993,10,11,29.062,29.062
1993,10,12,31.876,31.876
1993,10,13,32.981,32.981
1993,10,14,30.215,30.215
1993,10,15,29.47,29.47
1993,10,16,27.033,27.033
1993,10,17,27.071,27.071
1993,10,18,27.702,27.702
1993,10,19,27.724,27.724
1993,10,20,27.785,27.785
1993,10,21,29.564,29.564
1993,10,22,29.411,29.411
1993,10,23,23.296,23.296
1993,10,24,24.235,24.235
1993,10,25,24.236,24.236
1993,10,26,22.507,22.507
1993,10,27,18.398,18.398
1993,10,28,19.394,19.394
1993,10,29,19.769,19.769
1993,10,30,21.953,21.953
1993,10,31,22.359,22.359
1993,11,1,22.812,22.812
1993,11,2,24.6,24.6
1993,11,3,23.765,23.765
1993,11,4,22.984,22.984
1993,11,5,17.085,17.085
1993,11,6,14.728,14.728
1993,11,7,12.955,12.955
1993,11,8,11.869,11.869
1993,11,9,12.389,12.389
1993,11,10,13.68,13.68
1993,11,11,11.958,11.958
1993,11,12,17.011,17.011
1993,11,13,18.531,18.531
1993,11,14,16.552,16.552
1993,11,15,13.211,13.211
1993,11,16,10.929,10.929
1993,11,17,10.44,10.44
1993,11,18,10.455,10.455
1993,11,19,15.401,15.401
1993,11,20,16.715,16.715
1993,11,21,16.345,16.345
1993,11,22,14.556,14.556
1993,11,23,14.477,14.477
1993,11,24,11.585,11.585
1993,11,25,12.173,12.173
1993,11,26,12.088,12.088
1993,11,27,14.462,14.462
1993,11,28,16.266,16.266
1993,11,29,15.979,15.979
1993,11,30,16.119,16.119
1993,12,1,16.606,16.606
1993,12,2,17.317,17.317
1993,12,3,17.998,17.998
1993,12,4,16.916,16.916
1993,12,5,16.117,16.117
1993,12,6,16.124,16.124
1993,12,7,15.482,15.482
1993,12,8,15.931,15.931
1993,12,9,10.08,10.08
1993,12,10,12.223,12.223
1993,12,11,12.497,12.497
1993,12,12,14.803,14.803
1993,12,13,12.275,12.275
1993,12,14,12.79,12.79
1993,12,15,11.296,11.296
1993,12,16,15.729,15.729
1993,12,17,14.585,14.585
1993,12,18,17.07,17.07
1993,12,19,12.773,12.773
1993,12,20,9.97,9.97
1993,12,21,11.838,11.838
1993,12,22,13.565,13.565
1993,12,23,10.708,10.708
1993,12,24,12.984,12.984
1993,12,25,15.572,15.572
1993,12,26,12.077,12.077
1993,12,27,12.165,12.165
1993,12,28,13.244,13.244
1993,12,29,11.941,11.941
1993,12,30,14.047,14.047
1993,12,31,17.14,17.14
1994,1,1,13.28,13.28
1994,1,2,10.844,10.844
1994,1,3,10.314,10.314
1994,1,4,10.262,10.262
1994,1,5,10.61,10.61
1994,1,6,12.369,12.369
1994,1,7,12.339,12.339
1994,1,8,11.499,11.499
1994,1,9,13.101,13.101
1994,1,10,13.131,13.131
1994,1,11,12.585,12.585
1994,1,12,10.221,10.221
1994,1,13,10.374,10.374
1994,1,14,11.206,11.206
1994,1,15,10.288,10.288
1994,1,16,14.561,14.561
1994,1,17,11.814,11.814
1994,1,18,11.507,11.507
1994,1,19,13.481,13.481
1994,1,20,14.469,14.469
1994,1,21,14.219,14.219
1994,1,22,15.767,15.767
1994,1,23,16.942,16.942
1994,1,24,17.681,17.681
1994,1,25,15.996,15.996
1994,1,26,17.266,17.266
1994,1,27,17.621,17.621
1994,1,28,11.753,11.753
1994,1,29,13.362,13.362
1994,1,30,10.536,10.536
1994,1,31,10.715,10.715
1994,2,1,11.298,11.298
1994,2,2,13.031,13.031
1994,2,3,12.742,12.742
1994,2,4,13.408,13.408
1994,2,5,14.264,14.264
1994,2,6,13.756,13.756
1994,2,7,15.274,15.274
1994,2,8,13.302,13.302
1994,2,9,15.509,15.509
1994,2,10,17.785,17.785
1994,2,11,17.808,17.808
1994,2,12,23.026,23.026
1994,2,13,20.136,20.136
1994,2,14,19.588,19.588
1994,2,15,18.877,18.877
1994,2,16,19.538,19.538
1994,2,17,17.233,17.233
1994,2,18,12.954,12.954
1994,2,19,14.719,14.719
1994,2,20,15.359,15.359
1994,2,21,17.639,17.639
1994,2,22,18.233,18.233
1994,2,23,17.242,17.242
1994,2,24,19.324,19.324
1994,2,25,13.888,13.888
1994,2,26,13.296,13.296
1994,2,27,13.237,13.237
1994,2,28,13.691,13.691
1994,3,1,10.951,10.951
1994,3,2,12.293,12.293
1994,3,3,12.41,12.41
1994,3,4,9.463,9.463
1994,3,5,9.74,9.74
1994,3,6,9.496,9.496
1994,3,7,14.317,14.317
1994,3,8,15.479,15.479
1994,3,9,15.431,15.431
1994,3,10,13.33,13.33
1994,3,11,15.518,15.518
1994,3,12,14.579,14.579
1994,3,13,9.802,9.802
1994,3,14,11.545,11.545
1994,3,15,9.68,9.68
1994,3,16,13.36,13.36
1994,3,17,13.773,13.773
1994,3,18,8.641,8.641
1994,3,19,11.722,11.722
1994,3,20,16.101,16.101
1994,3,21,20.288,20.288
1994,3,22,17.63,17.63
1994,3,23,17.017,17.017
1994,3,24,18.238,18.238
1994,3,25,12.978,12.978
1994,3,26,9.499,9.499
1994,3,27,15.641,15.641
1994,3,28,18.082,18.082
1994,3,29,18.907,18.907
1994,3,30,11.852,11.852
1994,3,31,10.111,10.111
1994,4,1,12.744,12.744
1994,4,2,14.494,14.494
1994,4,3,12.831,12.831
1994,4,4,13.564,13.564
1994,4,5,12.559,12.559
1994,4,6,14.127,14.127
1994,4,7,18.882,18.882
1994,4,8,18.0,18.0
1994,4,9,16.161,16.161
1994,4,10,16.357,16.357
1994,4,11,17.634,17.634
1994,4,12,21.033,21.033
1994,4,13,26.588,26.588
1994,4,14,25.359,25.359
1994,4,15,24.109,24.109
1994,4,16,20.658,20.658
1994,4,17,20.589,20.589
1994,4,18,17.178,17.178
1994,4,19,15.53,15.53
1994,4,20,19.202,19.202
1994,4,21,21.524,21.524
1994,4,22,24.404,24.404
1994,4,23,25.515,25.515
1994,4,24,27.37,27.37
1994,4,25,26.067,26.067
1994,4,26,22.597,22.597
1994,4,27,22.519,22.519
1994,4,28,20.689,20.689
1994,4,29,21.444,21.444
1994,4,30,18.933,18.933
1994,5,1,17.76,17.76
1994,5,2,20.155,20.155
1994,5,3,20.386,20.386
1994,5,4,19.435,19.435
1994,5,5,21.057,21.057
1994,5,6,23.525,23.525
1994,5,7,23.446,23.446
1994,5,8,25.37,25.37
1994,5,9,25.897,25.897
1994,5,10,24.322,24.322
1994,5,11,23.083,23.083
1994,5,12,25.229,25.229
1994,5,13,24.573,24.573
1994,5,14,23.791,23.791
1994,5,15,21.187,21.187
1994,5,16,24.938,24.938
1994,5,17,27.644,27.644
1994,5,18,27.836,27.836
1994,5,19,31.004,31.004
1994,5,20,32.286,32.286
1994,5,21,31.708,31.708
1994,5,22,32.165,32.165
1994,5,23,32.059,32.059
1994,5,24,29.25,29.25
1994,5,25,31.654,31.654
1994,5,26,25.793,25.793
1994,5,27,26.885,26.885
1994,5,28,23.121,23.121
1994,5,29,24.744,24.744
1994,5,30,24.282,24.282
1994,5,31,23.145,23.145
1994,6,1,27.825,27.825
1994,6,2,28.581,28.581
1994,6,3,29.31,29.31
1994,6,4,29.825,29.825
1994,6,5,28.415,28.415
1994,6,6,28.26,28.26
1994,6,7,28.875,28.875
1994,6,8,32.716,32.716
1994,6,9,33.706,33.706
1994,6,10,31.593,31.593
1994,6,11,19.981,19.981
1994,6,12,18.959,18.959
1994,6,13,19.674,19.674
1994,6,14,24.083,24.083
1994,6,15,30.237,30.237
1994,6,16,34.127,34.127
1994,6,17,33.35,33.35
1994,6,18,34.436,34.436
1994,6,19,31.372,31.372
1994,6,20,27.257,27.257
1994,6,21,25.562,25.562
1994,6,22,25.649,25.649
1994,6,23,27.892,27.892
1994,6,24,34.319,34.319
1994,6,25,37.878,37.878
1994,6,26,39.387,39.387
1994,6,27,39.713,39.713
1994,6,28,38.271,38.271
1994,6,29,35.324,35.324
1994,6,30,36.414,36.414
1994,7,1,36.958,36.958
1994,7,2,38.3,38.3
1994,7,3,37.326,37.326
1994,7,4,35.022,35.022
1994,7,5,35.783,35.783
1994,7,6,36.105,36.105
1994,7,7,34.837,34.837
1994,7,8,32.858,32.858
1994,7,9,35.061,35.061
1994,7,10,35.758,35.758
1994,7,11,37.715,37.715
1994,7,12,36.214,36.214
1994,7,13,37.233,37.233
1994,7,14,35.843,35.843
1994,7,15,37.005,37.005
1994,7,16,34.606,34.606
1994,7,17,35.692,35.692
1994,7,18,34.803,34.803
1994,7,19,36.246,36.246
1994,7,20,36.389,36.389
1994,7,21,37.008,37.008
1994,7,22,35.581,35.581
1994,7,23,37.52,37.52
1994,7,24,36.794,36.794
1994,7,25,36.715,36.715
1994,7,26,36.961,36.961
1994,7,27,37.76,37.76
1994,7,28,36.251,36.251
1994,7,29,37.413,37.413
1994,7,30,38.035,38.035
1994,7,31,35.995,35.995
1994,8,1,33.386,33.386
1994,8,2,34.448,34.448
1994,8,3,38.143,38.143
1994,8,4,38.615,38.615
1994,8,5,39.351,39.351
1994,8,6,38.924,38.924
1994,8,7,36.428,36.428
1994,8,8,33.04,33.04
1994,8,9,31.496,31.496
1994,8,10,26.933,26.933
1994,8,11,27.879,27.879
1994,8,12,27.877,27.877
1994,8,13,28.413,28.413
1994,8,14,30.829,30.829
1994,8,15,29.746,29.746
1994,8,16,30.64,30.64
1994,8,17,30.593,30.593
1994,8,18,30.069,30.069
1994,8,19,28.882,28.882
1994,8,20,31.628,31.628
1994,8,21,34.047,34.047
1994,8,22,35.111,35.111
1994,8,23,36.225,36.225
1994,8,24,36.217,36.217
1994,8,25,35.43,35.43
1994,8,26,35.708,35.708
1994,8,27,34.555,34.555
1994,8,28,34.734,34.734
1994,8,29,35.794,35.794
1994,8,30,37.953,37.953
1994,8,31,38.449,38.449
1994,9,1,36.064,36.064
1994,9,2,36.26,36.26
1994,9,3,36.284,36.284
1994,9,4,37.09,37.09
1994,9,5,35.8,35.8
1994,9,6,33.405,33.405
1994,9,7,32.739,32.739
1994,9,8,33.898,33.898
1994,9,9,33.01,33.01
1994,9,10,36.022,36.022
1994,9,11,33.851,33.851
1994,9,12,34.709,34.709
1994,9,13,28.376,28.376
1994,9,14,28.719,28.719
1994,9,15,28.648,28.648
1994,9,16,32.109,32.109
1994,9,17,34.344,34.344
1994,9,18,35.216,35.216
1994,9,19,36.109,36.109
1994,9,20,36.138,36.138
1994,9,21,35.694,35.694
1994,9,22,36.734,36.734
1994,9,23,34.276,34.276
1994,9,24,29.64,29.64
1994,9,25,34.303,34.303
1994,9,26,35.231,35.231
1994,9,27,34.164,34.164
1994,9,28,32.157,32.157
1994,9,29,28.66,28.66
1994,9,30,27.634,27.634
1994,10,1,24.404,24.404
1994,10,2,28.706,28.706
1994,10,3,28.159,28.159
1994,10,4,31.93,31.93
1994,10,5,28.093,28.093
1994,10,6,32.247,32.247
1994,10,7,33.116,33.116
1994,10,8,32.553,32.553
1994,10,9,32.289,32.289
1994,10,10,32.895,32.895
1994,10,11,30.488,30.488
1994,10,12,26.957,26.957
1994,10,13,25.345,25.345
1994,10,14,24.419,24.419
1994,10,15,22.975,22.975
1994,10,16,24.267,24.267
1994,10,17,25.349,25.349
1994,10,18,28.129,28.129
1994,10,19,28.06,28.06
1994,10,20,26.963,26.963
1994,10,21,24.827,24.827
1994,10,22,24.42,24.42
1994,10,23,22.422,22.422
1994,10,24,23.784,23.784
1994,10,25,24.368,24.368
1994,10,26,25.37,25.37
1994,10,27,24.112,24.112
1994,10,28,23.042,23.042
1994,10,29,23.37,23.37
1994,10,30,24.465,24.465
1994,10,31,25.51,25.51
1994,11,1,27.597,27.597
1994,11,2,27.336,27.336
1994,11,3,24.367,24.367
1994,11,4,23.585,23.585
1994,11,5,21.408,21.408
1994,11,6,14.678,14.678
1994,11,7,14.959,14.959
1994,11,8,19.652,19.652
1994,11,9,19.716,19.716
1994,11,10,16.227,16.227
1994,11,11,14.487,14.487
1994,11,12,12.36,12.36
1994,11,13,14.103,14.103
1994,11,14,13.381,13.381
1994,11,15,12.696,12.696
1994,11,16,15.634,15.634
1994,11,17,18.347,18.347
1994,11,18,16.605,16.605
1994,11,19,16.831,16.831
1994,11,20,13.341,13.341
1994,11,21,12.071,12.071
1994,11,22,13.343,13.343
1994,11,23,11.374,11.374
1994,11,24,15.24,15.24
1994,11,25,15.0,15.0
1994,11,26,14.028,14.028
1994,11,27,10.998,10.998
1994,11,28,9.389,9.389
1994,11,29,10.224,10.224
1994,11,30,12.286,12.286
1994,12,1,13.594,13.594
1994,12,2,11.912,11.912
1994,12,3,13.068,13.068
1994,12,4,12.772,12.772
1994,12,5,16.023,16.023
1994,12,6,18.06,18.06
1994,12,7,16.251,16.251
1994,12,8,15.927,15.927
1994,12,9,16.97,16.97
1994,12,10,17.581,17.581
1994,12,11,16.05,16.05
1994,12,12,17.131,17.131
1994,12,13,16.278,16.278
1994,12,14,12.89,12.89
1994,12,15,16.111,16.111
1994,12,16,15.068,15.068
1994,12,17,14.552,14.552
1994,12,18,13.994,13.994
1994,12,19,14.96,14.96
1994,12,20,13.723,13.723
1994,12,21,13.796,13.796
1994,12,22,12.602,12.602
1994,12,23,15.839,15.839
1994,12,24,18.434,18.434
1994,12,25,15.656,15.656
1994,12,26,8.95,8.95
1994,12,27,4.501,4.501
1994,12,28,5.936,5.936
1994,12,29,11.18,11.18
1994,12,30,16.489,16.489
1994,12,31,16.966,16.966
1995,1,1,12.635,12.635
1995,1,2,11.898,11.898
1995,1,3,11.226,11.226
1995,1,4,8.901,8.901
1995,1,5,8.099,8.099
1995,1,6,6.388,6.388
1995,1,7,8.825,8.825
1995,1,8,8.968,8.968
1995,1,9,12.54,12.54
1995,1,10,13.181,13.181
1995,1,11,13.487,13.487
1995,1,12,14.985,14.985
1995,1,13,14.0,14.0
1995,1,14,15.411,15.411
1995,1,15,15.29,15.29
1995,1,16,13.164,13.164
1995,1,17,10.937,10.937
1995,1,18,9.466,9.466
1995,1,19,10.465,10.465
1995,1,20,9.869,9.869
1995,1,21,12.454,12.454
1995,1,22,14.013,14.013
1995,1,23,12.256,12.256
1995,1,24,14.424,14.424
1995,1,25,13.961,13.961
1995,1,26,14.915,14.915
1995,1,27,15.524,15.524
1995,1,28,17.884,17.884
1995,1,29,17.296,17.296
1995,1,30,15.325,15.325
1995,1,31,16.001,16.001
1995,2,1,13.282,13.282
1995,2,2,14.145,14.145
1995,2,3,14.001,14.001
1995,2,4,13.131,13.131
1995,2,5,5.538,5.538
1995,2,6,8.237,8.237
1995,2,7,9.971,9.971
1995,2,8,9.731,9.731
1995,2,9,10.243,10.243
1995,2,10,12.136,12.136
1995,2,11,12.063,12.063
1995,2,12,12.966,12.966
1995,2,13,13.763,13.763
1995,2,14,16.542,16.542
1995,2,15,16.461,16.461
1995,2,16,14.245,14.245
1995,2,17,18.519,18.519
1995,2,18,22.384,22.384
1995,2,19,20.922,20.922
1995,2,20,18.83,18.83
1995,2,21,10.314,10.314
1995,2,22,14.276,14.276
1995,2,23,14.499,14.499
1995,2,24,11.056,11.056
1995,2,25,10.826,10.826
1995,2,26,14.797,14.797
1995,2,27,16.033,16.033
1995,2,28,14.794,14.794
1995,3,1,14.014,14.014
1995,3,2,14.589,14.589
1995,3,3,15.068,15.068
1995,3,4,14.053,14.053
1995,3,5,13.971,13.971
1995,3,6,13.102,13.102
1995,3,7,11.405,11.405
1995,3,8,13.519,13.519
1995,3,9,19.558,19.558
1995,3,10,17.692,17.692
1995,3,11,14.993,14.993
1995,3,12,17.925,17.925
1995,3,13,17.354,17.354
1995,3,14,14.13,14.13
1995,3,15,14.005,14.005
1995,3,16,15.765,15.765
1995,3,17,14.17,14.17
1995,3,18,14.47,14.47
1995,3,19,18.873,18.873
1995,3,20,21.681,21.681
1995,3,21,19.162,19.162
1995,3,22,17.305,17.305
1995,3,23,15.101,15.101
1995,3,24,16.304,16.304
1995,3,25,16.46,16.46
1995,3,26,16.497,16.497
1995,3,27,14.418,14.418
1995,3,28,13.981,13.981
1995,3,29,15.647,15.647
1995,3,30,16.101,16.101
1995,3,31,17.717,17.717
1995,4,1,12.288,12.288
1995,4,2,12.792,12.792
1995,4,3,15.407,15.407
1995,4,4,12.508,12.508
1995,4,5,17.285,17.285
1995,4,6,20.762,20.762
1995,4,7,23.169,23.169
1995,4,8,26.213,26.213
1995,4,9,27.369,27.369
1995,4,10,23.357,23.357
1995,4,11,16.913,16.913
1995,4,12,10.652,10.652
1995,4,13,10.1,10.1
1995,4,14,12.769,12.769
1995,4,15,12.346,12.346
1995,4,16,10.169,10.169
1995,4,17,9.586,9.586
1995,4,18,11.066,11.066
1995,4,19,12.412,12.412
1995,4,20,15.835,15.835
1995,4,21,21.376,21.376
1995,4,22,21.299,21.299
1995,4,23,19.695,19.695
1995,4,24,20.389,20.389
1995,4,25,20.822,20.822
1995,4,26,20.985,20.985
1995,4,27,19.636,19.636
1995,4,28,17.658,17.658
1995,4,29,15.487,15.487
1995,4,30,15.563,15.563
1995,5,1,14.65,14.65
1995,5,2,14.952,14.952
1995,5,3,18.27,18.27
1995,5,4,22.53,22.53
1995,5,5,25.298,25.298
1995,5,6,26.637,26.637
1995,5,7,26.324,26.324
1995,5,8,23.822,23.822
1995,5,9,22.312,22.312
1995,5,10,16.565,16.565
1995,5,11,17.769,17.769
1995,5,12,21.23,21.23
1995,5,13,25.221,25.221
1995,5,14,24.335,24.335
1995,5,15,20.969,20.969
1995,5,16,20.665,20.665
1995,5,17,21.081,21.081
1995,5,18,21.701,21.701
1995,5,19,25.788,25.788
1995,5,20,29.859,29.859
1995,5,21,32.652,32.652
1995,5,22,32.084,32.084
1995,5,23,30.749,30.749
1995,5,24,34.122,34.122
1995,5,25,34.254,34.254
1995,5,26,36.009,36.009
1995,5,27,37.991,37.991
1995,5,28,36.041,36.041
1995,5,29,32.007,32.007
1995,5,30,26.589,26.589
1995,5,31,29.391,29.391
1995,6,1,27.861,27.861
1995,6,2,32.157,32.157
1995,6,3,32.735,32.735
1995,6,4,31.274,31.274
1995,6,5,29.936,29.936
1995,6,6,27.0,27.0
1995,6,7,26.539,26.539
1995,6,8,27.166,27.166
1995,6,9,23.847,23.847
1995,6,10,22.905,22.905
1995,6,11,25.255,25.255
1995,6,12,26.78,26.78
1995,6,13,26.542,26.542
1995,6,14,28.789,28.789
1995,6,15,27.236,27.236
1995,6,16,28.243,28.243
1995,6,17,29.595,29.595
1995,6,18,30.387,30.387
1995,6,19,29.695,29.695
1995,6,20,26.387,26.387
1995,6,21,23.349,23.349
1995,6,22,24.911,24.911
1995,6,23,26.208,26.208
1995,6,24,25.237,25.237
1995,6,25,24.141,24.141
1995,6,26,24.782,24.782
1995,6,27,28.102,28.102
1995,6,28,28.116,28.116
1995,6,29,30.587,30.587
1995,6,30,28.335,28.335
1995,7,1,32.731,32.731
1995,7,2,32.082,32.082
1995,7,3,31.99,31.99
1995,7,4,31.184,31.184
1995,7,5,30.272,30.272
1995,7,6,31.015,31.015
1995,7,7,33.731,33.731
1995,7,8,35.114,35.114
1995,7,9,36.073,36.073
1995,7,10,37.104,37.104
1995,7,11,35.757,35.757
1995,7,12,38.376,38.376
1995,7,13,35.881,35.881
1995,7,14,37.552,37.552
1995,7,15,36.754,36.754
1995,7,16,37.053,37.053
1995,7,17,31.047,31.047
1995,7,18,31.534,31.534
1995,7,19,32.052,32.052
1995,7,20,29.703,29.703
1995,7,21,30.646,30.646
1995,7,22,31.626,31.626
1995,7,23,31.628,31.628
1995,7,24,33.172,33.172
1995,7,25,32.971,32.971
1995,7,26,33.634,33.634
1995,7,27,34.868,34.868
1995,7,28,37.491,37.491
1995,7,29,38.946,38.946
1995,7,30,38.365,38.365
1995,7,31,37.212,37.212
1995,8,1,34.945,34.945
1995,8,2,32.748,32.748
1995,8,3,31.229,31.229
1995,8,4,31.473,31.473
1995,8,5,36.436,36.436
1995,8,6,38.938,38.938
1995,8,7,40.027,40.027
1995,8,8,38.898,38.898
1995,8,9,37.486,37.486
1995,8,10,35.522,35.522
1995,8,11,34.04,34.04
1995,8,12,35.324,35.324
1995,8,13,35.269,35.269
1995,8,14,32.042,32.042
1995,8,15,29.295,29.295
1995,8,16,29.025,29.025
1995,8,17,30.361,30.361
1995,8,18,33.813,33.813
1995,8,19,34.998,34.998
1995,8,20,34.666,34.666
1995,8,21,34.571,34.571
1995,8,22,35.761,35.761
1995,8,23,39.246,39.246
1995,8,24,38.733,38.733
1995,8,25,35.402,35.402
1995,8,26,27.262,27.262
1995,8,27,28.756,28.756
1995,8,28,31.869,31.869
1995,8,29,33.797,33.797
1995,8,30,36.221,36.221
1995,8,31,37.867,37.867
1995,9,1,34.338,34.338
1995,9,2,34.369,34.369
1995,9,3,35.436,35.436
1995,9,4,33.9,33.9
1995,9,5,38.147,38.147
1995,9,6,37.318,37.318
1995,9,7,36.253,36.253
1995,9,8,36.379,36.379
1995,9,9,35.454,35.454
1995,9,10,35.941,35.941
1995,9,11,35.852,35.852
1995,9,12,28.782,28.782
1995,9,13,26.048,26.048
1995,9,14,25.435,25.435
1995,9,15,26.669,26.669
1995,9,16,23.831,23.831
1995,9,17,26.101,26.101
1995,9,18,27.808,27.808
1995,9,19,29.928,29.928
1995,9,20,28.839,28.839
1995,9,21,31.103,31.103
1995,9,22,33.649,33.649
1995,9,23,32.21,32.21
1995,9,24,31.54,31.54
1995,9,25,31.516,31.516
1995,9,26,33.0,33.0
1995,9,27,35.124,35.124
1995,9,28,34.128,34.128
1995,9,29,34.075,34.075
1995,9,30,33.006,33.006
1995,10,1,32.625,32.625
1995,10,2,33.865,33.865
1995,10,3,33.168,33.168
1995,10,4,34.334,34.334
1995,10,5,33.414,33.414
1995,10,6,34.693,34.693
1995,10,7,34.597,34.597
1995,10,8,34.15,34.15
1995,10,9,32.147,32.147
1995,10,10,30.455,30.455
1995,10,11,23.178,23.178
1995,10,12,25.521,25.521
1995,10,13,25.772,25.772
1995,10,14,23.627,23.627
1995,10,15,22.868,22.868
1995,10,16,25.042,25.042
1995,10,17,26.187,26.187
1995,10,18,21.77,21.77
1995,10,19,19.769,19.769
1995,10,20,14.557,14.557
1995,10,21,13.186,13.186
1995,10,22,21.526,21.526
1995,10,23,22.887,22.887
1995,10,24,22.728,22.728
1995,10,25,23.02,23.02
1995,10,26,22.035,22.035
1995,10,27,19.686,19.686
1995,10,28,21.486,21.486
1995,10,29,21.431,21.431
1995,10,30,22.019,22.019
1995,10,31,24.177,24.177
1995,11,1,25.596,25.596
1995,11,2,26.989,26.989
1995,11,3,27.696,27.696
1995,11,4,28.487,28.487
1995,11,5,27.239,27.239
1995,11,6,26.188,26.188
1995,11,7,26.303,26.303
1995,11,8,25.069,25.069
1995,11,9,25.112,25.112
1995,11,10,25.072,25.072
1995,11,11,21.915,21.915
1995,11,12,25.073,25.073
1995,11,13,24.727,24.727
1995,11,14,20.75,20.75
1995,11,15,19.441,19.441
1995,11,16,22.148,22.148
1995,11,17,22.074,22.074
1995,11,18,22.744,22.744
1995,11,19,19.641,19.641
1995,11,20,19.457,19.457
1995,11,21,19.151,19.151
1995,11,22,19.205,19.205
1995,11,23,17.821,17.821
1995,11,24,16.87,16.87
1995,11,25,17.608,17.608
1995,11,26,18.483,18.483
1995,11,27,19.13,19.13
1995,11,28,19.93,19.93
1995,11,29,20.415,20.415
1995,11,30,20.83,20.83
1995,12,1,16.564,16.564
1995,12,2,16.777,16.777
1995,12,3,15.254,15.254
1995,12,4,8.541,8.541
1995,12,5,8.083,8.083
1995,12,6,10.641,10.641
1995,12,7,9.603,9.603
1995,12,8,8.062,8.062
1995,12,9,7.945,7.945
1995,12,10,12.13,12.13
1995,12,11,12.253,12.253
1995,12,12,6.495,6.495
1995,12,13,5.374,5.374
1995,12,14,8.22,8.22
1995,12,15,8.987,8.987
1995,12,16,9.4,9.4
1995,12,17,9.047,9.047
1995,12,18,8.398,8.398
1995,12,19,9.52,9.52
1995,12,20,8.977,8.977
1995,12,21,11.377,11.377
1995,12,22,13.729,13.729
1995,12,23,12.998,12.998
1995,12,24,13.873,13.873
1995,12,25,9.723,9.723
1995,12,26,12.12,12.12
1995,12,27,9.371,9.371
1995,12,28,13.911,13.911
1995,12,29,13.917,13.917
1995,12,30,9.791,9.791
1995,12,31,8.628,8.628
1996,1,1,9.162,9.162
1996,1,2,10.059,10.059
1996,1,3,13.467,13.467
1996,1,4,16.975,16.975
1996,1,5,13.398,13.398
1996,1,6,16.014,16.014
1996,1,7,14.932,14.932
1996,1,8,16.69,16.69
1996,1,9,14.69,14.69
1996,1,10,13.833,13.833
1996,1,11,12.845,12.845
1996,1,12,16.684,16.684
1996,1,13,15.511,15.511
1996,1,14,9.301,9.301
1996,1,15,9.94,9.94
1996,1,16,10.919,10.919
1996,1,17,10.75,10.75
1996,1,18,4.655,4.655
1996,1,19,4.429,4.429
1996,1,20,4.823,4.823
1996,1,21,5.455,5.455
1996,1,22,6.883,6.883
1996,1,23,7.601,7.601
1996,1,24,9.739,9.739
1996,1,25,9.8,9.8
1996,1,26,10.708,10.708
1996,1,27,6.617,6.617
1996,1,28,6.282,6.282
1996,1,29,8.068,8.068
1996,1,30,9.867,9.867
1996,1,31,10.691,10.691
1996,2,1,13.172,13.172
1996,2,2,11.413,11.413
1996,2,3,8.711,8.711
1996,2,4,10.639,10.639
1996,2,5,14.927,14.927
1996,2,6,17.383,17.383
1996,2,7,17.255,17.255
1996,2,8,16.979,16.979
1996,2,9,18.466,18.466
1996,2,10,20.751,20.751
1996,2,11,19.222,19.222
1996,2,12,16.446,16.446
1996,2,13,19.426,19.426
1996,2,14,21.681,21.681
1996,2,15,21.062,21.062
1996,2,16,21.116,21.116
1996,2,17,21.111,21.111
1996,2,18,18.842,18.842
1996,2,19,15.448,15.448
1996,2,20,13.373,13.373
1996,2,21,11.591,11.591
1996,2,22,12.23,12.23
1996,2,23,9.591,9.591
1996,2,24,14.843,14.843
1996,2,25,16.618,16.618
1996,2,26,16.193,16.193
1996,2,27,15.882,15.882
1996,2,28,16.67,16.67
1996,2,29,9.857,9.857
1996,3,1,9.545,9.545
1996,3,2,10.421,10.421
1996,3,3,11.761,11.761
1996,3,4,15.542,15.542
1996,3,5,14.04,14.04
1996,3,6,12.358,12.358
1996,3,7,13.809,13.809
1996,3,8,13.611,13.611
1996,3,9,14.874,14.874
1996,3,10,15.598,15.598
1996,3,11,20.083,20.083
1996,3,12,21.207,21.207
1996,3,13,19.516,19.516
1996,3,14,19.944,19.944
1996,3,15,17.874,17.874
1996,3,16,15.406,15.406
1996,3,17,14.422,14.422
1996,3,18,9.368,9.368
1996,3,19,11.092,11.092
1996,3,20,15.034,15.034
1996,3,21,22.149,22.149
1996,3,22,23.948,23.948
1996,3,23,23.548,23.548
1996,3,24,21.556,21.556
1996,3,25,14.467,14.467
1996,3,26,17.403,17.403
1996,3,27,22.479,22.479
1996,3,28,25.982,25.982
1996,3,29,27.591,27.591
1996,3,30,26.93,26.93
1996,3,31,26.163,26.163
1996,4,1,15.98,15.98
1996,4,2,11.732,11.732
1996,4,3,13.772,13.772
1996,4,4,16.629,16.629
1996,4,5,16.47,16.47
1996,4,6,19.004,19.004
1996,4,7,22.149,22.149
1996,4,8,21.239,21.239
1996,4,9,21.29,21.29
1996,4,10,23.149,23.149
1996,4,11,19.32,19.32
1996,4,12,18.544,18.544
1996,4,13,19.629,19.629
1996,4,14,19.482,19.482
1996,4,15,19.005,19.005
1996,4,16,18.293,18.293
1996,4,17,23.612,23.612
1996,4,18,28.477,28.477
1996,4,19,29.724,29.724
1996,4,20,27.242,27.242
1996,4,21,22.13,22.13
1996,4,22,20.139,20.139
1996,4,23,19.24,19.24
1996,4,24,17.068,17.068
1996,4,25,19.4,19.4
1996,4,26,19.513,19.513
1996,4,27,21.388,21.388
1996,4,28,24.115,24.115
1996,4,29,25.425,25.425
1996,4,30,24.744,24.744
1996,5,1,28.547,28.547
1996,5,2,26.774,26.774
1996,5,3,24.948,24.948
1996,5,4,22.175,22.175
1996,5,5,22.825,22.825
1996,5,6,22.144,22.144
1996,5,7,19.213,19.213
1996,5,8,18.254,18.254
1996,5,9,21.625,21.625
1996,5,10,19.684,19.684
1996,5,11,13.898,13.898
1996,5,12,19.712,19.712
1996,5,13,21.534,21.534
1996,5,14,19.705,19.705
1996,5,15,17.122,17.122
1996,5,16,21.497,21.497
1996,5,17,20.597,20.597
1996,5,18,15.897,15.897
1996,5,19,15.259,15.259
1996,5,20,14.192,14.192
1996,5,21,16.107,16.107
1996,5,22,19.239,19.239
1996,5,23,22.853,22.853
1996,5,24,27.48,27.48
1996,5,25,30.289,30.289
1996,5,26,31.537,31.537
1996,5,27,31.864,31.864
1996,5,28,31.379,31.379
1996,5,29,28.563,28.563
1996,5,30,28.811,28.811
1996,5,31,31.606,31.606
1996,6,1,33.348,33.348
1996,6,2,36.684,36.684
1996,6,3,37.678,37.678
1996,6,4,35.223,35.223
1996,6,5,35.612,35.612
1996,6,6,32.003,32.003
1996,6,7,24.003,24.003
1996,6,8,24.46,24.46
1996,6,9,31.26,31.26
1996,6,10,34.477,34.477
1996,6,11,37.721,37.721
1996,6,12,37.517,37.517
1996,6,13,37.93,37.93
1996,6,14,35.5,35.5
1996,6,15,33.593,33.593
1996,6,16,29.862,29.862
1996,6,17,29.611,29.611
1996,6,18,31.915,31.915
1996,6,19,35.529,35.529
1996,6,20,34.578,34.578
1996,6,21,34.943,34.943
1996,6,22,32.472,32.472
1996,6,23,34.049,34.049
1996,6,24,34.104,34.104
1996,6,25,32.901,32.901
1996,6,26,35.937,35.937
1996,6,27,37.924,37.924
1996,6,28,35.167,35.167
1996,6,29,32.067,32.067
1996,6,30,30.362,30.362
1996,7,1,30.052,30.052
1996,7,2,30.153,30.153
1996,7,3,29.202,29.202
1996,7,4,27.818,27.818
1996,7,5,28.086,28.086
1996,7,6,29.723,29.723
1996,7,7,30.729,30.729
1996,7,8,33.981,33.981
1996,7,9,34.409,34.409
1996,7,10,33.514,33.514
1996,7,11,32.933,32.933
1996,7,12,35.338,35.338
1996,7,13,36.386,36.386
1996,7,14,38.226,38.226
1996,7,15,35.939,35.939
1996,7,16,36.175,36.175
1996,7,17,36.206,36.206
1996,7,18,37.115,37.115
1996,7,19,34.482,34.482
1996,7,20,33.86,33.86
1996,7,21,35.963,35.963
1996,7,22,37.836,37.836
1996,7,23,37.777,37.777
1996,7,24,37.782,37.782
1996,7,25,38.04,38.04
1996,7,26,35.043,35.043
1996,7,27,33.274,33.274
1996,7,28,31.886,31.886
1996,7,29,28.944,28.944
1996,7,30,31.193,31.193
1996,7,31,31.908,31.908
1996,8,1,28.969,28.969
1996,8,2,28.537,28.537
1996,8,3,32.67,32.67
1996,8,4,37.48,37.48
1996,8,5,37.872,37.872
1996,8,6,38.036,38.036
1996,8,7,35.33,35.33
1996,8,8,32.559,32.559
1996,8,9,30.467,30.467
1996,8,10,31.312,31.312
1996,8,11,32.773,32.773
1996,8,12,35.094,35.094
1996,8,13,36.378,36.378
1996,8,14,36.357,36.357
1996,8,15,36.917,36.917
1996,8,16,34.519,34.519
1996,8,17,33.459,33.459
1996,8,18,34.95,34.95
1996,8,19,36.458,36.458
1996,8,20,35.741,35.741
1996,8,21,34.106,34.106
1996,8,22,33.743,33.743
1996,8,23,35.437,35.437
1996,8,24,34.687,34.687
1996,8,25,34.672,34.672
1996,8,26,34.881,34.881
1996,8,27,35.432,35.432
1996,8,28,34.678,34.678
1996,8,29,32.39,32.39
1996,8,30,30.875,30.875
1996,8,31,29.952,29.952
1996,9,1,33.453,33.453
1996,9,2,34.346,34.346
1996,9,3,35.056,35.056
1996,9,4,35.931,35.931
1996,9,5,37.849,37.849
1996,9,6,38.046,38.046
1996,9,7,38.926,38.926
1996,9,8,39.357,39.357
1996,9,9,36.773,36.773
1996,9,10,37.453,37.453
1996,9,11,36.638,36.638
1996,9,12,35.135,35.135
1996,9,13,35.114,35.114
1996,9,14,33.497,33.497
1996,9,15,34.103,34.103
1996,9,16,35.217,35.217
1996,9,17,35.183,35.183
1996,9,18,32.382,32.382
1996,9,19,30.346,30.346
1996,9,20,29.394,29.394
1996,9,21,23.243,23.243
1996,9,22,21.821,21.821
1996,9,23,23.594,23.594
1996,9,24,26.338,26.338
1996,9,25,30.193,30.193
1996,9,26,29.267,29.267
1996,9,27,32.049,32.049
1996,9,28,29.927,29.927
1996,9,29,30.612,30.612
1996,9,30,33.349,33.349
1996,10,1,30.749,30.749
1996,10,2,31.36,31.36
1996,10,3,30.118,30.118
1996,10,4,26.384,26.384
1996,10,5,30.709,30.709
1996,10,6,33.451,33.451
1996,10,7,33.377,33.377
1996,10,8,32.281,32.281
1996,10,9,30.359,30.359
1996,10,10,27.604,27.604
1996,10,11,23.26,23.26
1996,10,12,21.373,21.373
1996,10,13,22.223,22.223
1996,10,14,24.204,24.204
1996,10,15,23.061,23.061
1996,10,16,23.006,23.006
1996,10,17,18.753,18.753
1996,10,18,18.776,18.776
1996,10,19,20.892,20.892
1996,10,20,18.426,18.426
1996,10,21,18.528,18.528
1996,10,22,16.442,16.442
1996,10,23,15.29,15.29
1996,10,24,16.589,16.589
1996,10,25,19.779,19.779
1996,10,26,20.591,20.591
1996,10,27,20.765,20.765
1996,10,28,21.712,21.712
1996,10,29,21.691,21.691
1996,10,30,20.999,20.999
1996,10,31,21.515,21.515
1996,11,1,18.655,18.655
1996,11,2,18.056,18.056
1996,11,3,18.622,18.622
1996,11,4,17.624,17.624
1996,11,5,18.112,18.112
1996,11,6,17.484,17.484
1996,11,7,18.865,18.865
1996,11,8,17.343,17.343
1996,11,9,17.335,17.335
1996,11,10,16.392,16.392
1996,11,11,18.102,18.102
1996,11,12,14.489,14.489
1996,11,13,12.002,12.002
1996,11,14,13.057,13.057
1996,11,15,12.983,12.983
1996,11,16,11.294,11.294
1996,11,17,14.257,14.257
1996,11,18,14.848,14.848
1996,11,19,13.534,13.534
1996,11,20,14.761,14.761
1996,11,21,15.023,15.023
1996,11,22,17.124,17.124
1996,11,23,17.949,17.949
1996,11,24,18.075,18.075
1996,11,25,16.278,16.278
1996,11,26,12.617,12.617
1996,11,27,16.914,16.914
1996,11,28,17.245,17.245
1996,11,29,15.933,15.933
1996,11,30,15.002,15.002
1996,12,1,15.23,15.23
1996,12,2,16.187,16.187
1996,12,3,15.522,15.522
1996,12,4,15.884,15.884
1996,12,5,14.485,14.485
1996,12,6,17.303,17.303
1996,12,7,19.036,19.036
1996,12,8,19.186,19.186
1996,12,9,18.01,18.01
1996,12,10,18.153,18.153
1996,12,11,15.684,15.684
1996,12,12,13.453,13.453
1996,12,13,9.796,9.796
1996,12,14,13.131,13.131
1996,12,15,7.027,7.027
1996,12,16,7.663,7.663
1996,12,17,4.648,4.648
1996,12,18,6.824,6.824
1996,12,19,9.317,9.317
1996,12,20,11.99,11.99
1996,12,21,15.401,15.401
1996,12,22,15.12,15.12
1996,12,23,12.957,12.957
1996,12,24,12.39,12.39
1996,12,25,10.564,10.564
1996,12,26,10.531,10.531
1996,12,27,12.204,12.204
1996,12,28,13.448,13.448
1996,12,29,12.661,12.661
1996,12,30,15.903,15.903
1996,12,31,16.486,16.486
1997,1,1,17.116,17.116
1997,1,2,17.593,17.593
1997,1,3,16.921,16.921
1997,1,4,15.193,15.193
1997,1,5,16.74,16.74
1997,1,6,12.927,12.927
1997,1,7,14.356,14.356
1997,1,8,16.806,16.806
1997,1,9,16.512,16.512
1997,1,10,14.809,14.809
1997,1,11,12.242,12.242
1997,1,12,12.348,12.348
1997,1,13,11.29,11.29
1997,1,14,9.72,9.72
1997,1,15,12.497,12.497
1997,1,16,11.273,11.273
1997,1,17,7.3,7.3
1997,1,18,5.485,5.485
1997,1,19,12.27,12.27
1997,1,20,12.436,12.436
1997,1,21,13.333,13.333
1997,1,22,13.694,13.694
1997,1,23,13.728,13.728
1997,1,24,11.6,11.6
1997,1,25,13.102,13.102
1997,1,26,12.759,12.759
1997,1,27,14.555,14.555
1997,1,28,18.579,18.579
1997,1,29,17.139,17.139
1997,1,30,18.105,18.105
1997,1,31,14.389,14.389
1997,2,1,14.652,14.652
1997,2,2,16.756,16.756
1997,2,3,18.142,18.142
1997,2,4,12.622,12.622
1997,2,5,13.635,13.635
1997,2,6,14.333,14.333
1997,2,7,14.201,14.201
1997,2,8,13.307,13.307
1997,2,9,9.611,9.611
1997,2,10,8.631,8.631
1997,2,11,9.675,9.675
1997,2,12,8.986,8.986
1997,2,13,8.23,8.23
1997,2,14,9.861,9.861
1997,2,15,10.959,10.959
1997,2,16,12.908,12.908
1997,2,17,11.023,11.023
1997,2,18,12.418,12.418
1997,2,19,14.685,14.685
1997,2,20,16.501,16.501
1997,2,21,16.656,16.656
1997,2,22,16.582,16.582
1997,2,23,16.832,16.832
1997,2,24,18.055,18.055
1997,2,25,21.848,21.848
1997,2,26,22.049,22.049
1997,2,27,23.298,23.298
1997,2,28,21.726,21.726
1997,3,1,20.72,20.72
1997,3,2,20.801,20.801
1997,3,3,18.247,18.247
1997,3,4,13.441,13.441
1997,3,5,12.844,12.844
1997,3,6,11.22,11.22
1997,3,7,14.502,14.502
1997,3,8,11.004,11.004
1997,3,9,8.573,8.573
1997,3,10,11.737,11.737
1997,3,11,7.909,7.909
1997,3,12,6.862,6.862
1997,3,13,9.441,9.441
1997,3,14,11.077,11.077
1997,3,15,8.512,8.512
1997,3,16,11.196,11.196
1997,3,17,13.903,13.903
1997,3,18,14.597,14.597
1997,3,19,12.776,12.776
1997,3,20,12.307,12.307
1997,3,21,12.921,12.921
1997,3,22,7.886,7.886
1997,3,23,7.824,7.824
1997,3,24,10.198,10.198
1997,3,25,13.363,13.363
1997,3,26,20.637,20.637
1997,3,27,24.941,24.941
1997,3,28,28.076,28.076
1997,3,29,25.194,25.194
1997,3,30,20.742,20.742
1997,3,31,21.409,21.409
1997,4,1,21.685,21.685
1997,4,2,20.609,20.609
1997,4,3,19.814,19.814
1997,4,4,21.127,21.127
1997,4,5,25.724,25.724
1997,4,6,24.343,24.343
1997,4,7,22.054,22.054
1997,4,8,19.904,19.904
1997,4,9,23.252,23.252
1997,4,10,26.172,26.172
1997,4,11,25.744,25.744
1997,4,12,26.844,26.844
1997,4,13,20.351,20.351
1997,4,14,16.797,16.797
1997,4,15,16.069,16.069
1997,4,16,15.098,15.098
1997,4,17,14.89,14.89
1997,4,18,19.873,19.873
1997,4,19,19.815,19.815
1997,4,20,22.954,22.954
1997,4,21,26.108,26.108
1997,4,22,23.874,23.874
1997,4,23,24.636,24.636
1997,4,24,26.043,26.043
1997,4,25,26.246,26.246
1997,4,26,19.691,19.691
1997,4,27,15.612,15.612
1997,4,28,16.91,16.91
1997,4,29,17.377,17.377
1997,4,30,19.432,19.432
1997,5,1,17.907,17.907
1997,5,2,18.67,18.67
1997,5,3,19.693,19.693
1997,5,4,25.836,25.836
1997,5,5,31.378,31.378
1997,5,6,30.171,30.171
1997,5,7,30.179,30.179
1997,5,8,28.492,28.492
1997,5,9,23.515,23.515
1997,5,10,18.76,18.76
1997,5,11,20.499,20.499
1997,5,12,23.803,23.803
1997,5,13,27.238,27.238
1997,5,14,30.993,30.993
1997,5,15,32.443,32.443
1997,5,16,34.021,34.021
1997,5,17,34.535,34.535
1997,5,18,34.22,34.22
1997,5,19,26.478,26.478
1997,5,20,20.25,20.25
1997,5,21,15.382,15.382
1997,5,22,18.111,18.111
1997,5,23,21.578,21.578
1997,5,24,22.258,22.258
1997,5,25,22.867,22.867
1997,5,26,22.912,22.912
1997,5,27,24.356,24.356
1997,5,28,27.98,27.98
1997,5,29,27.655,27.655
1997,5,30,27.434,27.434
1997,5,31,24.892,24.892
1997,6,1,21.358,21.358
1997,6,2,25.46,25.46
1997,6,3,24.313,24.313
1997,6,4,21.342,21.342
1997,6,5,19.369,19.369
1997,6,6,25.213,25.213
1997,6,7,24.757,24.757
1997,6,8,22.336,22.336
1997,6,9,24.064,24.064
1997,6,10,26.718,26.718
1997,6,11,29.521,29.521
1997,6,12,28.451,28.451
1997,6,13,28.306,28.306
1997,6,14,26.941,26.941
1997,6,15,27.005,27.005
1997,6,16,28.905,28.905
1997,6,17,29.239,29.239
1997,6,18,28.388,28.388
1997,6,19,30.853,30.853
1997,6,20,32.785,32.785
1997,6,21,33.287,33.287
1997,6,22,34.013,34.013
1997,6,23,33.822,33.822
1997,6,24,32.834,32.834
1997,6,25,33.675,33.675
1997,6,26,34.125,34.125
1997,6,27,36.701,36.701
1997,6,28,35.631,35.631
1997,6,29,35.293,35.293
1997,6,30,36.715,36.715
1997,7,1,36.257,36.257
1997,7,2,37.469,37.469
1997,7,3,35.443,35.443
1997,7,4,34.446,34.446
1997,7,5,30.884,30.884
1997,7,6,34.299,34.299
1997,7,7,34.086,34.086
1997,7,8,36.017,36.017
1997,7,9,37.275,37.275
1997,7,10,35.075,35.075
1997,7,11,32.599,32.599
1997,7,12,32.095,32.095
1997,7,13,31.562,31.562
1997,7,14,32.057,32.057
1997,7,15,31.984,31.984
1997,7,16,33.926,33.926
1997,7,17,37.024,37.024
1997,7,18,37.198,37.198
1997,7,19,36.419,36.419
1997,7,20,36.212,36.212
1997,7,21,31.075,31.075
1997,7,22,30.334,30.334
1997,7,23,31.58,31.58
1997,7,24,29.135,29.135
1997,7,25,28.584,28.584
1997,7,26,32.92,32.92
1997,7,27,36.978,36.978
1997,7,28,36.788,36.788
1997,7,29,34.785,34.785
1997,7,30,31.655,31.655
1997,7,31,30.91,30.91
1997,8,1,31.615,31.615
1997,8,2,33.854,33.854
1997,8,3,36.275,36.275
1997,8,4,36.181,36.181
1997,8,5,37.423,37.423
1997,8,6,37.136,37.136
1997,8,7,37.572,37.572
1997,8,8,37.672,37.672
1997,8,9,36.027,36.027
1997,8,10,35.878,35.878
1997,8,11,36.588,36.588
1997,8,12,36.674,36.674
1997,8,13,35.831,35.831
1997,8,14,35.162,35.162
1997,8,15,35.7,35.7
1997,8,16,34.951,34.951
1997,8,17,36.954,36.954
1997,8,18,38.159,38.159
1997,8,19,37.151,37.151
1997,8,20,36.337,36.337
1997,8,21,36.904,36.904
1997,8,22,33.742,33.742
1997,8,23,33.681,33.681
1997,8,24,34.91,34.91
1997,8,25,34.104,34.104
1997,8,26,33.078,33.078
1997,8,27,31.18,31.18
1997,8,28,30.566,30.566
1997,8,29,29.881,29.881
1997,8,30,29.625,29.625
1997,8,31,29.59,29.59
1997,9,1,26.114,26.114
1997,9,2,29.505,29.505
1997,9,3,26.735,26.735
1997,9,4,34.633,34.633
1997,9,5,38.526,38.526
1997,9,6,40.246,40.246
1997,9,7,39.332,39.332
1997,9,8,37.121,37.121
1997,9,9,36.649,36.649
1997,9,10,39.002,39.002
1997,9,11,38.914,38.914
1997,9,12,40.469,40.469
1997,9,13,36.864,36.864
1997,9,14,35.632,35.632
1997,9,15,35.793,35.793
1997,9,16,34.958,34.958
1997,9,17,34.191,34.191
1997,9,18,27.653,27.653
1997,9,19,25.124,25.124
1997,9,20,27.836,27.836
1997,9,21,26.598,26.598
1997,9,22,26.234,26.234
1997,9,23,21.562,21.562
1997,9,24,21.221,21.221
1997,9,25,19.027,19.027
1997,9,26,19.688,19.688
1997,9,27,22.988,22.988
1997,9,28,28.203,28.203
1997,9,29,30.205,30.205
1997,9,30,30.8,30.8
1997,10,1,29.918,29.918
1997,10,2,26.586,26.586
1997,10,3,25.424,25.424
1997,10,4,26.243,26.243
1997,10,5,30.881,30.881
1997,10,6,30.349,30.349
1997,10,7,30.208,30.208
1997,10,8,29.146,29.146
1997,10,9,30.148,30.148
1997,10,10,31.08,31.08
1997,10,11,30.09,30.09
1997,10,12,25.405,25.405
1997,10,13,17.254,17.254
1997,10,14,20.815,20.815
1997,10,15,22.093,22.093
1997,10,16,21.227,21.227
1997,10,17,22.105,22.105
1997,10,18,22.353,22.353
1997,10,19,21.629,21.629
1997,10,20,19.172,19.172
1997,10,21,19.455,19.455
1997,10,22,17.394,17.394
1997,10,23,16.395,16.395
1997,10,24,19.027,19.027
1997,10,25,20.911,20.911
1997,10,26,21.983,21.983
1997,10,27,24.358,24.358
1997,10,28,22.838,22.838
1997,10,29,24.095,24.095
1997,10,30,22.476,22.476
1997,10,31,21.309,21.309
1997,11,1,19.195,19.195
1997,11,2,18.197,18.197
1997,11,3,18.761,18.761
1997,11,4,16.487,16.487
1997,11,5,15.677,15.677
1997,11,6,17.474,17.474
1997,11,7,19.187,19.187
1997,11,8,17.24,17.24
1997,11,9,17.584,17.584
1997,11,10,12.787,12.787
1997,11,11,11.492,11.492
1997,11,12,12.061,12.061
1997,11,13,10.544,10.544
1997,11,14,10.942,10.942
1997,11,15,13.171,13.171
1997,11,16,11.375,11.375
1997,11,17,12.345,12.345
1997,11,18,14.903,14.903
1997,11,19,15.113,15.113
1997,11,20,16.179,16.179
1997,11,21,16.091,16.091
1997,11,22,16.002,16.002
1997,11,23,17.96,17.96
1997,11,24,21.042,21.042
1997,11,25,20.849,20.849
1997,11,26,22.489,22.489
1997,11,27,19.005,19.005
1997,11,28,17.354,17.354
1997,11,29,12.594,12.594
1997,11,30,10.746,10.746
1997,12,1,10.194,10.194
1997,12,2,8.848,8.848
1997,12,3,6.746,6.746
1997,12,4,9.983,9.983
1997,12,5,13.3,13.3
1997,12,6,16.203,16.203
1997,12,7,14.319,14.319
1997,12,8,13.673,13.673
1997,12,9,10.34,10.34
1997,12,10,7.003,7.003
1997,12,11,9.119,9.119
1997,12,12,9.123,9.123
1997,12,13,10.17,10.17
1997,12,14,10.056,10.056
1997,12,15,9.124,9.124
1997,12,16,8.126,8.126
1997,12,17,7.765,7.765
1997,12,18,6.452,6.452
1997,12,19,6.457,6.457
1997,12,20,9.389,9.389
1997,12,21,8.116,8.116
1997,12,22,8.701,8.701
1997,12,23,10.105,10.105
1997,12,24,8.713,8.713
1997,12,25,10.383,10.383
1997,12,26,8.325,8.325
1997,12,27,7.07,7.07
1997,12,28,5.723,5.723
1997,12,29,8.303,8.303
1997,12,30,4.051,4.051
1997,12,31,7.704,7.704
1998,1,1,6.819,6.819
1998,1,2,5.317,5.317
1998,1,3,4.94,4.94
1998,1,4,7.78,7.78
1998,1,5,11.347,11.347
1998,1,6,11.173,11.173
1998,1,7,14.316,14.316
1998,1,8,13.337,13.337
1998,1,9,12.334,12.334
1998,1,10,15.763,15.763
1998,1,11,12.7,12.7
1998,1,12,14.826,14.826
1998,1,13,13.376,13.376
1998,1,14,14.714,14.714
1998,1,15,12.089,12.089
1998,1,16,11.748,11.748
1998,1,17,13.632,13.632
1998,1,18,14.498,14.498
1998,1,19,14.136,14.136
1998,1,20,14.859,14.859
1998,1,21,18.281,18.281
1998,1,22,15.582,15.582
1998,1,23,14.75,14.75
1998,1,24,12.376,12.376
1998,1,25,11.626,11.626
1998,1,26,10.643,10.643
1998,1,27,13.076,13.076
1998,1,28,10.362,10.362
1998,1,29,11.712,11.712
1998,1,30,7.928,7.928
1998,1,31,4.675,4.675
1998,2,1,10.328,10.328
1998,2,2,14.477,14.477
1998,2,3,13.16,13.16
1998,2,4,14.272,14.272
1998,2,5,10.14,10.14
1998,2,6,7.884,7.884
1998,2,7,6.587,6.587
1998,2,8,11.316,11.316
1998,2,9,14.177,14.177
1998,2,10,16.143,16.143
1998,2,11,14.306,14.306
1998,2,12,14.364,14.364
1998,2,13,11.904,11.904
1998,2,14,12.732,12.732
1998,2,15,13.889,13.889
1998,2,16,16.426,16.426
1998,2,17,15.777,15.777
1998,2,18,16.401,16.401
1998,2,19,16.692,16.692
1998,2,20,17.269,17.269
1998,2,21,18.506,18.506
1998,2,22,20.326,20.326
1998,2,23,22.448,22.448
1998,2,24,11.758,11.758
1998,2,25,11.974,11.974
1998,2,26,10.889,10.889
1998,2,27,15.604,15.604
1998,2,28,14.86,14.86
1998,3,1,14.436,14.436
1998,3,2,15.479,15.479
1998,3,3,14.498,14.498
1998,3,4,14.16,14.16
1998,3,5,9.293,9.293
1998,3,6,9.416,9.416
1998,3,7,8.199,8.199
1998,3,8,9.968,9.968
1998,3,9,9.647,9.647
1998,3,10,7.33,7.33
1998,3,11,7.565,7.565
1998,3,12,8.94,8.94
1998,3,13,9.221,9.221
1998,3,14,11.031,11.031
1998,3,15,16.381,16.381
1998,3,16,14.893,14.893
1998,3,17,19.788,19.788
1998,3,18,19.169,19.169
1998,3,19,21.086,21.086
1998,3,20,17.884,17.884
1998,3,21,15.988,15.988
1998,3,22,13.931,13.931
1998,3,23,16.898,16.898
1998,3,24,20.664,20.664
1998,3,25,17.977,17.977
1998,3,26,18.245,18.245
1998,3,27,18.576,18.576
1998,3,28,18.22,18.22
1998,3,29,14.903,14.903
1998,3,30,10.985,10.985
1998,3,31,15.91,15.91
1998,4,1,16.35,16.35
1998,4,2,17.557,17.557
1998,4,3,18.194,18.194
1998,4,4,19.072,19.072
1998,4,5,16.222,16.222
1998,4,6,16.255,16.255
1998,4,7,17.597,17.597
1998,4,8,15.86,15.86
1998,4,9,14.276,14.276
1998,4,10,18.823,18.823
1998,4,11,20.405,20.405
1998,4,12,26.398,26.398
1998,4,13,24.035,24.035
1998,4,14,21.298,21.298
1998,4,15,17.133,17.133
1998,4,16,16.856,16.856
1998,4,17,23.507,23.507
1998,4,18,23.508,23.508
1998,4,19,25.868,25.868
1998,4,20,24.652,24.652
1998,4,21,21.594,21.594
1998,4,22,19.477,19.477
1998,4,23,19.267,19.267
1998,4,24,18.743,18.743
1998,4,25,16.951,16.951
1998,4,26,13.073,13.073
1998,4,27,22.353,22.353
1998,4,28,26.627,26.627
1998,4,29,27.607,27.607
1998,4,30,24.747,24.747
1998,5,1,26.426,26.426
1998,5,2,25.314,25.314
1998,5,3,22.242,22.242
1998,5,4,14.683,14.683
1998,5,5,17.624,17.624
1998,5,6,20.876,20.876
1998,5,7,17.544,17.544
1998,5,8,17.823,17.823
1998,5,9,23.113,23.113
1998,5,10,23.389,23.389
1998,5,11,22.524,22.524
1998,5,12,22.83,22.83
1998,5,13,23.507,23.507
1998,5,14,25.785,25.785
1998,5,15,28.266,28.266
1998,5,16,30.623,30.623
1998,5,17,31.608,31.608
1998,5,18,31.724,31.724
1998,5,19,32.206,32.206
1998,5,20,33.07,33.07
1998,5,21,33.757,33.757
1998,5,22,33.386,33.386
1998,5,23,33.097,33.097
1998,5,24,32.578,32.578
1998,5,25,30.564,30.564
1998,5,26,24.696,24.696
1998,5,27,27.879,27.879
1998,5,28,31.799,31.799
1998,5,29,33.111,33.111
1998,5,30,35.389,35.389
1998,5,31,36.098,36.098
1998,6,1,37.577,37.577
1998,6,2,34.965,34.965
1998,6,3,30.78,30.78
1998,6,4,30.792,30.792
1998,6,5,31.614,31.614
1998,6,6,29.822,29.822
1998,6,7,33.262,33.262
1998,6,8,35.458,35.458
1998,6,9,32.755,32.755
1998,6,10,29.056,29.056
1998,6,11,32.109,32.109
1998,6,12,33.312,33.312
1998,6,13,34.186,34.186
1998,6,14,33.861,33.861
1998,6,15,29.542,29.542
1998,6,16,23.976,23.976
1998,6,17,24.896,24.896
1998,6,18,23.331,23.331
1998,6,19,25.895,25.895
1998,6,20,28.94,28.94
1998,6,21,30.892,30.892
1998,6,22,30.931,30.931
1998,6,23,31.366,31.366
1998,6,24,30.694,30.694
1998,6,25,34.054,34.054
1998,6,26,35.076,35.076
1998,6,27,36.145,36.145
1998,6,28,36.337,36.337
1998,6,29,35.488,35.488
1998,6,30,33.453,33.453
1998,7,1,31.689,31.689
1998,7,2,33.819,33.819
1998,7,3,32.229,32.229
1998,7,4,29.895,29.895
1998,7,5,28.381,28.381
1998,7,6,25.562,25.562
1998,7,7,24.389,24.389
1998,7,8,24.019,24.019
1998,7,9,25.592,25.592
1998,7,10,30.524,30.524
1998,7,11,31.189,31.189
1998,7,12,30.517,30.517
1998,7,13,32.396,32.396
1998,7,14,32.2,32.2
1998,7,15,31.865,31.865
1998,7,16,31.444,31.444
1998,7,17,29.152,29.152
1998,7,18,30.255,30.255
1998,7,19,31.246,31.246
1998,7,20,34.672,34.672
1998,7,21,33.961,33.961
1998,7,22,33.047,33.047
1998,7,23,32.334,32.334
1998,7,24,34.019,34.019
1998,7,25,31.173,31.173
1998,7,26,29.145,29.145
1998,7,27,26.644,26.644
1998,7,28,29.115,29.115
1998,7,29,30.072,30.072
1998,7,30,31.108,31.108
1998,7,31,34.616,34.616
1998,8,1,36.646,36.646
1998,8,2,38.276,38.276
1998,8,3,39.042,39.042
1998,8,4,36.505,36.505
1998,8,5,32.323,32.323
1998,8,6,32.739,32.739
1998,8,7,36.458,36.458
1998,8,8,37.602,37.602
1998,8,9,36.19,36.19
1998,8,10,36.196,36.196
1998,8,11,36.336,36.336
1998,8,12,35.501,35.501
1998,8,13,34.896,34.896
1998,8,14,32.848,32.848
1998,8,15,31.533,31.533
1998,8,16,29.892,29.892
1998,8,17,32.818,32.818
1998,8,18,35.775,35.775
1998,8,19,36.911,36.911
1998,8,20,35.181,35.181
1998,8,21,34.939,34.939
1998,8,22,32.517,32.517
1998,8,23,26.259,26.259
1998,8,24,28.834,28.834
1998,8,25,32.121,32.121
1998,8,26,33.388,33.388
1998,8,27,34.966,34.966
1998,8,28,33.471,33.471
1998,8,29,33.717,33.717
1998,8,30,34.682,34.682
1998,8,31,34.13,34.13
1998,9,1,34.124,34.124
1998,9,2,35.522,35.522
1998,9,3,34.849,34.849
1998,9,4,32.691,32.691
1998,9,5,30.455,30.455
1998,9,6,29.468,29.468
1998,9,7,32.8,32.8
1998,9,8,31.608,31.608
1998,9,9,31.91,31.91
1998,9,10,32.933,32.933
1998,9,11,30.789,30.789
1998,9,12,34.264,34.264
1998,9,13,37.336,37.336
1998,9,14,37.263,37.263
1998,9,15,37.17,37.17
1998,9,16,35.719,35.719
1998,9,17,33.417,33.417
1998,9,18,29.443,29.443
1998,9,19,23.041,23.041
1998,9,20,28.382,28.382
1998,9,21,32.475,32.475
1998,9,22,34.057,34.057
1998,9,23,33.593,33.593
1998,9,24,34.518,34.518
1998,9,25,33.057,33.057
1998,9,26,30.293,30.293
1998,9,27,25.737,25.737
1998,9,28,22.621,22.621
1998,9,29,25.344,25.344
1998,9,30,28.743,28.743
1998,10,1,30.918,30.918
1998,10,2,32.091,32.091
1998,10,3,32.335,32.335
1998,10,4,33.856,33.856
1998,10,5,25.94,25.94
1998,10,6,23.49,23.49
1998,10,7,26.761,26.761
1998,10,8,26.634,26.634
1998,10,9,29.422,29.422
1998,10,10,26.251,26.251
1998,10,11,22.306,22.306
1998,10,12,25.867,25.867
1998,10,13,24.212,24.212
1998,10,14,18.785,18.785
1998,10,15,15.433,15.433
1998,10,16,16.866,16.866
1998,10,17,16.974,16.974
1998,10,18,20.977,20.977
1998,10,19,23.2,23.2
1998,10,20,20.116,20.116
1998,10,21,15.511,15.511
1998,10,22,17.544,17.544
1998,10,23,18.511,18.511
1998,10,24,15.292,15.292
1998,10,25,22.412,22.412
1998,10,26,20.84,20.84
1998,10,27,23.079,23.079
1998,10,28,21.355,21.355
1998,10,29,16.701,16.701
1998,10,30,18.134,18.134
1998,10,31,19.701,19.701
1998,11,1,19.545,19.545
1998,11,2,19.013,19.013
1998,11,3,15.732,15.732
1998,11,4,19.316,19.316
1998,11,5,18.035,18.035
1998,11,6,20.407,20.407
1998,11,7,24.367,24.367
1998,11,8,24.873,24.873
1998,11,9,29.392,29.392
1998,11,10,25.806,25.806
1998,11,11,25.139,25.139
1998,11,12,24.7,24.7
1998,11,13,28.688,28.688
1998,11,14,25.186,25.186
1998,11,15,26.987,26.987
1998,11,16,22.857,22.857
1998,11,17,21.492,21.492
1998,11,18,18.112,18.112
1998,11,19,17.911,17.911
1998,11,20,14.085,14.085
1998,11,21,14.245,14.245
1998,11,22,12.819,12.819
1998,11,23,12.682,12.682
1998,11,24,20.394,20.394
1998,11,25,18.839,18.839
1998,11,26,20.979,20.979
1998,11,27,19.591,19.591
1998,11,28,17.755,17.755
1998,11,29,16.843,16.843
1998,11,30,16.525,16.525
1998,12,1,13.267,13.267
1998,12,2,14.425,14.425
1998,12,3,14.708,14.708
1998,12,4,14.728,14.728
1998,12,5,16.497,16.497
1998,12,6,14.52,14.52
1998,12,7,15.164,15.164
1998,12,8,13.74,13.74
1998,12,9,11.808,11.808
1998,12,10,15.245,15.245
1998,12,11,14.807,14.807
1998,12,12,11.59,11.59
1998,12,13,9.463,9.463
1998,12,14,11.904,11.904
1998,12,15,11.394,11.394
1998,12,16,11.656,11.656
1998,12,17,13.279,13.279
1998,12,18,13.047,13.047
1998,12,19,14.803,14.803
1998,12,20,13.801,13.801
1998,12,21,14.107,14.107
1998,12,22,13.133,13.133
1998,12,23,11.07,11.07
1998,12,24,13.818,13.818
1998,12,25,15.882,15.882
1998,12,26,13.072,13.072
1998,12,27,10.854,10.854
1998,12,28,9.851,9.851
1998,12,29,13.351,13.351
1998,12,30,15.048,15.048
1998,12,31,16.15,16.15
1999,1,1,14.483,14.483
1999,1,2,14.392,14.392
1999,1,3,13.677,13.677
1999,1,4,13.48,13.48
1999,1,5,11.072,11.072
1999,1,6,11.625,11.625
1999,1,7,11.794,11.794
1999,1,8,12.163,12.163
1999,1,9,12.898,12.898
1999,1,10,14.447,14.447
1999,1,11,13.856,13.856
1999,1,12,15.642,15.642
1999,1,13,15.599,15.599
1999,1,14,9.215,9.215
1999,1,15,8.614,8.614
1999,1,16,10.077,10.077
1999,1,17,11.994,11.994
1999,1,18,12.855,12.855
1999,1,19,12.12,12.12
1999,1,20,11.287,11.287
1999,1,21,10.822,10.822
1999,1,22,14.176,14.176
1999,1,23,13.733,13.733
1999,1,24,13.896,13.896
1999,1,25,13.547,13.547
1999,1,26,13.243,13.243
1999,1,27,11.392,11.392
1999,1,28,9.517,9.517
1999,1,29,11.633,11.633
1999,1,30,16.138,16.138
1999,1,31,13.069,13.069
1999,2,1,13.317,13.317
1999,2,2,15.927,15.927
1999,2,3,15.198,15.198
1999,2,4,16.918,16.918
1999,2,5,13.637,13.637
1999,2,6,15.311,15.311
1999,2,7,15.369,15.369
1999,2,8,15.83,15.83
1999,2,9,14.109,14.109
1999,2,10,14.737,14.737
1999,2,11,18.323,18.323
1999,2,12,20.351,20.351
1999,2,13,20.579,20.579
1999,2,14,17.382,17.382
1999,2,15,16.334,16.334
1999,2,16,10.183,10.183
1999,2,17,5.08,5.08
1999,2,18,7.098,7.098
1999,2,19,8.826,8.826
1999,2,20,10.846,10.846
1999,2,21,14.518,14.518
1999,2,22,17.769,17.769
1999,2,23,20.075,20.075
1999,2,24,21.793,21.793
1999,2,25,19.82,19.82
1999,2,26,19.309,19.309
1999,2,27,18.831,18.831
1999,2,28,16.334,16.334
1999,3,1,8.508,8.508
1999,3,2,6.094,6.094
1999,3,3,9.19,9.19
1999,3,4,9.266,9.266
1999,3,5,11.823,11.823
1999,3,6,12.902,12.902
1999,3,7,14.178,14.178
1999,3,8,14.212,14.212
1999,3,9,18.105,18.105
1999,3,10,19.135,19.135
1999,3,11,18.26,18.26
1999,3,12,11.726,11.726
1999,3,13,9.394,9.394
1999,3,14,10.487,10.487
1999,3,15,13.519,13.519
1999,3,16,16.606,16.606
1999,3,17,18.499,18.499
1999,3,18,18.096,18.096
1999,3,19,18.324,18.324
1999,3,20,20.81,20.81
1999,3,21,21.999,21.999
1999,3,22,18.94,18.94
1999,3,23,19.226,19.226
1999,3,24,20.94,20.94
1999,3,25,18.615,18.615
1999,3,26,23.022,23.022
1999,3,27,23.487,23.487
1999,3,28,17.23,17.23
1999,3,29,11.424,11.424
1999,3,30,13.304,13.304
1999,3,31,16.327,16.327
1999,4,1,21.582,21.582
1999,4,2,23.176,23.176
1999,4,3,23.349,23.349
1999,4,4,20.612,20.612
1999,4,5,24.11,24.11
1999,4,6,28.236,28.236
1999,4,7,27.376,27.376
1999,4,8,24.669,24.669
1999,4,9,21.138,21.138
1999,4,10,21.237,21.237
1999,4,11,22.475,22.475
1999,4,12,22.048,22.048
1999,4,13,22.995,22.995
1999,4,14,21.317,21.317
1999,4,15,25.272,25.272
1999,4,16,26.642,26.642
1999,4,17,25.784,25.784
1999,4,18,24.894,24.894
1999,4,19,25.254,25.254
1999,4,20,24.585,24.585
1999,4,21,24.329,24.329
1999,4,22,20.913,20.913
1999,4,23,20.482,20.482
1999,4,24,20.654,20.654
1999,4,25,22.351,22.351
1999,4,26,23.589,23.589
1999,4,27,23.344,23.344
1999,4,28,23.498,23.498
1999,4,29,22.286,22.286
1999,4,30,21.292,21.292
1999,5,1,28.655,28.655
1999,5,2,27.315,27.315
1999,5,3,27.865,27.865
1999,5,4,21.292,21.292
1999,5,5,20.356,20.356
1999,5,6,24.198,24.198
1999,5,7,27.537,27.537
1999,5,8,27.773,27.773
1999,5,9,26.423,26.423
1999,5,10,25.703,25.703
1999,5,11,26.476,26.476
1999,5,12,25.998,25.998
1999,5,13,25.042,25.042
1999,5,14,23.811,23.811
1999,5,15,20.709,20.709
1999,5,16,18.085,18.085
1999,5,17,16.506,16.506
1999,5,18,17.048,17.048
1999,5,19,22.262,22.262
1999,5,20,22.545,22.545
1999,5,21,22.051,22.051
1999,5,22,19.379,19.379
1999,5,23,21.597,21.597
1999,5,24,18.679,18.679
1999,5,25,17.275,17.275
1999,5,26,16.533,16.533
1999,5,27,23.176,23.176
1999,5,28,24.215,24.215
1999,5,29,21.937,21.937
1999,5,30,22.366,22.366
1999,5,31,21.768,21.768
1999,6,1,22.98,22.98
1999,6,2,24.412,24.412
1999,6,3,24.436,24.436
1999,6,4,26.993,26.993
1999,6,5,25.189,25.189
1999,6,6,27.483,27.483
1999,6,7,31.411,31.411
1999,6,8,34.057,34.057
1999,6,9,33.706,33.706
1999,6,10,32.346,32.346
1999,6,11,31.765,31.765
1999,6,12,33.555,33.555
1999,6,13,36.036,36.036
1999,6,14,38.67,38.67
1999,6,15,40.193,40.193
1999,6,16,39.935,39.935
1999,6,17,37.991,37.991
1999,6,18,34.33,34.33
1999,6,19,33.511,33.511
1999,6,20,33.375,33.375
1999,6,21,33.362,33.362
1999,6,22,33.607,33.607
1999,6,23,35.165,35.165
1999,6,24,33.324,33.324
1999,6,25,35.326,35.326
1999,6,26,35.334,35.334
1999,6,27,34.169,34.169
1999,6,28,31.824,31.824
1999,6,29,32.548,32.548
1999,6,30,29.948,29.948
1999,7,1,32.487,32.487
1999,7,2,33.619,33.619
1999,7,3,33.196,33.196
1999,7,4,32.347,32.347
1999,7,5,36.213,36.213
1999,7,6,35.768,35.768
1999,7,7,37.162,37.162
1999,7,8,37.091,37.091
1999,7,9,37.4,37.4
1999,7,10,36.377,36.377
1999,7,11,37.115,37.115
1999,7,12,35.612,35.612
1999,7,13,31.422,31.422
1999,7,14,32.104,32.104
1999,7,15,34.165,34.165
1999,7,16,33.542,33.542
1999,7,17,34.446,34.446
1999,7,18,33.549,33.549
1999,7,19,33.363,33.363
1999,7,20,34.146,34.146
1999,7,21,33.962,33.962
1999,7,22,32.342,32.342
1999,7,23,32.167,32.167
1999,7,24,36.843,36.843
1999,7,25,39.517,39.517
1999,7,26,40.044,40.044
1999,7,27,38.94,38.94
1999,7,28,37.794,37.794
1999,7,29,40.179,40.179
1999,7,30,39.67,39.67
1999,7,31,40.631,40.631
1999,8,1,38.082,38.082
1999,8,2,35.056,35.056
1999,8,3,32.472,32.472
1999,8,4,30.558,30.558
1999,8,5,32.382,32.382
1999,8,6,36.425,36.425
1999,8,7,39.373,39.373
1999,8,8,38.47,38.47
1999,8,9,39.391,39.391
1999,8,10,39.099,39.099
1999,8,11,37.296,37.296
1999,8,12,35.713,35.713
1999,8,13,34.533,34.533
1999,8,14,34.497,34.497
1999,8,15,33.709,33.709
1999,8,16,32.462,32.462
1999,8,17,32.189,32.189
1999,8,18,31.793,31.793
1999,8,19,28.522,28.522
1999,8,20,27.978,27.978
1999,8,21,26.439,26.439
1999,8,22,25.713,25.713
1999,8,23,26.043,26.043
1999,8,24,27.585,27.585
1999,8,25,28.158,28.158
1999,8,26,24.86,24.86
1999,8,27,30.245,30.245
1999,8,28,28.259,28.259
1999,8,29,31.178,31.178
1999,8,30,27.132,27.132
1999,8,31,30.351,30.351
1999,9,1,32.011,32.011
1999,9,2,34.723,34.723
1999,9,3,34.605,34.605
1999,9,4,30.371,30.371
1999,9,5,25.583,25.583
1999,9,6,28.471,28.471
1999,9,7,28.934,28.934
1999,9,8,25.042,25.042
1999,9,9,22.735,22.735
1999,9,10,22.771,22.771
1999,9,11,30.574,30.574
1999,9,12,34.027,34.027
1999,9,13,31.673,31.673
1999,9,14,31.024,31.024
1999,9,15,32.118,32.118
1999,9,16,34.815,34.815
1999,9,17,35.347,35.347
1999,9,18,34.201,34.201
1999,9,19,31.604,31.604
1999,9,20,31.694,31.694
1999,9,21,32.165,32.165
1999,9,22,34.015,34.015
1999,9,23,34.612,34.612
1999,9,24,28.89,28.89
1999,9,25,28.829,28.829
1999,9,26,27.182,27.182
1999,9,27,25.967,25.967
1999,9,28,23.881,23.881
1999,9,29,26.148,26.148
1999,9,30,28.812,28.812
1999,10,1,31.012,31.012
1999,10,2,23.229,23.229
1999,10,3,20.652,20.652
1999,10,4,23.704,23.704
1999,10,5,27.203,27.203
1999,10,6,31.741,31.741
1999,10,7,31.86,31.86
1999,10,8,31.95,31.95
1999,10,9,33.205,33.205
1999,10,10,32.547,32.547
1999,10,11,32.972,32.972
1999,10,12,34.635,34.635
1999,10,13,35.049,35.049
1999,10,14,33.154,33.154
1999,10,15,32.783,32.783
1999,10,16,30.182,30.182
1999,10,17,28.066,28.066
1999,10,18,26.664,26.664
1999,10,19,24.674,24.674
1999,10,20,25.484,25.484
1999,10,21,25.437,25.437
1999,10,22,23.322,23.322
1999,10,23,22.889,22.889
1999,10,24,21.752,21.752
1999,10,25,19.85,19.85
1999,10,26,20.745,20.745
1999,10,27,22.928,22.928
1999,10,28,24.992,24.992
1999,10,29,21.905,21.905
1999,10,30,21.176,21.176
1999,10,31,21.929,21.929
1999,11,1,18.914,18.914
1999,11,2,16.909,16.909
1999,11,3,20.047,20.047
1999,11,4,19.398,19.398
1999,11,5,20.18,20.18
1999,11,6,18.33,18.33
1999,11,7,18.952,18.952
1999,11,8,19.421,19.421
1999,11,9,17.709,17.709
1999,11,10,16.736,16.736
1999,11,11,17.225,17.225
1999,11,12,16.152,16.152
1999,11,13,18.435,18.435
1999,11,14,17.463,17.463
1999,11,15,15.927,15.927
1999,11,16,18.313,18.313
1999,11,17,20.725,20.725
1999,11,18,22.687,22.687
1999,11,19,24.2,24.2
1999,11,20,24.679,24.679
1999,11,21,24.519,24.519
1999,11,22,22.388,22.388
1999,11,23,21.651,21.651
1999,11,24,19.728,19.728
1999,11,25,17.53,17.53
1999,11,26,19.163,19.163
1999,11,27,20.083,20.083
1999,11,28,19.019,19.019
1999,11,29,19.699,19.699
1999,11,30,17.826,17.826
1999,12,1,18.703,18.703
1999,12,2,19.89,19.89
1999,12,3,18.573,18.573
1999,12,4,18.991,18.991
1999,12,5,17.076,17.076
1999,12,6,13.579,13.579
1999,12,7,13.55,13.55
1999,12,8,15.165,15.165
1999,12,9,12.879,12.879
1999,12,10,12.21,12.21
1999,12,11,15.592,15.592
1999,12,12,15.599,15.599
1999,12,13,13.261,13.261
1999,12,14,12.623,12.623
1999,12,15,11.786,11.786
1999,12,16,10.722,10.722
1999,12,17,11.105,11.105
1999,12,18,10.508,10.508
1999,12,19,10.966,10.966
1999,12,20,11.272,11.272
1999,12,21,10.342,10.342
1999,12,22,9.334,9.334
1999,12,23,7.725,7.725
1999,12,24,14.005,14.005
1999,12,25,14.218,14.218
1999,12,26,14.503,14.503
1999,12,27,11.341,11.341
1999,12,28,11.513,11.513
1999,12,29,10.487,10.487
1999,12,30,8.936,8.936
1999,12,31,10.897,10.897
2000,1,1,10.135,10.135
2000,1,2,8.903,8.903
2000,1,3,8.969,8.969
2000,1,4,9.153,9.153
2000,1,5,8.908,8.908
2000,1,6,12.625,12.625
2000,1,7,13.567,13.567
2000,1,8,14.223,14.223
2000,1,9,15.137,15.137
2000,1,10,16.64,16.64
2000,1,11,17.73,17.73
2000,1,12,14.124,14.124
2000,1,13,12.772,12.772
2000,1,14,13.184,13.184
2000,1,15,13.503,13.503
2000,1,16,13.599,13.599
2000,1,17,14.676,14.676
2000,1,18,14.88,14.88
2000,1,19,12.546,12.546
2000,1,20,12.844,12.844
2000,1,21,14.087,14.087
2000,1,22,13.34,13.34
2000,1,23,12.923,12.923
2000,1,24,13.544,13.544
2000,1,25,13.017,13.017
2000,1,26,11.184,11.184
2000,1,27,13.746,13.746
2000,1,28,17.608,17.608
2000,1,29,19.027,19.027
2000,1,30,17.491,17.491
2000,1,31,19.112,19.112
2000,2,1,12.926,12.926
2000,2,2,14.521,14.521
2000,2,3,11.092,11.092
2000,2,4,14.636,14.636
2000,2,5,14.59,14.59
2000,2,6,13.443,13.443
2000,2,7,13.265,13.265
2000,2,8,13.878,13.878
2000,2,9,14.757,14.757
2000,2,10,14.875,14.875
2000,2,11,12.913,12.913
2000,2,12,11.832,11.832
2000,2,13,12.764,12.764
2000,2,14,11.287,11.287
2000,2,15,11.565,11.565
2000,2,16,11.006,11.006
2000,2,17,12.812,12.812
2000,2,18,11.482,11.482
2000,2,19,12.216,12.216
2000,2,20,9.903,9.903
2000,2,21,10.665,10.665
2000,2,22,11.409,11.409
2000,2,23,12.113,12.113
2000,2,24,14.222,14.222
2000,2,25,13.17,13.17
2000,2,26,12.011,12.011
2000,2,27,14.787,14.787
2000,2,28,15.213,15.213
2000,2,29,15.583,15.583
2000,3,1,15.248,15.248
2000,3,2,15.761,15.761
2000,3,3,13.07,13.07
2000,3,4,15.284,15.284
2000,3,5,14.625,14.625
2000,3,6,14.69,14.69
2000,3,7,15.717,15.717
2000,3,8,15.41,15.41
2000,3,9,14.885,14.885
2000,3,10,16.253,16.253
2000,3,11,18.055,18.055
2000,3,12,17.403,17.403
2000,3,13,15.159,15.159
2000,3,14,12.248,12.248
2000,3,15,13.049,13.049
2000,3,16,15.614,15.614
2000,3,17,19.788,19.788
2000,3,18,18.03,18.03
2000,3,19,16.436,16.436
2000,3,20,18.608,18.608
2000,3,21,18.528,18.528
2000,3,22,15.718,15.718
2000,3,23,15.568,15.568
2000,3,24,21.116,21.116
2000,3,25,22.644,22.644
2000,3,26,23.675,23.675
2000,3,27,19.266,19.266
2000,3,28,16.332,16.332
2000,3,29,13.059,13.059
2000,3,30,13.646,13.646
2000,3,31,13.066,13.066
2000,4,1,13.924,13.924
2000,4,2,17.942,17.942
2000,4,3,23.039,23.039
2000,4,4,23.477,23.477
2000,4,5,23.931,23.931
2000,4,6,17.804,17.804
2000,4,7,18.572,18.572
2000,4,8,18.789,18.789
2000,4,9,16.365,16.365
2000,4,10,17.787,17.787
2000,4,11,15.898,15.898
2000,4,12,17.08,17.08
2000,4,13,20.1,20.1
2000,4,14,18.931,18.931
2000,4,15,14.842,14.842
2000,4,16,12.39,12.39
2000,4,17,14.465,14.465
2000,4,18,17.905,17.905
2000,4,19,16.53,16.53
2000,4,20,13.75,13.75
2000,4,21,19.701,19.701
2000,4,22,20.82,20.82
2000,4,23,19.178,19.178
2000,4,24,18.79,18.79
2000,4,25,21.527,21.527
2000,4,26,23.893,23.893
2000,4,27,18.652,18.652
2000,4,28,15.473,15.473
2000,4,29,19.848,19.848
2000,4,30,20.187,20.187
2000,5,1,20.119,20.119
2000,5,2,18.15,18.15
2000,5,3,26.341,26.341
2000,5,4,27.488,27.488
2000,5,5,26.845,26.845
2000,5,6,20.103,20.103
2000,5,7,21.749,21.749
2000,5,8,23.025,23.025
2000,5,9,26.69,26.69
2000,5,10,27.438,27.438
2000,5,11,28.609,28.609
2000,5,12,25.141,25.141
2000,5,13,25.606,25.606
2000,5,14,23.377,23.377
2000,5,15,20.289,20.289
2000,5,16,16.829,16.829
2000,5,17,19.66,19.66
2000,5,18,21.982,21.982
2000,5,19,24.384,24.384
2000,5,20,27.818,27.818
2000,5,21,29.324,29.324
2000,5,22,31.316,31.316
2000,5,23,29.664,29.664
2000,5,24,27.521,27.521
2000,5,25,29.362,29.362
2000,5,26,28.845,28.845
2000,5,27,25.9,25.9
2000,5,28,21.293,21.293
2000,5,29,16.82,16.82
2000,5,30,22.004,22.004
2000,5,31,19.162,19.162
2000,6,1,17.474,17.474
2000,6,2,19.506,19.506
2000,6,3,20.128,20.128
2000,6,4,18.212,18.212
2000,6,5,15.92,15.92
2000,6,6,23.31,23.31
2000,6,7,23.998,23.998
2000,6,8,24.626,24.626
2000,6,9,25.924,25.924
2000,6,10,25.915,25.915
2000,6,11,25.557,25.557
2000,6,12,26.555,26.555
2000,6,13,31.679,31.679
2000,6,14,34.786,34.786
2000,6,15,36.035,36.035
2000,6,16,40.336,40.336
2000,6,17,38.735,38.735
2000,6,18,33.882,33.882
2000,6,19,28.896,28.896
2000,6,20,23.955,23.955
2000,6,21,21.179,21.179
2000,6,22,25.172,25.172
2000,6,23,25.569,25.569
2000,6,24,27.461,27.461
2000,6,25,30.612,30.612
2000,6,26,31.154,31.154
2000,6,27,31.042,31.042
2000,6,28,30.472,30.472
2000,6,29,30.526,30.526
2000,6,30,30.752,30.752
2000,7,1,35.318,35.318
2000,7,2,36.212,36.212
2000,7,3,36.52,36.52
2000,7,4,35.548,35.548
2000,7,5,35.174,35.174
2000,7,6,36.134,36.134
2000,7,7,37.119,37.119
2000,7,8,38.504,38.504
2000,7,9,37.862,37.862
2000,7,10,37.78,37.78
2000,7,11,37.09,37.09
2000,7,12,37.768,37.768
2000,7,13,35.494,35.494
2000,7,14,34.855,34.855
2000,7,15,35.226,35.226
2000,7,16,34.825,34.825
2000,7,17,37.162,37.162
2000,7,18,37.573,37.573
2000,7,19,35.953,35.953
2000,7,20,36.977,36.977
2000,7,21,38.178,38.178
2000,7,22,35.695,35.695
2000,7,23,34.752,34.752
2000,7,24,34.255,34.255
2000,7,25,33.832,33.832
2000,7,26,35.421,35.421
2000,7,27,38.949,38.949
2000,7,28,39.618,39.618
2000,7,29,38.981,38.981
2000,7,30,37.431,37.431
2000,7,31,31.755,31.755
2000,8,1,31.165,31.165
2000,8,2,33.419,33.419
2000,8,3,35.997,35.997
2000,8,4,36.065,36.065
2000,8,5,34.263,34.263
2000,8,6,35.615,35.615
2000,8,7,32.589,32.589
2000,8,8,31.385,31.385
2000,8,9,30.688,30.688
2000,8,10,30.815,30.815
2000,8,11,30.335,30.335
2000,8,12,32.048,32.048
2000,8,13,35.567,35.567
2000,8,14,36.414,36.414
2000,8,15,36.965,36.965
2000,8,16,35.27,35.27
2000,8,17,31.848,31.848
2000,8,18,28.657,28.657
2000,8,19,29.051,29.051
2000,8,20,31.272,31.272
2000,8,21,33.731,33.731
2000,8,22,33.023,33.023
2000,8,23,32.346,32.346
2000,8,24,31.79,31.79
2000,8,25,31.111,31.111
2000,8,26,30.874,30.874
2000,8,27,32.616,32.616
2000,8,28,31.817,31.817
2000,8,29,35.041,35.041
2000,8,30,31.787,31.787
2000,8,31,34.936,34.936
2000,9,1,32.233,32.233
2000,9,2,35.301,35.301
2000,9,3,31.978,31.978
2000,9,4,31.982,31.982
2000,9,5,26.894,26.894
2000,9,6,25.044,25.044
2000,9,7,24.156,24.156
2000,9,8,25.749,25.749
2000,9,9,26.038,26.038
2000,9,10,29.861,29.861
2000,9,11,32.506,32.506
2000,9,12,35.471,35.471
2000,9,13,34.807,34.807
2000,9,14,34.749,34.749
2000,9,15,34.595,34.595
2000,9,16,34.85,34.85
2000,9,17,33.869,33.869
2000,9,18,35.549,35.549
2000,9,19,33.907,33.907
2000,9,20,35.682,35.682
2000,9,21,35.672,35.672
2000,9,22,33.045,33.045
2000,9,23,33.423,33.423
2000,9,24,31.907,31.907
2000,9,25,27.722,27.722
2000,9,26,30.594,30.594
2000,9,27,31.823,31.823
2000,9,28,29.488,29.488
2000,9,29,26.865,26.865
2000,9,30,26.668,26.668
2000,10,1,27.381,27.381
2000,10,2,29.901,29.901
2000,10,3,28.407,28.407
2000,10,4,26.203,26.203
2000,10,5,26.073,26.073
2000,10,6,19.642,19.642
2000,10,7,18.768,18.768
2000,10,8,22.632,22.632
2000,10,9,22.87,22.87
2000,10,10,19.156,19.156
2000,10,11,22.524,22.524
2000,10,12,25.43,25.43
2000,10,13,24.844,24.844
2000,10,14,26.636,26.636
2000,10,15,26.434,26.434
2000,10,16,25.173,25.173
2000,10,17,19.739,19.739
2000,10,18,14.8,14.8
2000,10,19,14.695,14.695
2000,10,20,18.181,18.181
2000,10,21,17.546,17.546
2000,10,22,20.16,20.16
2000,10,23,20.961,20.961
2000,10,24,22.566,22.566
2000,10,25,25.446,25.446
2000,10,26,24.703,24.703
2000,10,27,24.153,24.153
2000,10,28,21.144,21.144
2000,10,29,17.415,17.415
2000,10,30,17.476,17.476
2000,10,31,20.462,20.462
2000,11,1,22.921,22.921
2000,11,2,22.252,22.252
2000,11,3,22.054,22.054
2000,11,4,22.881,22.881
2000,11,5,22.945,22.945
2000,11,6,20.759,20.759
2000,11,7,19.216,19.216
2000,11,8,20.093,20.093
2000,11,9,12.358,12.358
2000,11,10,15.377,15.377
2000,11,11,13.839,13.839
2000,11,12,12.642,12.642
2000,11,13,10.922,10.922
2000,11,14,13.523,13.523
2000,11,15,14.817,14.817
2000,11,16,11.776,11.776
2000,11,17,10.494,10.494
2000,11,18,10.674,10.674
2000,11,19,11.375,11.375
2000,11,20,11.006,11.006
2000,11,21,12.855,12.855
2000,11,22,15.708,15.708
2000,11,23,15.124,15.124
2000,11,24,13.468,13.468
2000,11,25,15.274,15.274
2000,11,26,15.578,15.578
2000,11,27,14.211,14.211
2000,11,28,15.375,15.375
2000,11,29,18.177,18.177
2000,11,30,14.625,14.625
2000,12,1,15.484,15.484
2000,12,2,12.12,12.12
2000,12,3,12.324,12.324
2000,12,4,11.403,11.403
2000,12,5,15.109,15.109
2000,12,6,15.578,15.578
2000,12,7,15.255,15.255
2000,12,8,13.405,13.405
2000,12,9,14.459,14.459
2000,12,10,12.273,12.273
2000,12,11,17.283,17.283
2000,12,12,13.998,13.998
2000,12,13,10.942,10.942
2000,12,14,9.256,9.256
2000,12,15,10.797,10.797
2000,12,16,13.1,13.1
2000,12,17,8.662,8.662
2000,12,18,7.852,7.852
2000,12,19,8.147,8.147
2000,12,20,5.373,5.373
2000,12,21,7.602,7.602
2000,12,22,8.582,8.582
2000,12,23,11.908,11.908
2000,12,24,10.251,10.251
2000,12,25,9.575,9.575
2000,12,26,12.224,12.224
2000,12,27,11.736,11.736
2000,12,28,13.826,13.826
2000,12,29,15.614,15.614
2000,12,30,16.237,16.237
2000,12,31,15.631,15.631
2001,1,1,13.909,13.909
2001,1,2,13.214,13.214
2001,1,3,15.217,15.217
2001,1,4,15.758,15.758
2001,1,5,15.305,15.305
2001,1,6,15.865,15.865
2001,1,7,14.31,14.31
2001,1,8,13.264,13.264
2001,1,9,16.379,16.379
2001,1,10,12.654,12.654
2001,1,11,9.724,9.724
2001,1,12,5.408,5.408
2001,1,13,8.008,8.008
2001,1,14,6.902,6.902
2001,1,15,10.091,10.091
2001,1,16,6.885,6.885
2001,1,17,7.345,7.345
2001,1,18,9.366,9.366
2001,1,19,12.615,12.615
2001,1,20,11.262,11.262
2001,1,21,10.257,10.257
2001,1,22,12.512,12.512
2001,1,23,14.053,14.053
2001,1,24,14.696,14.696
2001,1,25,11.629,11.629
2001,1,26,11.566,11.566
2001,1,27,10.554,10.554
2001,1,28,10.115,10.115
2001,1,29,10.384,10.384
2001,1,30,13.578,13.578
2001,1,31,11.484,11.484
2001,2,1,11.008,11.008
2001,2,2,10.795,10.795
2001,2,3,10.733,10.733
2001,2,4,11.839,11.839
2001,2,5,10.113,10.113
2001,2,6,12.618,12.618
2001,2,7,14.65,14.65
2001,2,8,14.015,14.015
2001,2,9,14.16,14.16
2001,2,10,15.711,15.711
2001,2,11,15.971,15.971
2001,2,12,16.725,16.725
2001,2,13,17.715,17.715
2001,2,14,17.628,17.628
2001,2,15,12.73,12.73
2001,2,16,12.65,12.65
2001,2,17,14.494,14.494
2001,2,18,16.044,16.044
2001,2,19,16.522,16.522
2001,2,20,12.435,12.435
2001,2,21,11.648,11.648
2001,2,22,10.908,10.908
2001,2,23,13.379,13.379
2001,2,24,13.974,13.974
2001,2,25,12.966,12.966
2001,2,26,15.372,15.372
2001,2,27,11.616,11.616
2001,2,28,10.321,10.321
2001,3,1,9.582,9.582
2001,3,2,13.017,13.017
2001,3,3,16.138,16.138
2001,3,4,15.702,15.702
2001,3,5,15.515,15.515
2001,3,6,15.654,15.654
2001,3,7,17.16,17.16
2001,3,8,18.348,18.348
2001,3,9,21.631,21.631
2001,3,10,19.263,19.263
2001,3,11,15.781,15.781
2001,3,12,19.14,19.14
2001,3,13,20.083,20.083
2001,3,14,20.554,20.554
2001,3,15,20.318,20.318
2001,3,16,21.28,21.28
2001,3,17,21.09,21.09
2001,3,18,19.221,19.221
2001,3,19,13.624,13.624
2001,3,20,12.879,12.879
2001,3,21,15.179,15.179
2001,3,22,13.542,13.542
2001,3,23,13.095,13.095
2001,3,24,12.903,12.903
2001,3,25,14.653,14.653
2001,3,26,16.216,16.216
2001,3,27,14.897,14.897
2001,3,28,17.777,17.777
2001,3,29,15.993,15.993
2001,3,30,11.909,11.909
2001,3,31,15.863,15.863
2001,4,1,20.578,20.578
2001,4,2,17.126,17.126
2001,4,3,12.59,12.59
2001,4,4,13.531,13.531
2001,4,5,15.596,15.596
2001,4,6,19.128,19.128
2001,4,7,22.858,22.858
2001,4,8,26.105,26.105
2001,4,9,29.389,29.389
2001,4,10,24.403,24.403
2001,4,11,21.087,21.087
2001,4,12,20.562,20.562
2001,4,13,16.198,16.198
2001,4,14,15.611,15.611
2001,4,15,20.771,20.771
2001,4,16,23.951,23.951
2001,4,17,23.952,23.952
2001,4,18,23.356,23.356
2001,4,19,25.238,25.238
2001,4,20,24.958,24.958
2001,4,21,22.829,22.829
2001,4,22,18.287,18.287
2001,4,23,20.554,20.554
2001,4,24,16.683,16.683
2001,4,25,14.584,14.584
2001,4,26,16.877,16.877
2001,4,27,23.038,23.038
2001,4,28,25.719,25.719
2001,4,29,28.094,28.094
2001,4,30,30.313,30.313
2001,5,1,32.542,32.542
2001,5,2,32.496,32.496
2001,5,3,32.433,32.433
2001,5,4,32.522,32.522
2001,5,5,31.769,31.769
2001,5,6,33.07,33.07
2001,5,7,34.18,34.18
2001,5,8,33.29,33.29
2001,5,9,32.506,32.506
2001,5,10,30.077,30.077
2001,5,11,29.79,29.79
2001,5,12,33.044,33.044
2001,5,13,34.044,34.044
2001,5,14,33.245,33.245
2001,5,15,29.139,29.139
2001,5,16,27.264,27.264
2001,5,17,25.964,25.964
2001,5,18,25.991,25.991
2001,5,19,27.337,27.337
2001,5,20,27.295,27.295
2001,5,21,27.489,27.489
2001,5,22,23.399,23.399
2001,5,23,20.125,20.125
2001,5,24,22.29,22.29
2001,5,25,27.659,27.659
2001,5,26,29.748,29.748
2001,5,27,30.795,30.795
2001,5,28,28.029,28.029
2001,5,29,29.911,29.911
2001,5,30,33.306,33.306
2001,5,31,34.771,34.771
2001,6,1,34.956,34.956
2001,6,2,33.568,33.568
2001,6,3,35.633,35.633
2001,6,4,34.08,34.08
2001,6,5,31.191,31.191
2001,6,6,27.85,27.85
2001,6,7,25.591,25.591
2001,6,8,28.393,28.393
2001,6,9,30.594,30.594
2001,6,10,31.917,31.917
2001,6,11,31.599,31.599
2001,6,12,27.204,27.204
2001,6,13,24.246,24.246
2001,6,14,23.911,23.911
2001,6,15,26.066,26.066
2001,6,16,29.081,29.081
2001,6,17,29.617,29.617
2001,6,18,28.214,28.214
2001,6,19,27.659,27.659
2001,6,20,33.62,33.62
2001,6,21,35.46,35.46
2001,6,22,36.71,36.71
2001,6,23,36.006,36.006
2001,6,24,35.055,35.055
2001,6,25,33.542,33.542
2001,6,26,33.569,33.569
2001,6,27,34.179,34.179
2001,6,28,35.117,35.117
2001,6,29,34.947,34.947
2001,6,30,37.964,37.964
2001,7,1,38.92,38.92
2001,7,2,38.946,38.946
2001,7,3,39.455,39.455
2001,7,4,36.386,36.386
2001,7,5,35.953,35.953
2001,7,6,36.0,36.0
2001,7,7,34.423,34.423
2001,7,8,36.529,36.529
2001,7,9,35.661,35.661
2001,7,10,35.483,35.483
2001,7,11,34.408,34.408
2001,7,12,33.608,33.608
2001,7,13,31.291,31.291
2001,7,14,29.71,29.71
2001,7,15,33.221,33.221
2001,7,16,35.151,35.151
2001,7,17,34.289,34.289
2001,7,18,33.354,33.354
2001,7,19,31.55,31.55
2001,7,20,29.703,29.703
2001,7,21,30.274,30.274
2001,7,22,34.373,34.373
2001,7,23,33.618,33.618
2001,7,24,35.089,35.089
2001,7,25,38.838,38.838
2001,7,26,38.866,38.866
2001,7,27,40.087,40.087
2001,7,28,41.98,41.98
2001,7,29,43.16,43.16
2001,7,30,41.233,41.233
2001,7,31,36.778,36.778
2001,8,1,32.58,32.58
2001,8,2,32.637,32.637
2001,8,3,32.501,32.501
2001,8,4,31.677,31.677
2001,8,5,31.301,31.301
2001,8,6,29.225,29.225
2001,8,7,31.017,31.017
2001,8,8,31.427,31.427
2001,8,9,29.527,29.527
2001,8,10,32.932,32.932
2001,8,11,33.334,33.334
2001,8,12,34.077,34.077
2001,8,13,37.476,37.476
2001,8,14,39.601,39.601
2001,8,15,40.298,40.298
2001,8,16,40.734,40.734
2001,8,17,41.189,41.189
2001,8,18,39.579,39.579
2001,8,19,36.889,36.889
2001,8,20,35.339,35.339
2001,8,21,30.825,30.825
2001,8,22,26.891,26.891
2001,8,23,25.662,25.662
2001,8,24,25.444,25.444
2001,8,25,24.267,24.267
2001,8,26,25.182,25.182
2001,8,27,25.079,25.079
2001,8,28,24.355,24.355
2001,8,29,23.999,23.999
2001,8,30,27.906,27.906
2001,8,31,29.859,29.859
2001,9,1,29.786,29.786
2001,9,2,29.8,29.8
2001,9,3,34.029,34.029
2001,9,4,33.65,33.65
2001,9,5,34.183,34.183
2001,9,6,33.783,33.783
2001,9,7,33.328,33.328
2001,9,8,33.91,33.91
2001,9,9,32.515,32.515
2001,9,10,29.911,29.911
2001,9,11,29.949,29.949
2001,9,12,31.019,31.019
2001,9,13,30.474,30.474
2001,9,14,27.921,27.921
2001,9,15,27.857,27.857
2001,9,16,24.964,24.964
2001,9,17,29.256,29.256
2001,9,18,30.483,30.483
2001,9,19,31.624,31.624
2001,9,20,30.658,30.658
2001,9,21,30.574,30.574
2001,9,22,25.837,25.837
2001,9,23,23.299,23.299
2001,9,24,22.404,22.404
2001,9,25,22.42,22.42
2001,9,26,23.065,23.065
2001,9,27,19.694,19.694
2001,9,28,19.449,19.449
2001,9,29,20.65,20.65
2001,9,30,21.481,21.481
2001,10,1,24.03,24.03
2001,10,2,20.672,20.672
2001,10,3,17.994,17.994
2001,10,4,16.283,16.283
2001,10,5,17.074,17.074
2001,10,6,18.061,18.061
2001,10,7,22.594,22.594
2001,10,8,23.789,23.789
2001,10,9,22.068,22.068
2001,10,10,19.838,19.838
2001,10,11,18.338,18.338
2001,10,12,17.537,17.537
2001,10,13,16.019,16.019
2001,10,14,15.495,15.495
2001,10,15,15.761,15.761
2001,10,16,17.722,17.722
2001,10,17,20.92,20.92
2001,10,18,22.44,22.44
2001,10,19,21.932,21.932
2001,10,20,24.25,24.25
2001,10,21,24.158,24.158
2001,10,22,24.328,24.328
2001,10,23,22.444,22.444
2001,10,24,20.193,20.193
2001,10,25,17.991,17.991
2001,10,26,19.934,19.934
2001,10,27,22.755,22.755
2001,10,28,24.627,24.627
2001,10,29,25.76,25.76
2001,10,30,24.815,24.815
2001,10,31,23.876,23.876
2001,11,1,22.229,22.229
2001,11,2,22.387,22.387
2001,11,3,22.03,22.03
2001,11,4,21.262,21.262
2001,11,5,23.129,23.129
2001,11,6,20.312,20.312
2001,11,7,19.145,19.145
2001,11,8,20.479,20.479
2001,11,9,22.702,22.702
2001,11,10,23.711,23.711
2001,11,11,22.888,22.888
2001,11,12,20.747,20.747
2001,11,13,20.407,20.407
2001,11,14,16.917,16.917
2001,11,15,14.864,14.864
2001,11,16,16.53,16.53
2001,11,17,15.585,15.585
2001,11,18,18.559,18.559
2001,11,19,15.331,15.331
2001,11,20,14.766,14.766
2001,11,21,15.929,15.929
2001,11,22,14.638,14.638
2001,11,23,15.219,15.219
2001,11,24,13.754,13.754
2001,11,25,12.181,12.181
2001,11,26,12.03,12.03
2001,11,27,12.146,12.146
2001,11,28,12.862,12.862
2001,11,29,13.055,13.055
2001,11,30,13.268,13.268
2001,12,1,13.211,13.211
2001,12,2,14.328,14.328
2001,12,3,15.594,15.594
2001,12,4,12.259,12.259
2001,12,5,15.09,15.09
2001,12,6,18.935,18.935
2001,12,7,18.074,18.074
2001,12,8,18.169,18.169
2001,12,9,20.781,20.781
2001,12,10,21.232,21.232
2001,12,11,19.381,19.381
2001,12,12,21.244,21.244
2001,12,13,17.454,17.454
2001,12,14,13.627,13.627
2001,12,15,13.73,13.73
2001,12,16,13.039,13.039
2001,12,17,11.241,11.241
2001,12,18,10.369,10.369
2001,12,19,12.475,12.475
2001,12,20,17.351,17.351
2001,12,21,18.695,18.695
2001,12,22,16.772,16.772
2001,12,23,12.338,12.338
2001,12,24,15.918,15.918
2001,12,25,16.869,16.869
2001,12,26,15.944,15.944
2001,12,27,13.463,13.463
2001,12,28,12.695,12.695
2001,12,29,12.289,12.289
2001,12,30,14.877,14.877
2001,12,31,14.772,14.772
2002,1,1,17.009,17.009
2002,1,2,11.873,11.873
2002,1,3,13.495,13.495
2002,1,4,15.283,15.283
2002,1,5,12.001,12.001
2002,1,6,15.216,15.216
2002,1,7,14.61,14.61
2002,1,8,11.836,11.836
2002,1,9,13.369,13.369
2002,1,10,12.008,12.008
2002,1,11,13.682,13.682
2002,1,12,12.559,12.559
2002,1,13,16.005,16.005
2002,1,14,17.947,17.947
2002,1,15,16.11,16.11
2002,1,16,14.987,14.987
2002,1,17,15.27,15.27
2002,1,18,13.198,13.198
2002,1,19,12.112,12.112
2002,1,20,9.533,9.533
2002,1,21,12.091,12.091
2002,1,22,14.532,14.532
2002,1,23,14.195,14.195
2002,1,24,11.742,11.742
2002,1,25,10.091,10.091
2002,1,26,12.454,12.454
2002,1,27,13.655,13.655
2002,1,28,13.337,13.337
2002,1,29,12.706,12.706
2002,1,30,15.747,15.747
2002,1,31,16.682,16.682
2002,2,1,19.173,19.173
2002,2,2,18.867,18.867
2002,2,3,20.327,20.327
2002,2,4,22.606,22.606
2002,2,5,20.967,20.967
2002,2,6,19.94,19.94
2002,2,7,20.299,20.299
2002,2,8,21.643,21.643
2002,2,9,20.533,20.533
2002,2,10,20.068,20.068
2002,2,11,14.159,14.159
2002,2,12,15.975,15.975
2002,2,13,13.983,13.983
2002,2,14,11.852,11.852
2002,2,15,12.878,12.878
2002,2,16,15.039,15.039
2002,2,17,14.737,14.737
2002,2,18,16.335,16.335
2002,2,19,17.817,17.817
2002,2,20,17.993,17.993
2002,2,21,17.311,17.311
2002,2,22,18.253,18.253
2002,2,23,20.6,20.6
2002,2,24,17.552,17.552
2002,2,25,17.169,17.169
2002,2,26,20.647,20.647
2002,2,27,20.273,20.273
2002,2,28,21.941,21.941
2002,3,1,21.669,21.669
2002,3,2,17.785,17.785
2002,3,3,17.759,17.759
2002,3,4,16.734,16.734
2002,3,5,15.745,15.745
2002,3,6,15.096,15.096
2002,3,7,14.927,14.927
2002,3,8,16.482,16.482
2002,3,9,15.755,15.755
2002,3,10,13.859,13.859
2002,3,11,13.896,13.896
2002,3,12,12.732,12.732
2002,3,13,11.97,11.97
2002,3,14,12.793,12.793
2002,3,15,12.352,12.352
2002,3,16,7.357,7.357
2002,3,17,8.656,8.656
2002,3,18,12.402,12.402
2002,3,19,14.997,14.997
2002,3,20,14.734,14.734
2002,3,21,15.346,15.346
2002,3,22,14.971,14.971
2002,3,23,14.392,14.392
2002,3,24,13.749,13.749
2002,3,25,11.492,11.492
2002,3,26,17.366,17.366
2002,3,27,20.919,20.919
2002,3,28,24.409,24.409
2002,3,29,24.871,24.871
2002,3,30,25.545,25.545
2002,3,31,26.493,26.493
2002,4,1,24.422,24.422
2002,4,2,20.593,20.593
2002,4,3,18.003,18.003
2002,4,4,14.651,14.651
2002,4,5,16.141,16.141
2002,4,6,19.213,19.213
2002,4,7,21.322,21.322
2002,4,8,21.984,21.984
2002,4,9,21.543,21.543
2002,4,10,21.73,21.73
2002,4,11,24.209,24.209
2002,4,12,26.394,26.394
2002,4,13,24.862,24.862
2002,4,14,19.577,19.577
2002,4,15,19.395,19.395
2002,4,16,22.962,22.962
2002,4,17,23.457,23.457
2002,4,18,24.781,24.781
2002,4,19,23.722,23.722
2002,4,20,23.989,23.989
2002,4,21,26.407,26.407
2002,4,22,28.75,28.75
2002,4,23,29.129,29.129
2002,4,24,29.99,29.99
2002,4,25,31.537,31.537
2002,4,26,33.607,33.607
2002,4,27,34.252,34.252
2002,4,28,31.288,31.288
2002,4,29,28.587,28.587
2002,4,30,25.174,25.174
2002,5,1,25.339,25.339
2002,5,2,26.605,26.605
2002,5,3,22.99,22.99
2002,5,4,19.847,19.847
2002,5,5,18.676,18.676
2002,5,6,23.143,23.143
2002,5,7,22.1,22.1
2002,5,8,21.365,21.365
2002,5,9,22.642,22.642
2002,5,10,23.691,23.691
2002,5,11,25.186,25.186
2002,5,12,30.368,30.368
2002,5,13,30.996,30.996
2002,5,14,29.319,29.319
2002,5,15,29.84,29.84
2002,5,16,25.633,25.633
2002,5,17,21.515,21.515
2002,5,18,24.952,24.952
2002,5,19,26.618,26.618
2002,5,20,28.139,28.139
2002,5,21,30.099,30.099
2002,5,22,33.82,33.82
2002,5,23,35.91,35.91
2002,5,24,35.36,35.36
2002,5,25,30.474,30.474
2002,5,26,26.875,26.875
2002,5,27,23.619,23.619
2002,5,28,24.688,24.688
2002,5,29,28.922,28.922
2002,5,30,30.11,30.11
2002,5,31,31.857,31.857
2002,6,1,31.558,31.558
2002,6,2,32.68,32.68
2002,6,3,33.105,33.105
2002,6,4,31.598,31.598
2002,6,5,32.779,32.779
2002,6,6,31.097,31.097
2002,6,7,25.228,25.228
2002,6,8,25.814,25.814
2002,6,9,31.224,31.224
2002,6,10,34.962,34.962
2002,6,11,37.827,37.827
2002,6,12,39.506,39.506
2002,6,13,39.08,39.08
2002,6,14,39.4,39.4
2002,6,15,38.845,38.845
2002,6,16,40.078,40.078
2002,6,17,41.816,41.816
2002,6,18,39.45,39.45
2002,6,19,38.854,38.854
2002,6,20,37.666,37.666
2002,6,21,40.133,40.133
2002,6,22,42.071,42.071
2002,6,23,38.499,38.499
2002,6,24,38.096,38.096
2002,6,25,34.594,34.594
2002,6,26,30.078,30.078
2002,6,27,32.351,32.351
2002,6,28,35.056,35.056
2002,6,29,36.389,36.389
2002,6,30,33.51,33.51
2002,7,1,30.987,30.987
2002,7,2,33.717,33.717
2002,7,3,36.034,36.034
2002,7,4,37.743,37.743
2002,7,5,34.726,34.726
2002,7,6,34.669,34.669
2002,7,7,32.585,32.585
2002,7,8,27.927,27.927
2002,7,9,27.69,27.69
2002,7,10,32.493,32.493
2002,7,11,37.656,37.656
2002,7,12,38.24,38.24
2002,7,13,39.096,39.096
2002,7,14,39.488,39.488
2002,7,15,38.546,38.546
2002,7,16,38.147,38.147
2002,7,17,38.171,38.171
2002,7,18,35.227,35.227
2002,7,19,35.391,35.391
2002,7,20,35.076,35.076
2002,7,21,37.914,37.914
2002,7,22,36.911,36.911
2002,7,23,38.269,38.269
2002,7,24,39.819,39.819
2002,7,25,34.15,34.15
2002,7,26,33.636,33.636
2002,7,27,36.121,36.121
2002,7,28,35.021,35.021
2002,7,29,35.425,35.425
2002,7,30,34.308,34.308
2002,7,31,35.516,35.516
2002,8,1,33.815,33.815
2002,8,2,28.04,28.04
2002,8,3,28.479,28.479
2002,8,4,29.272,29.272
2002,8,5,32.138,32.138
2002,8,6,32.219,32.219
2002,8,7,32.973,32.973
2002,8,8,34.567,34.567
2002,8,9,33.511,33.511
2002,8,10,34.896,34.896
2002,8,11,33.078,33.078
2002,8,12,33.211,33.211
2002,8,13,29.401,29.401
2002,8,14,33.765,33.765
2002,8,15,36.226,36.226
2002,8,16,37.942,37.942
2002,8,17,41.279,41.279
2002,8,18,37.036,37.036
2002,8,19,36.132,36.132
2002,8,20,35.652,35.652
2002,8,21,34.722,34.722
2002,8,22,30.886,30.886
2002,8,23,32.067,32.067
2002,8,24,33.422,33.422
2002,8,25,35.15,35.15
2002,8,26,34.338,34.338
2002,8,27,32.586,32.586
2002,8,28,31.042,31.042
2002,8,29,28.539,28.539
2002,8,30,27.559,27.559
2002,8,31,26.196,26.196
2002,9,1,24.833,24.833
2002,9,2,26.263,26.263
2002,9,3,28.237,28.237
2002,9,4,32.996,32.996
2002,9,5,35.195,35.195
2002,9,6,36.861,36.861
2002,9,7,37.929,37.929
2002,9,8,37.289,37.289
2002,9,9,37.06,37.06
2002,9,10,37.243,37.243
2002,9,11,33.453,33.453
2002,9,12,31.327,31.327
2002,9,13,29.438,29.438
2002,9,14,28.478,28.478
2002,9,15,34.327,34.327
2002,9,16,32.273,32.273
2002,9,17,22.496,22.496
2002,9,18,17.422,17.422
2002,9,19,23.479,23.479
2002,9,20,27.343,27.343
2002,9,21,28.491,28.491
2002,9,22,32.373,32.373
2002,9,23,34.2,34.2
2002,9,24,33.909,33.909
2002,9,25,32.547,32.547
2002,9,26,27.814,27.814
2002,9,27,26.029,26.029
2002,9,28,23.522,23.522
2002,9,29,19.66,19.66
2002,9,30,20.561,20.561
2002,10,1,21.607,21.607
2002,10,2,23.758,23.758
2002,10,3,25.618,25.618
2002,10,4,27.777,27.777
2002,10,5,23.421,23.421
2002,10,6,22.942,22.942
2002,10,7,22.903,22.903
2002,10,8,20.47,20.47
2002,10,9,19.142,19.142
2002,10,10,25.053,25.053
2002,10,11,25.849,25.849
2002,10,12,19.403,19.403
2002,10,13,16.355,16.355
2002,10,14,19.736,19.736
2002,10,15,23.119,23.119
2002,10,16,25.907,25.907
2002,10,17,25.421,25.421
2002,10,18,25.742,25.742
2002,10,19,19.879,19.879
2002,10,20,21.429,21.429
2002,10,21,22.614,22.614
2002,10,22,21.983,21.983
2002,10,23,23.558,23.558
2002,10,24,22.809,22.809
2002,10,25,19.296,19.296
2002,10,26,18.676,18.676
2002,10,27,18.027,18.027
2002,10,28,17.185,17.185
2002,10,29,14.999,14.999
2002,10,30,15.007,15.007
2002,10,31,14.663,14.663
2002,11,1,17.862,17.862
2002,11,2,18.454,18.454
2002,11,3,17.889,17.889
2002,11,4,15.91,15.91
2002,11,5,14.512,14.512
2002,11,6,13.892,13.892
2002,11,7,15.912,15.912
2002,11,8,14.878,14.878
2002,11,9,14.608,14.608
2002,11,10,14.791,14.791
2002,11,11,15.346,15.346
2002,11,12,15.425,15.425
2002,11,13,14.902,14.902
2002,11,14,15.949,15.949
2002,11,15,13.694,13.694
2002,11,16,13.719,13.719
2002,11,17,18.215,18.215
2002,11,18,17.898,17.898
2002,11,19,12.134,12.134
2002,11,20,12.425,12.425
2002,11,21,16.048,16.048
2002,11,22,16.517,16.517
2002,11,23,14.708,14.708
2002,11,24,16.512,16.512
2002,11,25,13.895,13.895
2002,11,26,12.271,12.271
2002,11,27,14.324,14.324
2002,11,28,13.659,13.659
2002,11,29,14.627,14.627
2002,11,30,13.363,13.363
2002,12,1,13.425,13.425
2002,12,2,16.028,16.028
2002,12,3,14.2,14.2
2002,12,4,16.124,16.124
2002,12,5,15.195,15.195
2002,12,6,18.005,18.005
2002,12,7,24.391,24.391
2002,12,8,24.81,24.81
2002,12,9,20.452,20.452
2002,12,10,18.982,18.982
2002,12,11,15.842,15.842
2002,12,12,11.188,11.188
2002,12,13,11.113,11.113
2002,12,14,12.754,12.754
2002,12,15,13.908,13.908
2002,12,16,14.896,14.896
2002,12,17,13.764,13.764
2002,12,18,11.498,11.498
2002,12,19,8.044,8.044
2002,12,20,10.365,10.365
2002,12,21,12.012,12.012
2002,12,22,11.448,11.448
2002,12,23,12.609,12.609
2002,12,24,14.443,14.443
2002,12,25,13.983,13.983
2002,12,26,12.15,12.15
2002,12,27,13.018,13.018
2002,12,28,11.406,11.406
2002,12,29,14.205,14.205
2002,12,30,13.665,13.665
2002,12,31,17.664,17.664
2003,1,1,15.709,15.709
2003,1,2,13.144,13.144
2003,1,3,12.581,12.581
2003,1,4,15.926,15.926
2003,1,5,13.858,13.858
2003,1,6,12.608,12.608
2003,1,7,12.38,12.38
2003,1,8,13.518,13.518
2003,1,9,11.006,11.006
2003,1,10,12.653,12.653
2003,1,11,11.921,11.921
2003,1,12,11.801,11.801
2003,1,13,10.433,10.433
2003,1,14,11.119,11.119
2003,1,15,10.178,10.178
2003,1,16,10.899,10.899
2003,1,17,12.625,12.625
2003,1,18,12.152,12.152
2003,1,19,8.971,8.971
2003,1,20,11.569,11.569
2003,1,21,9.701,9.701
2003,1,22,11.127,11.127
2003,1,23,9.712,9.712
2003,1,24,11.896,11.896
2003,1,25,8.409,8.409
2003,1,26,8.907,8.907
2003,1,27,9.961,9.961
2003,1,28,13.915,13.915
2003,1,29,13.535,13.535
2003,1,30,13.877,13.877
2003,1,31,15.003,15.003
2003,2,1,15.645,15.645
2003,2,2,17.235,17.235
2003,2,3,18.899,18.899
2003,2,4,22.092,22.092
2003,2,5,21.478,21.478
2003,2,6,20.793,20.793
2003,2,7,15.774,15.774
2003,2,8,12.678,12.678
2003,2,9,12.411,12.411
2003,2,10,12.114,12.114
2003,2,11,12.998,12.998
2003,2,12,15.248,15.248
2003,2,13,14.457,14.457
2003,2,14,14.734,14.734
2003,2,15,15.061,15.061
2003,2,16,15.894,15.894
2003,2,17,19.138,19.138
2003,2,18,21.63,21.63
2003,2,19,23.036,23.036
2003,2,20,20.565,20.565
2003,2,21,22.524,22.524
2003,2,22,20.338,20.338
2003,2,23,14.205,14.205
2003,2,24,13.206,13.206
2003,2,25,10.421,10.421
2003,2,26,11.733,11.733
2003,2,27,18.633,18.633
2003,2,28,18.546,18.546
2003,3,1,20.302,20.302
2003,3,2,22.02,22.02
2003,3,3,20.392,20.392
2003,3,4,16.706,16.706
2003,3,5,19.081,19.081
2003,3,6,20.695,20.695
2003,3,7,20.578,20.578
2003,3,8,19.913,19.913
2003,3,9,18.786,18.786
2003,3,10,20.004,20.004
2003,3,11,18.706,18.706
2003,3,12,17.012,17.012
2003,3,13,15.692,15.692
2003,3,14,15.074,15.074
2003,3,15,15.874,15.874
2003,3,16,18.57,18.57
2003,3,17,14.518,14.518
2003,3,18,11.032,11.032
2003,3,19,12.774,12.774
2003,3,20,14.183,14.183
2003,3,21,14.814,14.814
2003,3,22,12.286,12.286
2003,3,23,13.172,13.172
2003,3,24,16.215,16.215
2003,3,25,16.977,16.977
2003,3,26,13.36,13.36
2003,3,27,15.466,15.466
2003,3,28,17.676,17.676
2003,3,29,20.608,20.608
2003,3,30,24.009,24.009
2003,3,31,25.449,25.449
2003,4,1,26.523,26.523
2003,4,2,27.458,27.458
2003,4,3,24.757,24.757
2003,4,4,21.508,21.508
2003,4,5,21.318,21.318
2003,4,6,23.942,23.942
2003,4,7,26.475,26.475
2003,4,8,27.826,27.826
2003,4,9,25.191,25.191
2003,4,10,18.854,18.854
2003,4,11,16.733,16.733
2003,4,12,16.666,16.666
2003,4,13,14.994,14.994
2003,4,14,17.523,17.523
2003,4,15,13.35,13.35
2003,4,16,8.676,8.676
2003,4,17,8.278,8.278
2003,4,18,10.126,10.126
2003,4,19,15.049,15.049
2003,4,20,23.921,23.921
2003,4,21,24.513,24.513
2003,4,22,26.443,26.443
2003,4,23,22.901,22.901
2003,4,24,24.435,24.435
2003,4,25,27.655,27.655
2003,4,26,27.195,27.195
2003,4,27,26.089,26.089
2003,4,28,24.71,24.71
2003,4,29,24.48,24.48
2003,4,30,26.486,26.486
2003,5,1,28.152,28.152
2003,5,2,31.075,31.075
2003,5,3,32.859,32.859
2003,5,4,30.197,30.197
2003,5,5,25.507,25.507
2003,5,6,26.35,26.35
2003,5,7,29.12,29.12
2003,5,8,30.772,30.772
2003,5,9,31.259,31.259
2003,5,10,28.599,28.599
2003,5,11,28.821,28.821
2003,5,12,26.158,26.158
2003,5,13,21.198,21.198
2003,5,14,18.8,18.8
2003,5,15,23.733,23.733
2003,5,16,23.789,23.789
2003,5,17,24.217,24.217
2003,5,18,24.724,24.724
2003,5,19,27.295,27.295
2003,5,20,30.773,30.773
2003,5,21,31.837,31.837
2003,5,22,32.376,32.376
2003,5,23,33.892,33.892
2003,5,24,34.154,34.154
2003,5,25,34.436,34.436
2003,5,26,35.717,35.717
2003,5,27,34.583,34.583
2003,5,28,35.15,35.15
2003,5,29,35.427,35.427
2003,5,30,35.491,35.491
2003,5,31,35.17,35.17
2003,6,1,36.277,36.277
2003,6,2,36.356,36.356
2003,6,3,34.425,34.425
2003,6,4,35.243,35.243
2003,6,5,38.38,38.38
2003,6,6,39.469,39.469
2003,6,7,41.622,41.622
2003,6,8,38.729,38.729
2003,6,9,35.184,35.184
2003,6,10,29.845,29.845
2003,6,11,29.056,29.056
2003,6,12,29.85,29.85
2003,6,13,33.972,33.972
2003,6,14,35.633,35.633
2003,6,15,35.905,35.905
2003,6,16,33.833,33.833
2003,6,17,26.887,26.887
2003,6,18,25.996,25.996
2003,6,19,27.489,27.489
2003,6,20,31.03,31.03
2003,6,21,28.437,28.437
2003,6,22,27.261,27.261
2003,6,23,28.833,28.833
2003,6,24,32.92,32.92
2003,6,25,33.305,33.305
2003,6,26,33.288,33.288
2003,6,27,31.448,31.448
2003,6,28,32.508,32.508
2003,6,29,32.811,32.811
2003,6,30,36.457,36.457
2003,7,1,37.076,37.076
2003,7,2,37.99,37.99
2003,7,3,38.374,38.374
2003,7,4,37.688,37.688
2003,7,5,38.073,38.073
2003,7,6,38.366,38.366
2003,7,7,39.926,39.926
2003,7,8,38.777,38.777
2003,7,9,36.729,36.729
2003,7,10,34.507,34.507
2003,7,11,34.995,34.995
2003,7,12,37.097,37.097
2003,7,13,37.242,37.242
2003,7,14,35.894,35.894
2003,7,15,33.776,33.776
2003,7,16,35.849,35.849
2003,7,17,38.555,38.555
2003,7,18,39.991,39.991
2003,7,19,39.703,39.703
2003,7,20,37.582,37.582
2003,7,21,36.485,36.485
2003,7,22,33.255,33.255
2003,7,23,33.37,33.37
2003,7,24,39.441,39.441
2003,7,25,42.023,42.023
2003,7,26,41.402,41.402
2003,7,27,43.141,43.141
2003,7,28,39.613,39.613
2003,7,29,38.169,38.169
2003,7,30,36.485,36.485
2003,7,31,37.256,37.256
2003,8,1,38.352,38.352
2003,8,2,38.858,38.858
2003,8,3,38.242,38.242
2003,8,4,38.044,38.044
2003,8,5,34.896,34.896
2003,8,6,36.615,36.615
2003,8,7,36.607,36.607
2003,8,8,38.236,38.236
2003,8,9,36.31,36.31
2003,8,10,35.61,35.61
2003,8,11,35.224,35.224
2003,8,12,36.286,36.286
2003,8,13,36.206,36.206
2003,8,14,34.44,34.44
2003,8,15,34.478,34.478
2003,8,16,32.625,32.625
2003,8,17,32.764,32.764
2003,8,18,30.976,30.976
2003,8,19,28.785,28.785
2003,8,20,29.395,29.395
2003,8,21,30.573,30.573
2003,8,22,31.324,31.324
2003,8,23,30.723,30.723
2003,8,24,23.958,23.958
2003,8,25,26.196,26.196
2003,8,26,25.775,25.775
2003,8,27,25.86,25.86
2003,8,28,29.749,29.749
2003,8,29,33.103,33.103
2003,8,30,30.259,30.259
2003,8,31,31.38,31.38
2003,9,1,32.832,32.832
2003,9,2,34.897,34.897
2003,9,3,34.621,34.621
2003,9,4,32.226,32.226
2003,9,5,34.027,34.027
2003,9,6,33.394,33.394
2003,9,7,33.548,33.548
2003,9,8,29.189,29.189
2003,9,9,24.858,24.858
2003,9,10,24.519,24.519
2003,9,11,24.288,24.288
2003,9,12,26.162,26.162
2003,9,13,25.373,25.373
2003,9,14,27.984,27.984
2003,9,15,33.444,33.444
2003,9,16,33.609,33.609
2003,9,17,32.215,32.215
2003,9,18,30.93,30.93
2003,9,19,31.435,31.435
2003,9,20,27.684,27.684
2003,9,21,24.0,24.0
2003,9,22,25.387,25.387
2003,9,23,25.672,25.672
2003,9,24,24.739,24.739
2003,9,25,27.244,27.244
2003,9,26,27.991,27.991
2003,9,27,26.61,26.61
2003,9,28,24.058,24.058
2003,9,29,23.911,23.911
2003,9,30,25.912,25.912
2003,10,1,27.055,27.055
2003,10,2,27.577,27.577
2003,10,3,27.074,27.074
2003,10,4,25.899,25.899
2003,10,5,26.07,26.07
2003,10,6,27.265,27.265
2003,10,7,30.012,30.012
2003,10,8,33.221,33.221
2003,10,9,30.199,30.199
2003,10,10,30.253,30.253
2003,10,11,30.474,30.474
2003,10,12,24.937,24.937
2003,10,13,26.597,26.597
2003,10,14,23.809,23.809
2003,10,15,23.132,23.132
2003,10,16,24.408,24.408
2003,10,17,24.415,24.415
2003,10,18,20.865,20.865
2003,10,19,20.024,20.024
2003,10,20,17.855,17.855
2003,10,21,17.492,17.492
2003,10,22,19.173,19.173
2003,10,23,25.179,25.179
2003,10,24,26.291,26.291
2003,10,25,26.894,26.894
2003,10,26,25.898,25.898
2003,10,27,22.324,22.324
2003,10,28,19.694,19.694
2003,10,29,23.943,23.943
2003,10,30,24.968,24.968
2003,10,31,26.705,26.705
2003,11,1,28.426,28.426
2003,11,2,30.131,30.131
2003,11,3,29.146,29.146
2003,11,4,29.807,29.807
2003,11,5,28.735,28.735
2003,11,6,27.36,27.36
2003,11,7,25.142,25.142
2003,11,8,26.249,26.249
2003,11,9,26.56,26.56
2003,11,10,24.254,24.254
2003,11,11,22.417,22.417
2003,11,12,23.272,23.272
2003,11,13,25.302,25.302
2003,11,14,23.718,23.718
2003,11,15,17.226,17.226
2003,11,16,18.588,18.588
2003,11,17,14.662,14.662
2003,11,18,12.32,12.32
2003,11,19,14.224,14.224
2003,11,20,17.157,17.157
2003,11,21,18.298,18.298
2003,11,22,20.854,20.854
2003,11,23,22.725,22.725
2003,11,24,21.351,21.351
2003,11,25,21.854,21.854
2003,11,26,17.122,17.122
2003,11,27,14.025,14.025
2003,11,28,15.106,15.106
2003,11,29,15.671,15.671
2003,11,30,10.283,10.283
2003,12,1,8.07,8.07
2003,12,2,9.623,9.623
2003,12,3,11.297,11.297
2003,12,4,11.694,11.694
2003,12,5,13.09,13.09
2003,12,6,12.806,12.806
2003,12,7,17.176,17.176
2003,12,8,14.347,14.347
2003,12,9,14.558,14.558
2003,12,10,8.192,8.192
2003,12,11,7.652,7.652
2003,12,12,10.757,10.757
2003,12,13,12.931,12.931
2003,12,14,12.755,12.755
2003,12,15,11.449,11.449
2003,12,16,10.999,10.999
2003,12,17,10.974,10.974
2003,12,18,8.442,8.442
2003,12,19,6.282,6.282
2003,12,20,7.276,7.276
2003,12,21,7.479,7.479
2003,12,22,6.082,6.082
2003,12,23,2.614,2.614
2003,12,24,5.642,5.642
2003,12,25,5.014,5.014
2003,12,26,4.821,4.821
2003,12,27,4.986,4.986
2003,12,28,4.683,4.683
2003,12,29,5.626,5.626
2003,12,30,8.208,8.208
2003,12,31,8.288,8.288
2004,1,1,9.16,9.16
2004,1,2,10.327,10.327
2004,1,3,7.641,7.641
2004,1,4,8.153,8.153
2004,1,5,9.49,9.49
2004,1,6,14.182,14.182
2004,1,7,17.486,17.486
2004,1,8,18.625,18.625
2004,1,9,18.259,18.259
2004,1,10,15.818,15.818
2004,1,11,13.054,13.054
2004,1,12,9.959,9.959
2004,1,13,9.905,9.905
2004,1,14,11.511,11.511
2004,1,15,11.208,11.208
2004,1,16,12.459,12.459
2004,1,17,13.828,13.828
2004,1,18,16.441,16.441
2004,1,19,18.357,18.357
2004,1,20,15.683,15.683
2004,1,21,10.195,10.195
2004,1,22,11.552,11.552
2004,1,23,13.765,13.765
2004,1,24,12.009,12.009
2004,1,25,12.921,12.921
2004,1,26,15.461,15.461
2004,1,27,12.674,12.674
2004,1,28,13.242,13.242
2004,1,29,13.399,13.399
2004,1,30,13.779,13.779
2004,1,31,14.186,14.186
2004,2,1,14.521,14.521
2004,2,2,13.843,13.843
2004,2,3,10.98,10.98
2004,2,4,12.032,12.032
2004,2,5,14.504,14.504
2004,2,6,15.994,15.994
2004,2,7,15.103,15.103
2004,2,8,14.295,14.295
2004,2,9,14.512,14.512
2004,2,10,15.274,15.274
2004,2,11,18.642,18.642
2004,2,12,17.131,17.131
2004,2,13,14.699,14.699
2004,2,14,15.109,15.109
2004,2,15,16.113,16.113
2004,2,16,14.424,14.424
2004,2,17,16.672,16.672
2004,2,18,15.544,15.544
2004,2,19,13.351,13.351
2004,2,20,12.6,12.6
2004,2,21,11.799,11.799
2004,2,22,12.724,12.724
2004,2,23,13.897,13.897
2004,2,24,17.351,17.351
2004,2,25,16.5,16.5
2004,2,26,15.681,15.681
2004,2,27,14.276,14.276
2004,2,28,16.45,16.45
2004,2,29,14.661,14.661
2004,3,1,12.252,12.252
2004,3,2,12.461,12.461
2004,3,3,13.9,13.9
2004,3,4,14.875,14.875
2004,3,5,17.519,17.519
2004,3,6,15.876,15.876
2004,3,7,16.7,16.7
2004,3,8,15.164,15.164
2004,3,9,12.279,12.279
2004,3,10,10.838,10.838
2004,3,11,13.224,13.224
2004,3,12,13.002,13.002
2004,3,13,12.662,12.662
2004,3,14,12.684,12.684
2004,3,15,14.074,14.074
2004,3,16,13.355,13.355
2004,3,17,15.671,15.671
2004,3,18,18.087,18.087
2004,3,19,16.602,16.602
2004,3,20,10.193,10.193
2004,3,21,13.002,13.002
2004,3,22,14.238,14.238
2004,3,23,17.623,17.623
2004,3,24,20.572,20.572
2004,3,25,22.624,22.624
2004,3,26,24.918,24.918
2004,3,27,24.383,24.383
2004,3,28,25.761,25.761
2004,3,29,27.707,27.707
2004,3,30,27.18,27.18
2004,3,31,26.823,26.823
2004,4,1,24.18,24.18
2004,4,2,25.332,25.332
2004,4,3,28.291,28.291
2004,4,4,27.705,27.705
2004,4,5,29.521,29.521
2004,4,6,29.885,29.885
2004,4,7,30.66,30.66
2004,4,8,25.327,25.327
2004,4,9,17.781,17.781
2004,4,10,16.115,16.115
2004,4,11,19.49,19.49
2004,4,12,26.585,26.585
2004,4,13,25.442,25.442
2004,4,14,23.181,23.181
2004,4,15,26.846,26.846
2004,4,16,23.668,23.668
2004,4,17,18.48,18.48
2004,4,18,20.412,20.412
2004,4,19,23.946,23.946
2004,4,20,22.746,22.746
2004,4,21,21.183,21.183
2004,4,22,21.557,21.557
2004,4,23,25.173,25.173
2004,4,24,25.661,25.661
2004,4,25,26.545,26.545
2004,4,26,25.96,25.96
2004,4,27,27.746,27.746
2004,4,28,27.669,27.669
2004,4,29,28.645,28.645
2004,4,30,25.237,25.237
2004,5,1,20.962,20.962
2004,5,2,19.889,19.889
2004,5,3,21.548,21.548
2004,5,4,26.296,26.296
2004,5,5,29.473,29.473
2004,5,6,26.547,26.547
2004,5,7,23.927,23.927
2004,5,8,23.597,23.597
2004,5,9,23.215,23.215
2004,5,10,26.454,26.454
2004,5,11,25.482,25.482
2004,5,12,25.799,25.799
2004,5,13,24.614,24.614
2004,5,14,21.157,21.157
2004,5,15,21.344,21.344
2004,5,16,20.787,20.787
2004,5,17,21.102,21.102
2004,5,18,16.561,16.561
2004,5,19,18.187,18.187
2004,5,20,20.329,20.329
2004,5,21,22.799,22.799
2004,5,22,26.018,26.018
2004,5,23,27.566,27.566
2004,5,24,28.381,28.381
2004,5,25,26.822,26.822
2004,5,26,24.839,24.839
2004,5,27,18.516,18.516
2004,5,28,20.475,20.475
2004,5,29,24.78,24.78
2004,5,30,25.638,25.638
2004,5,31,22.536,22.536
2004,6,1,21.471,21.471
2004,6,2,18.963,18.963
2004,6,3,24.334,24.334
2004,6,4,25.3,25.3
2004,6,5,25.232,25.232
2004,6,6,21.757,21.757
2004,6,7,23.069,23.069
2004,6,8,22.694,22.694
2004,6,9,24.543,24.543
2004,6,10,25.916,25.916
2004,6,11,26.186,26.186
2004,6,12,28.809,28.809
2004,6,13,29.911,29.911
2004,6,14,30.833,30.833
2004,6,15,33.938,33.938
2004,6,16,36.264,36.264
2004,6,17,33.145,33.145
2004,6,18,35.103,35.103
2004,6,19,36.7,36.7
2004,6,20,36.791,36.791
2004,6,21,31.416,31.416
2004,6,22,31.309,31.309
2004,6,23,32.33,32.33
2004,6,24,34.966,34.966
2004,6,25,35.406,35.406
2004,6,26,37.311,37.311
2004,6,27,38.076,38.076
2004,6,28,37.214,37.214
2004,6,29,37.578,37.578
2004,6,30,34.229,34.229
2004,7,1,34.455,34.455
2004,7,2,34.777,34.777
2004,7,3,37.011,37.011
2004,7,4,35.945,35.945
2004,7,5,35.971,35.971
2004,7,6,37.58,37.58
2004,7,7,38.905,38.905
2004,7,8,38.27,38.27
2004,7,9,36.135,36.135
2004,7,10,35.59,35.59
2004,7,11,33.172,33.172
2004,7,12,27.545,27.545
2004,7,13,30.411,30.411
2004,7,14,31.445,31.445
2004,7,15,31.158,31.158
2004,7,16,31.274,31.274
2004,7,17,30.33,30.33
2004,7,18,33.977,33.977
2004,7,19,33.52,33.52
2004,7,20,34.705,34.705
2004,7,21,37.038,37.038
2004,7,22,38.23,38.23
2004,7,23,37.269,37.269
2004,7,24,36.135,36.135
2004,7,25,37.201,37.201
2004,7,26,39.238,39.238
2004,7,27,37.117,37.117
2004,7,28,35.633,35.633
2004,7,29,39.994,39.994
2004,7,30,39.642,39.642
2004,7,31,41.311,41.311
2004,8,1,39.209,39.209
2004,8,2,34.662,34.662
2004,8,3,36.43,36.43
2004,8,4,35.976,35.976
2004,8,5,36.619,36.619
2004,8,6,36.444,36.444
2004,8,7,33.33,33.33
2004,8,8,31.842,31.842
2004,8,9,30.868,30.868
2004,8,10,35.701,35.701
2004,8,11,36.418,36.418
2004,8,12,34.571,34.571
2004,8,13,33.7,33.7
2004,8,14,35.957,35.957
2004,8,15,34.016,34.016
2004,8,16,30.113,30.113
2004,8,17,28.361,28.361
2004,8,18,25.552,25.552
2004,8,19,29.356,29.356
2004,8,20,32.894,32.894
2004,8,21,36.655,36.655
2004,8,22,36.694,36.694
2004,8,23,36.64,36.64
2004,8,24,38.451,38.451
2004,8,25,36.953,36.953
2004,8,26,34.043,34.043
2004,8,27,35.387,35.387
2004,8,28,32.291,32.291
2004,8,29,34.428,34.428
2004,8,30,34.323,34.323
2004,8,31,34.478,34.478
2004,9,1,35.555,35.555
2004,9,2,38.204,38.204
2004,9,3,39.096,39.096
2004,9,4,37.91,37.91
2004,9,5,34.365,34.365
2004,9,6,31.292,31.292
2004,9,7,32.272,32.272
2004,9,8,31.624,31.624
2004,9,9,30.081,30.081
2004,9,10,26.161,26.161
2004,9,11,23.599,23.599
2004,9,12,23.272,23.272
2004,9,13,25.993,25.993
2004,9,14,26.065,26.065
2004,9,15,30.148,30.148
2004,9,16,28.434,28.434
2004,9,17,28.322,28.322
2004,9,18,31.41,31.41
2004,9,19,33.591,33.591
2004,9,20,32.313,32.313
2004,9,21,31.534,31.534
2004,9,22,27.997,27.997
2004,9,23,26.3,26.3
2004,9,24,22.375,22.375
2004,9,25,19.993,19.993
2004,9,26,23.556,23.556
2004,9,27,24.778,24.778
2004,9,28,23.839,23.839
2004,9,29,22.911,22.911
2004,9,30,23.547,23.547
2004,10,1,20.856,20.856
2004,10,2,20.89,20.89
2004,10,3,26.603,26.603
2004,10,4,26.02,26.02
2004,10,5,24.838,24.838
2004,10,6,25.425,25.425
2004,10,7,24.909,24.909
2004,10,8,29.85,29.85
2004,10,9,31.472,31.472
2004,10,10,33.031,33.031
2004,10,11,34.537,34.537
2004,10,12,32.948,32.948
2004,10,13,24.017,24.017
2004,10,14,25.382,25.382
2004,10,15,23.046,23.046
2004,10,16,24.727,24.727
2004,10,17,24.534,24.534
2004,10,18,24.942,24.942
2004,10,19,18.289,18.289
2004,10,20,18.906,18.906
2004,10,21,18.697,18.697
2004,10,22,17.499,17.499
2004,10,23,18.257,18.257
2004,10,24,14.927,14.927
2004,10,25,12.686,12.686
2004,10,26,16.296,16.296
2004,10,27,16.869,16.869
2004,10,28,15.612,15.612
2004,10,29,15.68,15.68
2004,10,30,19.461,19.461
2004,10,31,19.049,19.049
2004,11,1,19.255,19.255
2004,11,2,19.24,19.24
2004,11,3,17.776,17.776
2004,11,4,14.415,14.415
2004,11,5,13.456,13.456
2004,11,6,17.287,17.287
2004,11,7,15.742,15.742
2004,11,8,16.24,16.24
2004,11,9,14.65,14.65
2004,11,10,13.406,13.406
2004,11,11,16.33,16.33
2004,11,12,16.58,16.58
2004,11,13,13.904,13.904
2004,11,14,15.701,15.701
2004,11,15,15.821,15.821
2004,11,16,18.883,18.883
2004,11,17,17.28,17.28
2004,11,18,15.741,15.741
2004,11,19,14.283,14.283
2004,11,20,16.003,16.003
2004,11,21,15.965,15.965
2004,11,22,12.786,12.786
2004,11,23,13.554,13.554
2004,11,24,12.007,12.007
2004,11,25,15.897,15.897
2004,11,26,16.617,16.617
2004,11,27,15.492,15.492
2004,11,28,12.212,12.212
2004,11,29,13.968,13.968
2004,11,30,13.53,13.53
2004,12,1,13.74,13.74
2004,12,2,14.161,14.161
2004,12,3,15.612,15.612
2004,12,4,19.627,19.627
2004,12,5,15.937,15.937
2004,12,6,14.811,14.811
2004,12,7,16.356,16.356
2004,12,8,16.49,16.49
2004,12,9,17.284,17.284
2004,12,10,13.814,13.814
2004,12,11,14.002,14.002
2004,12,12,15.364,15.364
2004,12,13,14.763,14.763
2004,12,14,10.972,10.972
2004,12,15,11.217,11.217
2004,12,16,8.926,8.926
2004,12,17,10.941,10.941
2004,12,18,8.383,8.383
2004,12,19,10.119,10.119
2004,12,20,10.181,10.181
2004,12,21,11.856,11.856
2004,12,22,11.473,11.473
2004,12,23,13.642,13.642
2004,12,24,14.679,14.679
2004,12,25,15.199,15.199
2004,12,26,10.993,10.993
2004,12,27,11.404,11.404
2004,12,28,13.97,13.97
2004,12,29,12.638,12.638
2004,12,30,15.266,15.266
2004,12,31,15.064,15.064
2005,1,1,13.649,13.649
2005,1,2,11.686,11.686
2005,1,3,13.943,13.943
2005,1,4,10.448,10.448
2005,1,5,14.323,14.323
2005,1,6,13.094,13.094
2005,1,7,12.812,12.812
2005,1,8,13.228,13.228
2005,1,9,10.729,10.729
2005,1,10,8.918,8.918
2005,1,11,8.741,8.741
2005,1,12,5.508,5.508
2005,1,13,8.143,8.143
2005,1,14,9.065,9.065
2005,1,15,13.255,13.255
2005,1,16,16.138,16.138
2005,1,17,14.621,14.621
2005,1,18,16.147,16.147
2005,1,19,13.678,13.678
2005,1,20,14.557,14.557
2005,1,21,13.07,13.07
2005,1,22,16.301,16.301
2005,1,23,17.636,17.636
2005,1,24,15.595,15.595
2005,1,25,13.539,13.539
2005,1,26,15.753,15.753
2005,1,27,16.083,16.083
2005,1,28,13.954,13.954
2005,1,29,12.94,12.94
2005,1,30,12.012,12.012
2005,1,31,13.429,13.429
2005,2,1,16.384,16.384
2005,2,2,15.427,15.427
2005,2,3,19.102,19.102
2005,2,4,20.804,20.804
2005,2,5,22.626,22.626
2005,2,6,19.284,19.284
2005,2,7,18.488,18.488
2005,2,8,19.512,19.512
2005,2,9,16.96,16.96
2005,2,10,17.87,17.87
2005,2,11,14.5,14.5
2005,2,12,12.275,12.275
2005,2,13,14.807,14.807
2005,2,14,14.538,14.538
2005,2,15,14.178,14.178
2005,2,16,14.306,14.306
2005,2,17,14.513,14.513
2005,2,18,15.256,15.256
2005,2,19,15.912,15.912
2005,2,20,10.788,10.788
2005,2,21,12.118,12.118
2005,2,22,10.368,10.368
2005,2,23,10.18,10.18
2005,2,24,12.386,12.386
2005,2,25,17.327,17.327
2005,2,26,17.528,17.528
2005,2,27,19.01,19.01
2005,2,28,20.379,20.379
2005,3,1,21.663,21.663
2005,3,2,19.657,19.657
2005,3,3,19.194,19.194
2005,3,4,15.521,15.521
2005,3,5,15.008,15.008
2005,3,6,15.347,15.347
2005,3,7,16.791,16.791
2005,3,8,16.086,16.086
2005,3,9,14.773,14.773
2005,3,10,15.9,15.9
2005,3,11,16.185,16.185
2005,3,12,15.935,15.935
2005,3,13,13.768,13.768
2005,3,14,11.96,11.96
2005,3,15,13.877,13.877
2005,3,16,15.244,15.244
2005,3,17,14.656,14.656
2005,3,18,14.876,14.876
2005,3,19,14.951,14.951
2005,3,20,15.918,15.918
2005,3,21,16.712,16.712
2005,3,22,15.479,15.479
2005,3,23,16.688,16.688
2005,3,24,18.802,18.802
2005,3,25,18.512,18.512
2005,3,26,17.978,17.978
2005,3,27,18.463,18.463
2005,3,28,18.854,18.854
2005,3,29,22.729,22.729
2005,3,30,19.554,19.554
2005,3,31,18.098,18.098
2005,4,1,17.303,17.303
2005,4,2,17.174,17.174
2005,4,3,18.267,18.267
2005,4,4,10.487,10.487
2005,4,5,13.193,13.193
2005,4,6,16.567,16.567
2005,4,7,15.7,15.7
2005,4,8,15.378,15.378
2005,4,9,18.383,18.383
2005,4,10,21.636,21.636
2005,4,11,23.425,23.425
2005,4,12,27.08,27.08
2005,4,13,25.854,25.854
2005,4,14,24.986,24.986
2005,4,15,18.905,18.905
2005,4,16,13.987,13.987
2005,4,17,14.867,14.867
2005,4,18,15.767,15.767
2005,4,19,18.485,18.485
2005,4,20,20.911,20.911
2005,4,21,24.515,24.515
2005,4,22,25.613,25.613
2005,4,23,25.883,25.883
2005,4,24,26.094,26.094
2005,4,25,24.877,24.877
2005,4,26,21.65,21.65
2005,4,27,25.422,25.422
2005,4,28,28.284,28.284
2005,4,29,27.11,27.11
2005,4,30,22.452,22.452
2005,5,1,21.074,21.074
2005,5,2,22.551,22.551
2005,5,3,19.1,19.1
2005,5,4,18.243,18.243
2005,5,5,19.952,19.952
2005,5,6,19.12,19.12
2005,5,7,19.153,19.153
2005,5,8,24.426,24.426
2005,5,9,26.685,26.685
2005,5,10,29.426,29.426
2005,5,11,30.316,30.316
2005,5,12,29.073,29.073
2005,5,13,25.189,25.189
2005,5,14,25.35,25.35
2005,5,15,21.35,21.35
2005,5,16,17.345,17.345
2005,5,17,22.617,22.617
2005,5,18,27.034,27.034
2005,5,19,29.448,29.448
2005,5,20,31.731,31.731
2005,5,21,31.927,31.927
2005,5,22,32.124,32.124
2005,5,23,31.143,31.143
2005,5,24,23.161,23.161
2005,5,25,19.125,19.125
2005,5,26,18.809,18.809
2005,5,27,24.725,24.725
2005,5,28,27.522,27.522
2005,5,29,27.189,27.189
2005,5,30,27.328,27.328
2005,5,31,27.521,27.521
2005,6,1,29.53,29.53
2005,6,2,30.68,30.68
2005,6,3,27.913,27.913
2005,6,4,27.505,27.505
2005,6,5,30.831,30.831
2005,6,6,32.492,32.492
2005,6,7,33.234,33.234
2005,6,8,37.03,37.03
2005,6,9,35.749,35.749
2005,6,10,36.814,36.814
2005,6,11,38.692,38.692
2005,6,12,38.806,38.806
2005,6,13,36.496,36.496
2005,6,14,28.093,28.093
2005,6,15,28.166,28.166
2005,6,16,28.2,28.2
2005,6,17,27.672,27.672
2005,6,18,28.779,28.779
2005,6,19,28.684,28.684
2005,6,20,28.707,28.707
2005,6,21,29.244,29.244
2005,6,22,29.628,29.628
2005,6,23,29.168,29.168
2005,6,24,25.565,25.565
2005,6,25,21.553,21.553
2005,6,26,20.343,20.343
2005,6,27,20.886,20.886
2005,6,28,26.869,26.869
2005,6,29,30.046,30.046
2005,6,30,32.744,32.744
2005,7,1,30.955,30.955
2005,7,2,32.912,32.912
2005,7,3,33.147,33.147
2005,7,4,30.784,30.784
2005,7,5,29.625,29.625
2005,7,6,29.703,29.703
2005,7,7,34.435,34.435
2005,7,8,39.401,39.401
2005,7,9,42.912,42.912
2005,7,10,42.447,42.447
2005,7,11,36.163,36.163
2005,7,12,33.736,33.736
2005,7,13,34.563,34.563
2005,7,14,32.19,32.19
2005,7,15,29.792,29.792
2005,7,16,28.76,28.76
2005,7,17,29.288,29.288
2005,7,18,28.834,28.834
2005,7,19,31.549,31.549
2005,7,20,31.93,31.93
2005,7,21,37.372,37.372
2005,7,22,37.478,37.478
2005,7,23,34.355,34.355
2005,7,24,32.46,32.46
2005,7,25,34.59,34.59
2005,7,26,37.296,37.296
2005,7,27,34.466,34.466
2005,7,28,32.99,32.99
2005,7,29,30.896,30.896
2005,7,30,30.637,30.637
2005,7,31,33.509,33.509
2005,8,1,34.322,34.322
2005,8,2,34.992,34.992
2005,8,3,34.054,34.054
2005,8,4,33.449,33.449
2005,8,5,33.295,33.295
2005,8,6,30.968,30.968
2005,8,7,32.583,32.583
2005,8,8,35.647,35.647
2005,8,9,35.961,35.961
2005,8,10,35.923,35.923
2005,8,11,34.971,34.971
2005,8,12,34.894,34.894
2005,8,13,36.184,36.184
2005,8,14,32.573,32.573
2005,8,15,31.878,31.878
2005,8,16,31.414,31.414
2005,8,17,31.768,31.768
2005,8,18,34.77,34.77
2005,8,19,36.17,36.17
2005,8,20,36.388,36.388
2005,8,21,34.505,34.505
2005,8,22,34.362,34.362
2005,8,23,34.801,34.801
2005,8,24,34.038,34.038
2005,8,25,30.852,30.852
2005,8,26,31.499,31.499
2005,8,27,30.729,30.729
2005,8,28,32.648,32.648
2005,8,29,35.789,35.789
2005,8,30,33.558,33.558
2005,8,31,33.724,33.724
2005,9,1,34.001,34.001
2005,9,2,35.106,35.106
2005,9,3,34.907,34.907
2005,9,4,35.776,35.776
2005,9,5,35.01,35.01
2005,9,6,33.132,33.132
2005,9,7,31.365,31.365
2005,9,8,30.42,30.42
2005,9,9,28.931,28.931
2005,9,10,24.47,24.47
2005,9,11,21.48,21.48
2005,9,12,26.864,26.864
2005,9,13,33.235,33.235
2005,9,14,33.264,33.264
2005,9,15,30.076,30.076
2005,9,16,27.259,27.259
2005,9,17,23.014,23.014
2005,9,18,23.856,23.856
2005,9,19,28.975,28.975
2005,9,20,34.46,34.46
2005,9,21,36.371,36.371
2005,9,22,35.868,35.868
2005,9,23,35.675,35.675
2005,9,24,35.274,35.274
2005,9,25,34.707,34.707
2005,9,26,34.544,34.544
2005,9,27,34.923,34.923
2005,9,28,30.796,30.796
2005,9,29,34.147,34.147
2005,9,30,35.417,35.417
2005,10,1,35.708,35.708
2005,10,2,34.086,34.086
2005,10,3,35.366,35.366
2005,10,4,35.5,35.5
2005,10,5,35.25,35.25
2005,10,6,35.17,35.17
2005,10,7,34.527,34.527
2005,10,8,36.089,36.089
2005,10,9,35.385,35.385
2005,10,10,33.365,33.365
2005,10,11,32.83,32.83
2005,10,12,34.191,34.191
2005,10,13,35.448,35.448
2005,10,14,32.73,32.73
2005,10,15,31.132,31.132
2005,10,16,30.081,30.081
2005,10,17,30.661,30.661
2005,10,18,30.105,30.105
2005,10,19,27.341,27.341
2005,10,20,23.692,23.692
2005,10,21,18.202,18.202
2005,10,22,20.521,20.521
2005,10,23,22.02,22.02
2005,10,24,24.603,24.603
2005,10,25,23.625,23.625
2005,10,26,22.439,22.439
2005,10,27,21.269,21.269
2005,10,28,18.99,18.99
2005,10,29,17.907,17.907
2005,10,30,18.355,18.355
2005,10,31,20.288,20.288
2005,11,1,21.618,21.618
2005,11,2,25.158,25.158
2005,11,3,24.996,24.996
2005,11,4,27.588,27.588
2005,11,5,23.575,23.575
2005,11,6,19.654,19.654
2005,11,7,13.226,13.226
2005,11,8,14.588,14.588
2005,11,9,14.328,14.328
2005,11,10,13.901,13.901
2005,11,11,14.489,14.489
2005,11,12,16.878,16.878
2005,11,13,12.675,12.675
2005,11,14,14.901,14.901
2005,11,15,17.825,17.825
2005,11,16,19.807,19.807
2005,11,17,17.618,17.618
2005,11,18,11.498,11.498
2005,11,19,16.625,16.625
2005,11,20,20.0,20.0
2005,11,21,19.069,19.069
2005,11,22,14.243,14.243
2005,11,23,14.973,14.973
2005,11,24,14.76,14.76
2005,11,25,14.792,14.792
2005,11,26,16.529,16.529
2005,11,27,15.912,15.912
2005,11,28,14.671,14.671
2005,11,29,15.074,15.074
2005,11,30,10.579,10.579
2005,12,1,8.581,8.581
2005,12,2,10.664,10.664
2005,12,3,10.333,10.333
2005,12,4,9.449,9.449
2005,12,5,9.216,9.216
2005,12,6,9.825,9.825
2005,12,7,11.595,11.595
2005,12,8,11.804,11.804
2005,12,9,13.379,13.379
2005,12,10,14.014,14.014
2005,12,11,18.781,18.781
2005,12,12,19.282,19.282
2005,12,13,17.958,17.958
2005,12,14,18.508,18.508
2005,12,15,16.361,16.361
2005,12,16,13.472,13.472
2005,12,17,15.979,15.979
2005,12,18,16.574,16.574
2005,12,19,14.382,14.382
2005,12,20,14.544,14.544
2005,12,21,13.122,13.122
2005,12,22,12.739,12.739
2005,12,23,14.875,14.875
2005,12,24,18.58,18.58
2005,12,25,18.423,18.423
2005,12,26,15.538,15.538
2005,12,27,17.391,17.391
2005,12,28,17.75,17.75
2005,12,29,18.304,18.304
2005,12,30,18.863,18.863
2005,12,31,10.876,10.876
2006,1,1,8.863,9.676
2006,1,2,11.465,12.483
2006,1,3,11.587,12.433
2006,1,4,12.819,13.897
2006,1,5,13.426,14.54
2006,1,6,9.225,9.335
2006,1,7,9.382,10.149
2006,1,8,11.682,14.205
2006,1,9,13.493,13.313
2006,1,10,12.802,12.213
2006,1,11,12.213,9.773
2006,1,12,9.821,8.68
2006,1,13,8.864,9.141
2006,1,14,11.899,9.467
2006,1,15,12.894,14.962
2006,1,16,14.571,20.722
2006,1,17,13.862,16.077
2006,1,18,10.773,11.419
2006,1,19,7.21,7.89
2006,1,20,4.903,10.342
2006,1,21,7.826,11.068
2006,1,22,8.225,7.39
2006,1,23,8.817,6.88
2006,1,24,8.683,11.289
2006,1,25,8.122,12.915
2006,1,26,9.759,13.941
2006,1,27,12.381,18.863
2006,1,28,15.797,18.884
2006,1,29,11.977,20.498
2006,1,30,9.429,20.078
2006,1,31,7.008,16.784
2006,2,1,6.507,16.168
2006,2,2,7.961,19.265
2006,2,3,10.121,22.676
2006,2,4,14.032,19.404
2006,2,5,14.144,16.728
2006,2,6,12.551,16.119
2006,2,7,10.306,15.108
2006,2,8,11.138,15.901
2006,2,9,9.889,15.45
2006,2,10,9.44,13.385
2006,2,11,7.94,15.062
2006,2,12,7.272,15.015
2006,2,13,9.512,14.898
2006,2,14,10.24,13.009
2006,2,15,10.309,8.949
2006,2,16,14.043,12.739
2006,2,17,15.805,14.472
2006,2,18,19.095,14.866
2006,2,19,20.747,15.881
2006,2,20,22.804,18.646
2006,2,21,20.927,12.2
2006,2,22,14.995,8.148
2006,2,23,9.084,9.922
2006,2,24,10.295,12.051
2006,2,25,12.746,13.662
2006,2,26,17.537,18.298
2006,2,27,17.547,19.116
2006,2,28,15.821,20.778
2006,3,1,12.922,19.451
2006,3,2,7.527,20.354
2006,3,3,6.912,18.635
2006,3,4,8.391,14.811
2006,3,5,14.378,14.432
2006,3,6,17.794,13.785
2006,3,7,16.828,13.328
2006,3,8,12.1,12.634
2006,3,9,11.269,13.47
2006,3,10,12.101,12.527
2006,3,11,11.479,11.051
2006,3,12,8.479,16.024
2006,3,13,10.749,16.364
2006,3,14,12.418,19.439
2006,3,15,13.565,16.567
2006,3,16,14.577,16.042
2006,3,17,11.421,17.917
2006,3,18,15.577,16.631
2006,3,19,19.631,18.24
2006,3,20,21.056,17.962
2006,3,21,22.205,13.178
2006,3,22,20.515,17.716
2006,3,23,19.657,15.479
2006,3,24,18.979,15.176
2006,3,25,19.785,14.789
2006,3,26,17.952,16.573
2006,3,27,19.082,21.929
2006,3,28,17.873,25.12
2006,3,29,16.242,24.909
2006,3,30,16.003,23.771
2006,3,31,15.907,21.455
2006,4,1,11.714,21.184
2006,4,2,10.531,21.675
2006,4,3,10.029,25.331
2006,4,4,9.319,26.307
2006,4,5,7.361,23.664
2006,4,6,12.212,20.189
2006,4,7,10.657,13.312
2006,4,8,17.633,9.324
2006,4,9,18.766,9.523
2006,4,10,18.479,16.934
2006,4,11,15.678,22.267
2006,4,12,12.687,21.961
2006,4,13,17.009,19.796
2006,4,14,19.408,14.02
2006,4,15,22.312,13.763
2006,4,16,22.701,21.869
2006,4,17,25.908,25.942
2006,4,18,26.863,26.264
2006,4,19,27.355,27.359
2006,4,20,23.716,23.544
2006,4,21,20.438,27.267
2006,4,22,18.801,28.086
2006,4,23,20.283,25.55
2006,4,24,19.774,24.603
2006,4,25,23.137,22.735
2006,4,26,26.603,24.077
2006,4,27,28.911,24.357
2006,4,28,25.456,22.688
2006,4,29,26.49,25.97
2006,4,30,20.178,27.487
2006,5,1,18.094,26.191
2006,5,2,12.675,19.403
2006,5,3,14.233,22.083
2006,5,4,17.957,23.875
2006,5,5,20.378,24.411
2006,5,6,17.98,22.514
2006,5,7,20.987,23.336
2006,5,8,26.021,20.398
2006,5,9,29.08,24.085
2006,5,10,29.661,21.025
2006,5,11,31.246,19.295
2006,5,12,24.964,20.564
2006,5,13,23.797,22.883
2006,5,14,22.102,25.765
2006,5,15,20.624,22.834
2006,5,16,23.862,21.209
2006,5,17,29.723,21.844
2006,5,18,31.92,24.866
2006,5,19,33.437,24.246
2006,5,20,35.89,28.179
2006,5,21,37.597,26.756
2006,5,22,35.903,24.115
2006,5,23,34.925,26.479
2006,5,24,33.297,30.852
2006,5,25,35.05,32.423
2006,5,26,30.944,31.628
2006,5,27,25.497,26.813
2006,5,28,26.961,25.03
2006,5,29,30.648,25.447
2006,5,30,30.585,27.799
2006,5,31,30.621,30.311
2006,6,1,34.788,29.543
2006,6,2,36.919,31.159
2006,6,3,35.704,31.743
2006,6,4,32.597,32.405
2006,6,5,31.61,30.237
2006,6,6,31.971,30.721
2006,6,7,32.014,31.171
2006,6,8,32.091,29.77
2006,6,9,27.495,31.573
2006,6,10,28.504,32.03
2006,6,11,30.329,29.378
2006,6,12,32.531,28.573
2006,6,13,34.077,33.514
2006,6,14,32.893,37.41
2006,6,15,32.489,38.879
2006,6,16,32.979,38.859
2006,6,17,31.423,38.915
2006,6,18,32.349,37.841
2006,6,19,32.256,34.874
2006,6,20,34.1,34.796
2006,6,21,30.567,38.162
2006,6,22,27.603,42.443
2006,6,23,29.294,42.939
2006,6,24,27.686,41.41
2006,6,25,27.125,38.755
2006,6,26,27.472,38.55
2006,6,27,29.844,37.528
2006,6,28,32.37,35.652
2006,6,29,34.289,34.353
2006,6,30,30.881,32.209
2006,7,1,31.109,31.752
2006,7,2,29.873,33.53
2006,7,3,28.908,37.327
2006,7,4,28.421,37.789
2006,7,5,27.564,39.753
2006,7,6,28.771,40.842
2006,7,7,31.084,40.661
2006,7,8,33.868,39.817
2006,7,9,35.609,38.697
2006,7,10,36.35,38.036
2006,7,11,38.961,35.849
2006,7,12,39.872,35.548
2006,7,13,39.334,35.613
2006,7,14,39.851,35.99
2006,7,15,37.281,33.749
2006,7,16,33.56,33.697
2006,7,17,31.096,32.066
2006,7,18,38.154,33.173
2006,7,19,37.612,31.895
2006,7,20,38.103,34.308
2006,7,21,37.818,36.782
2006,7,22,38.183,39.123
2006,7,23,39.309,39.659
2006,7,24,39.927,38.603
2006,7,25,38.817,37.066
2006,7,26,38.047,37.32
2006,7,27,37.738,37.004
2006,7,28,36.561,34.838
2006,7,29,37.243,33.329
2006,7,30,37.437,35.679
2006,7,31,35.132,37.965
2006,8,1,35.097,41.372
2006,8,2,35.326,42.295
2006,8,3,38.313,40.84
2006,8,4,38.235,36.753
2006,8,5,37.599,33.754
2006,8,6,38.746,32.88
2006,8,7,38.514,33.258
2006,8,8,36.46,33.601
2006,8,9,32.199,32.293
2006,8,10,32.815,31.697
2006,8,11,34.165,33.117
2006,8,12,34.799,31.224
2006,8,13,33.85,30.529
2006,8,14,32.09,28.214
2006,8,15,33.811,29.003
2006,8,16,33.654,28.308
2006,8,17,32.837,28.275
2006,8,18,29.747,26.983
2006,8,19,31.75,29.053
2006,8,20,36.975,33.572
2006,8,21,37.475,35.056
2006,8,22,38.287,35.881
2006,8,23,37.056,35.955
2006,8,24,36.608,35.839
2006,8,25,34.431,33.404
2006,8,26,34.988,35.798
2006,8,27,36.213,37.638
2006,8,28,34.91,39.099
2006,8,29,36.806,38.173
2006,8,30,36.858,37.595
2006,8,31,35.475,37.338
2006,9,1,33.978,35.482
2006,9,2,32.631,34.491
2006,9,3,31.851,35.19
2006,9,4,29.465,35.476
2006,9,5,32.965,37.65
2006,9,6,33.734,37.149
2006,9,7,32.874,37.154
2006,9,8,31.062,37.754
2006,9,9,30.994,37.459
2006,9,10,30.754,35.417
2006,9,11,29.177,34.409
2006,9,12,28.805,31.904
2006,9,13,26.3,30.13
2006,9,14,25.463,33.776
2006,9,15,25.916,36.165
2006,9,16,32.022,35.906
2006,9,17,34.124,36.877
2006,9,18,32.08,36.734
2006,9,19,32.847,36.717
2006,9,20,32.007,37.488
2006,9,21,31.134,36.322
2006,9,22,32.684,31.03
2006,9,23,33.079,24.289
2006,9,24,34.982,23.869
2006,9,25,30.325,22.831
2006,9,26,25.716,27.307
2006,9,27,24.527,27.223
2006,9,28,26.65,26.61
2006,9,29,27.506,28.14
2006,9,30,22.992,28.814
2006,10,1,24.099,31.563
2006,10,2,27.113,32.275
2006,10,3,30.407,35.261
2006,10,4,32.912,35.052
2006,10,5,34.941,34.84
2006,10,6,35.484,34.613
2006,10,7,36.04,34.354
2006,10,8,35.602,34.222
2006,10,9,32.027,34.048
2006,10,10,30.956,34.73
2006,10,11,29.423,35.274
2006,10,12,28.107,32.222
2006,10,13,28.479,29.998
2006,10,14,24.093,25.387
2006,10,15,28.299,18.668
2006,10,16,31.116,14.222
2006,10,17,32.325,13.278
2006,10,18,31.007,14.044
2006,10,19,27.829,18.106
2006,10,20,26.533,18.908
2006,10,21,28.471,19.482
2006,10,22,26.388,21.579
2006,10,23,24.262,22.233
2006,10,24,22.042,23.339
2006,10,25,19.309,24.188
2006,10,26,18.937,21.721
2006,10,27,20.668,21.255
2006,10,28,21.844,19.544
2006,10,29,20.97,21.337
2006,10,30,21.598,18.565
2006,10,31,19.702,20.718
2006,11,1,17.468,22.541
2006,11,2,18.978,21.932
2006,11,3,16.187,20.566
2006,11,4,15.158,21.2
2006,11,5,16.435,19.125
2006,11,6,20.419,19.348
2006,11,7,18.363,16.054
2006,11,8,19.782,11.257
2006,11,9,19.957,12.263
2006,11,10,19.884,14.393
2006,11,11,19.431,15.019
2006,11,12,19.912,14.404
2006,11,13,21.096,14.203
2006,11,14,20.386,19.146
2006,11,15,23.001,18.133
2006,11,16,22.692,17.06
2006,11,17,17.409,19.232
2006,11,18,17.569,17.119
2006,11,19,17.84,17.524
2006,11,20,14.807,19.808
2006,11,21,15.053,17.258
2006,11,22,14.757,19.782
2006,11,23,14.953,16.81
2006,11,24,18.688,16.056
2006,11,25,20.009,13.437
2006,11,26,14.484,14.738
2006,11,27,16.068,14.245
2006,11,28,13.736,17.216
2006,11,29,11.215,20.041
2006,11,30,12.418,16.024
2006,12,1,12.986,17.594
2006,12,2,12.138,16.834
2006,12,3,12.13,16.691
2006,12,4,12.58,21.063
2006,12,5,11.005,21.504
2006,12,6,11.666,19.826
2006,12,7,13.029,18.828
2006,12,8,15.836,14.466
2006,12,9,14.675,11.894
2006,12,10,16.589,10.678
2006,12,11,18.486,10.738
2006,12,12,17.961,11.492
2006,12,13,16.371,13.028
2006,12,14,14.141,14.931
2006,12,15,16.17,11.269
2006,12,16,15.065,9.908
2006,12,17,19.338,11.3
2006,12,18,19.951,10.557
2006,12,19,18.892,11.538
2006,12,20,18.759,13.739
2006,12,21,14.622,13.27
2006,12,22,16.874,11.37
2006,12,23,12.608,12.356
2006,12,24,11.862,9.082
2006,12,25,11.456,6.797
2006,12,26,11.95,11.485
2006,12,27,12.307,7.43
2006,12,28,9.635,4.342
2006,12,29,9.903,7.07
2006,12,30,11.936,14.069
2006,12,31,15.533,11.746
2007,1,1,11.229,10.153
2007,1,2,16.925,13.231
2007,1,3,17.818,14.561
2007,1,4,16.829,12.021
2007,1,5,9.271,12.107
2007,1,6,10.835,12.41
2007,1,7,10.432,11.328
2007,1,8,8.959,11.978
2007,1,9,8.325,11.851
2007,1,10,9.551,13.098
2007,1,11,10.224,16.361
2007,1,12,10.584,16.358
2007,1,13,10.987,12.351
2007,1,14,10.654,11.898
2007,1,15,13.913,13.493
2007,1,16,11.473,12.955
2007,1,17,8.446,14.374
2007,1,18,10.915,14.066
2007,1,19,10.461,17.309
2007,1,20,13.05,13.555
2007,1,21,15.275,13.454
2007,1,22,15.176,13.229
2007,1,23,14.603,10.466
2007,1,24,13.454,10.266
2007,1,25,12.532,10.949
2007,1,26,10.159,13.05
2007,1,27,9.691,14.056
2007,1,28,9.539,11.263
2007,1,29,11.486,13.15
2007,1,30,11.854,13.514
2007,1,31,7.869,9.973
2007,2,1,11.1,9.492
2007,2,2,11.301,10.415
2007,2,3,11.742,10.487
2007,2,4,13.078,12.144
2007,2,5,14.197,12.773
2007,2,6,14.471,10.464
2007,2,7,15.607,9.94
2007,2,8,17.558,9.337
2007,2,9,19.204,12.55
2007,2,10,18.183,15.64
2007,2,11,17.527,14.448
2007,2,12,16.01,17.206
2007,2,13,14.435,17.846
2007,2,14,12.891,15.838
2007,2,15,13.308,18.004
2007,2,16,12.912,13.462
2007,2,17,11.759,14.888
2007,2,18,11.34,14.423
2007,2,19,10.784,9.269
2007,2,20,15.252,13.605
2007,2,21,20.871,13.823
2007,2,22,22.285,14.069
2007,2,23,23.854,12.167
2007,2,24,20.529,10.873
2007,2,25,21.22,8.58
2007,2,26,13.633,10.226
2007,2,27,10.772,12.398
2007,2,28,12.871,11.503
2007,3,1,11.829,13.158
2007,3,2,15.717,15.725
2007,3,3,21.806,15.713
2007,3,4,21.958,17.259
2007,3,5,17.207,17.155
2007,3,6,12.824,15.773
2007,3,7,13.89,16.203
2007,3,8,16.613,18.387
2007,3,9,16.103,16.902
2007,3,10,14.4,16.256
2007,3,11,12.424,17.281
2007,3,12,10.425,18.301
2007,3,13,14.081,16.016
2007,3,14,19.956,14.485
2007,3,15,21.122,16.755
2007,3,16,19.182,14.567
2007,3,17,18.1,15.799
2007,3,18,22.517,15.365
2007,3,19,22.985,15.677
2007,3,20,22.487,13.443
2007,3,21,20.91,12.247
2007,3,22,19.873,15.414
2007,3,23,18.052,15.602
2007,3,24,20.387,15.685
2007,3,25,18.746,17.908
2007,3,26,19.088,20.672
2007,3,27,18.305,23.492
2007,3,28,17.027,25.451
2007,3,29,12.118,26.161
2007,3,30,11.498,24.529
2007,3,31,16.264,15.68
2007,4,1,17.714,12.689
2007,4,2,23.084,10.524
2007,4,3,21.823,16.765
2007,4,4,21.956,22.433
2007,4,5,20.303,23.732
2007,4,6,19.092,26.145
2007,4,7,21.976,26.902
2007,4,8,22.215,24.391
2007,4,9,16.918,23.45
2007,4,10,16.255,19.94
2007,4,11,14.021,20.758
2007,4,12,16.069,26.415
2007,4,13,20.11,28.236
2007,4,14,27.688,29.371
2007,4,15,27.41,27.6
2007,4,16,25.238,25.956
2007,4,17,21.388,18.391
2007,4,18,20.356,18.4
2007,4,19,21.176,20.006
2007,4,20,21.615,25.006
2007,4,21,21.521,26.207
2007,4,22,19.311,28.524
2007,4,23,15.093,26.204
2007,4,24,12.208,26.594
2007,4,25,16.125,24.139
2007,4,26,19.71,17.632
2007,4,27,21.946,18.939
2007,4,28,21.305,23.323
2007,4,29,12.569,27.332
2007,4,30,13.553,28.822
2007,5,1,19.103,28.473
2007,5,2,18.75,25.777
2007,5,3,15.22,25.14
2007,5,4,22.05,22.444
2007,5,5,20.744,22.921
2007,5,6,21.524,22.513
2007,5,7,25.878,20.361
2007,5,8,24.66,21.823
2007,5,9,23.957,20.115
2007,5,10,22.65,23.78
2007,5,11,18.967,28.528
2007,5,12,19.921,29.326
2007,5,13,25.269,30.8
2007,5,14,28.927,33.413
2007,5,15,29.955,32.81
2007,5,16,30.556,33.11
2007,5,17,33.099,32.84
2007,5,18,32.428,32.403
2007,5,19,28.347,31.143
2007,5,20,21.611,28.22
2007,5,21,23.333,26.464
2007,5,22,29.852,31.097
2007,5,23,32.499,25.189
2007,5,24,32.797,24.626
2007,5,25,31.812,25.318
2007,5,26,29.228,29.752
2007,5,27,28.807,32.515
2007,5,28,22.466,33.819
2007,5,29,22.42,32.775
2007,5,30,22.335,33.555
2007,5,31,26.679,28.705
2007,6,1,27.171,25.75
2007,6,2,28.073,26.069
2007,6,3,26.175,26.764
2007,6,4,24.232,26.025
2007,6,5,17.565,25.743
2007,6,6,18.762,29.186
2007,6,7,24.502,31.762
2007,6,8,26.553,32.907
2007,6,9,27.017,32.91
2007,6,10,25.247,34.216
2007,6,11,23.833,35.861
2007,6,12,26.431,38.548
2007,6,13,29.428,38.385
2007,6,14,32.157,37.974
2007,6,15,34.229,34.214
2007,6,16,34.064,29.49
2007,6,17,33.972,23.389
2007,6,18,33.079,26.337
2007,6,19,34.083,28.682
2007,6,20,34.624,31.778
2007,6,21,35.033,31.991
2007,6,22,35.765,30.761
2007,6,23,35.379,29.122
2007,6,24,33.556,31.167
2007,6,25,32.158,33.668
2007,6,26,29.82,32.16
2007,6,27,28.479,32.49
2007,6,28,26.705,34.255
2007,6,29,28.919,35.081
2007,6,30,30.673,33.529
2007,7,1,32.531,33.14
2007,7,2,32.059,32.459
2007,7,3,35.9,36.137
2007,7,4,35.529,38.607
2007,7,5,33.133,38.154
2007,7,6,30.436,35.821
2007,7,7,30.254,35.971
2007,7,8,32.389,33.69
2007,7,9,30.405,34.917
2007,7,10,31.716,35.664
2007,7,11,31.504,35.799
2007,7,12,30.913,35.349
2007,7,13,30.588,35.69
2007,7,14,28.775,35.795
2007,7,15,30.804,36.933
2007,7,16,32.012,37.51
2007,7,17,32.629,38.804
2007,7,18,32.73,36.129
2007,7,19,36.623,35.136
2007,7,20,38.238,36.168
2007,7,21,38.725,34.72
2007,7,22,37.278,37.632
2007,7,23,30.993,37.824
2007,7,24,27.846,35.65
2007,7,25,30.272,33.125
2007,7,26,32.427,38.607
2007,7,27,33.543,39.877
2007,7,28,33.91,41.212
2007,7,29,32.484,39.771
2007,7,30,31.639,40.003
2007,7,31,30.503,38.3
2007,8,1,31.175,34.736
2007,8,2,34.249,36.02
2007,8,3,33.21,35.159
2007,8,4,33.831,37.157
2007,8,5,33.755,36.716
2007,8,6,34.45,36.776
2007,8,7,34.329,33.699
2007,8,8,37.327,29.544
2007,8,9,36.472,30.245
2007,8,10,33.363,31.832
2007,8,11,29.773,34.224
2007,8,12,30.729,37.997
2007,8,13,29.532,38.977
2007,8,14,30.566,38.614
2007,8,15,29.761,35.896
2007,8,16,31.262,36.672
2007,8,17,32.362,37.392
2007,8,18,31.724,36.562
2007,8,19,33.673,35.421
2007,8,20,36.01,34.831
2007,8,21,37.081,34.344
2007,8,22,35.398,35.473
2007,8,23,36.989,36.568
2007,8,24,38.188,37.529
2007,8,25,38.308,38.003
2007,8,26,36.333,39.247
2007,8,27,35.486,37.34
2007,8,28,35.595,32.875
2007,8,29,32.405,37.095
2007,8,30,31.666,38.659
2007,8,31,30.642,39.952
2007,9,1,31.209,39.263
2007,9,2,30.808,38.12
2007,9,3,33.333,37.221
2007,9,4,30.691,36.799
2007,9,5,26.445,36.236
2007,9,6,27.452,35.088
2007,9,7,25.282,32.581
2007,9,8,26.908,31.404
2007,9,9,28.517,29.826
2007,9,10,25.288,33.86
2007,9,11,28.215,36.398
2007,9,12,34.094,38.816
2007,9,13,37.599,33.523
2007,9,14,39.71,26.775
2007,9,15,38.299,22.382
2007,9,16,36.292,27.989
2007,9,17,35.993,30.632
2007,9,18,34.63,31.851
2007,9,19,32.331,30.257
2007,9,20,33.6,31.051
2007,9,21,34.478,31.447
2007,9,22,35.1,29.607
2007,9,23,33.869,28.533
2007,9,24,33.864,23.776
2007,9,25,34.286,22.785
2007,9,26,33.558,22.404
2007,9,27,31.276,24.547
2007,9,28,32.236,26.591
2007,9,29,30.95,28.756
2007,9,30,25.817,30.515
2007,10,1,22.49,27.019
2007,10,2,24.715,29.405
2007,10,3,24.492,29.071
2007,10,4,26.491,28.392
2007,10,5,29.419,27.595
2007,10,6,32.277,32.308
2007,10,7,32.072,34.954
2007,10,8,30.329,33.762
2007,10,9,27.951,32.851
2007,10,10,26.767,33.098
2007,10,11,22.748,32.458
2007,10,12,21.865,30.991
2007,10,13,20.78,30.682
2007,10,14,22.39,28.268
2007,10,15,24.051,27.304
2007,10,16,28.015,27.186
2007,10,17,29.13,27.929
2007,10,18,26.849,26.879
2007,10,19,26.255,27.098
2007,10,20,26.782,23.183
2007,10,21,22.459,21.986
2007,10,22,20.523,19.345
2007,10,23,21.816,18.87
2007,10,24,19.742,18.413
2007,10,25,22.627,19.583
2007,10,26,16.773,18.807
2007,10,27,16.509,20.11
2007,10,28,17.741,22.771
2007,10,29,15.709,22.63
2007,10,30,14.552,21.92
2007,10,31,13.217,21.416
2007,11,1,14.75,23.514
2007,11,2,12.643,25.452
2007,11,3,13.801,24.817
2007,11,4,13.588,24.397
2007,11,5,15.005,24.727
2007,11,6,15.732,22.258
2007,11,7,18.523,20.999
2007,11,8,16.412,21.752
2007,11,9,15.834,19.864
2007,11,10,18.45,17.111
2007,11,11,16.424,13.113
2007,11,12,17.033,11.504
2007,11,13,18.359,14.239
2007,11,14,18.947,16.34
2007,11,15,17.615,13.394
2007,11,16,17.235,11.728
2007,11,17,16.891,14.258
2007,11,18,21.624,14.073
2007,11,19,21.718,16.021
2007,11,20,17.619,13.246
2007,11,21,18.131,16.22
2007,11,22,19.331,19.61
2007,11,23,19.517,18.459
2007,11,24,20.743,18.456
2007,11,25,20.832,18.529
2007,11,26,17.952,16.161
2007,11,27,16.587,10.777
2007,11,28,15.3,11.917
2007,11,29,16.043,11.191
2007,11,30,14.599,11.701
2007,12,1,10.05,11.639
2007,12,2,6.496,17.08
2007,12,3,6.781,15.722
2007,12,4,12.386,15.375
2007,12,5,7.971,15.111
2007,12,6,12.317,14.943
2007,12,7,15.059,14.128
2007,12,8,14.934,13.451
2007,12,9,13.948,14.959
2007,12,10,20.158,15.407
2007,12,11,19.642,13.298
2007,12,12,18.29,12.524
2007,12,13,13.99,12.558
2007,12,14,12.429,14.096
2007,12,15,8.655,12.047
2007,12,16,9.493,9.354
2007,12,17,9.204,8.009
2007,12,18,8.996,8.977
2007,12,19,11.18,9.153
2007,12,20,11.183,7.057
2007,12,21,10.823,10.676
2007,12,22,13.506,8.273
2007,12,23,13.148,6.117
2007,12,24,15.218,6.45
2007,12,25,13.721,7.58
2007,12,26,12.707,8.081
2007,12,27,13.915,10.927
2007,12,28,14.358,13.547
2007,12,29,16.529,15.136
2007,12,30,16.369,14.99
2007,12,31,15.381,17.578
2008,1,1,15.474,18.259
2008,1,2,15.022,17.749
2008,1,3,11.592,16.055
2008,1,4,11.65,17.512
2008,1,5,7.744,12.574
2008,1,6,7.92,10.351
2008,1,7,3.651,9.299
2008,1,8,5.089,10.248
2008,1,9,7.254,10.901
2008,1,10,10.338,8.474
2008,1,11,11.786,9.182
2008,1,12,13.361,9.402
2008,1,13,13.094,8.734
2008,1,14,12.617,9.466
2008,1,15,10.886,7.571
2008,1,16,11.73,13.064
2008,1,17,12.373,10.69
2008,1,18,12.234,10.363
2008,1,19,18.133,9.442
2008,1,20,15.439,10.375
2008,1,21,10.159,11.684
2008,1,22,11.006,14.558
2008,1,23,13.345,15.325
2008,1,24,13.292,17.317
2008,1,25,11.462,17.185
2008,1,26,11.152,16.873
2008,1,27,14.336,14.537
2008,1,28,15.983,18.487
2008,1,29,16.818,15.677
2008,1,30,16.441,17.746
2008,1,31,18.808,15.973
2008,2,1,18.294,14.22
2008,2,2,15.424,12.368
2008,2,3,17.232,16.255
2008,2,4,19.45,16.452
2008,2,5,19.958,12.627
2008,2,6,20.196,13.11
2008,2,7,22.16,10.354
2008,2,8,19.519,11.142
2008,2,9,18.934,11.534
2008,2,10,17.699,12.167
2008,2,11,19.031,12.568
2008,2,12,17.456,11.436
2008,2,13,15.8,12.636
2008,2,14,10.678,16.199
2008,2,15,14.412,16.375
2008,2,16,17.464,15.314
2008,2,17,17.694,14.579
2008,2,18,18.713,15.1
2008,2,19,21.183,17.955
2008,2,20,20.258,19.678
2008,2,21,17.805,17.436
2008,2,22,18.376,16.259
2008,2,23,19.802,14.935
2008,2,24,18.992,10.306
2008,2,25,23.162,9.8
2008,2,26,23.791,12.55
2008,2,27,23.434,16.096
2008,2,28,19.985,15.619
2008,2,29,14.52,16.081
2008,3,1,11.303,10.557
2008,3,2,12.525,10.007
2008,3,3,13.528,14.323
2008,3,4,15.338,17.775
2008,3,5,15.265,19.129
2008,3,6,11.707,19.869
2008,3,7,12.014,19.307
2008,3,8,12.13,23.048
2008,3,9,9.894,23.116
2008,3,10,9.459,22.678
2008,3,11,9.815,19.73
2008,3,12,14.121,16.349
2008,3,13,15.645,14.402
2008,3,14,14.485,14.836
2008,3,15,10.98,16.666
2008,3,16,14.165,17.749
2008,3,17,17.664,19.612
2008,3,18,22.094,19.139
2008,3,19,26.234,16.6
2008,3,20,27.691,15.818
2008,3,21,28.492,15.653
2008,3,22,25.867,18.604
2008,3,23,22.943,17.734
2008,3,24,23.689,19.256
2008,3,25,27.461,22.213
2008,3,26,25.392,22.347
2008,3,27,26.632,23.236
2008,3,28,21.188,21.992
2008,3,29,17.544,17.99
2008,3,30,21.207,16.892
2008,3,31,21.919,17.171
2008,4,1,22.382,22.442
2008,4,2,28.014,23.115
2008,4,3,27.785,25.459
2008,4,4,25.645,27.737
2008,4,5,26.623,28.565
2008,4,6,21.721,30.951
2008,4,7,16.452,29.886
2008,4,8,18.988,27.988
2008,4,9,22.877,27.837
2008,4,10,18.474,25.474
2008,4,11,12.37,22.334
2008,4,12,14.757,20.654
2008,4,13,15.94,25.02
2008,4,14,22.237,27.355
2008,4,15,28.92,28.334
2008,4,16,26.804,28.102
2008,4,17,25.837,28.824
2008,4,18,23.622,26.032
2008,4,19,23.289,21.362
2008,4,20,22.754,20.704
2008,4,21,22.628,20.52
2008,4,22,23.842,19.62
2008,4,23,26.896,20.175
2008,4,24,27.636,24.095
2008,4,25,27.166,25.881
2008,4,26,27.426,28.401
2008,4,27,26.336,29.603
2008,4,28,27.222,29.903
2008,4,29,22.966,28.228
2008,4,30,20.833,23.987
2008,5,1,19.427,21.224
2008,5,2,18.231,22.37
2008,5,3,19.492,24.238
2008,5,4,18.722,25.294
2008,5,5,17.969,29.2
2008,5,6,15.943,29.455
2008,5,7,19.919,31.436
2008,5,8,22.36,33.214
2008,5,9,21.936,32.029
2008,5,10,23.169,30.684
2008,5,11,15.737,30.414
2008,5,12,12.316,28.303
2008,5,13,14.051,21.819
2008,5,14,19.053,23.55
2008,5,15,22.32,22.017
2008,5,16,21.097,27.654
2008,5,17,21.57,28.323
2008,5,18,20.294,28.657
2008,5,19,20.071,27.102
2008,5,20,22.354,23.789
2008,5,21,23.379,24.678
2008,5,22,22.48,24.359
2008,5,23,23.859,22.835
2008,5,24,26.402,23.313
2008,5,25,23.785,24.639
2008,5,26,25.853,26.077
2008,5,27,29.11,30.654
2008,5,28,31.692,31.407
2008,5,29,33.593,35.049
2008,5,30,36.492,36.857
2008,5,31,33.055,35.222
2008,6,1,32.321,26.716
2008,6,2,33.673,35.445
2008,6,3,32.401,36.912
2008,6,4,30.097,34.052
2008,6,5,27.812,33.111
2008,6,6,30.47,37.295
2008,6,7,27.402,40.264
2008,6,8,25.414,40.189
2008,6,9,28.722,36.677
2008,6,10,30.929,27.102
2008,6,11,31.701,27.85
2008,6,12,35.005,35.826
2008,6,13,36.742,37.969
2008,6,14,34.382,39.31
2008,6,15,31.97,40.01
2008,6,16,33.377,39.151
2008,6,17,36.9,38.795
2008,6,18,38.263,39.367
2008,6,19,36.298,38.314
2008,6,20,34.307,33.23
2008,6,21,36.682,35.777
2008,6,22,39.185,34.677
2008,6,23,38.758,32.251
2008,6,24,34.613,32.602
2008,6,25,33.397,31.159
2008,6,26,33.922,29.953
2008,6,27,32.167,29.101
2008,6,28,29.369,34.814
2008,6,29,30.004,35.584
2008,6,30,28.528,35.433
2008,7,1,25.954,37.171
2008,7,2,27.063,39.08
2008,7,3,27.06,39.686
2008,7,4,29.803,40.519
2008,7,5,31.665,40.765
2008,7,6,33.492,40.676
2008,7,7,32.834,40.104
2008,7,8,34.811,41.821
2008,7,9,33.51,38.496
2008,7,10,36.404,36.856
2008,7,11,34.773,35.571
2008,7,12,33.232,34.098
2008,7,13,31.023,34.786
2008,7,14,32.985,35.853
2008,7,15,32.939,33.873
2008,7,16,31.413,33.13
2008,7,17,30.768,30.472
2008,7,18,31.851,31.419
2008,7,19,35.382,30.99
2008,7,20,36.915,31.437
2008,7,21,36.712,31.48
2008,7,22,39.705,33.235
2008,7,23,37.683,34.285
2008,7,24,34.078,37.283
2008,7,25,33.833,37.966
2008,7,26,34.975,38.602
2008,7,27,35.304,42.077
2008,7,28,38.162,40.616
2008,7,29,39.87,40.689
2008,7,30,41.038,38.732
2008,7,31,39.267,39.251
2008,8,1,38.495,39.562
2008,8,2,39.182,39.897
2008,8,3,35.92,38.326
2008,8,4,32.253,37.455
2008,8,5,32.955,38.637
2008,8,6,36.39,38.035
2008,8,7,37.658,35.797
2008,8,8,35.657,34.94
2008,8,9,35.337,34.657
2008,8,10,36.172,35.107
2008,8,11,38.521,33.788
2008,8,12,37.839,32.186
2008,8,13,37.61,33.464
2008,8,14,36.751,36.084
2008,8,15,34.19,34.718
2008,8,16,33.994,35.071
2008,8,17,35.133,33.318
2008,8,18,36.444,32.876
2008,8,19,36.102,31.52
2008,8,20,33.538,31.937
2008,8,21,32.69,33.515
2008,8,22,32.693,35.037
2008,8,23,37.687,34.439
2008,8,24,38.516,35.727
2008,8,25,38.884,36.369
2008,8,26,38.056,37.995
2008,8,27,39.263,37.659
2008,8,28,36.774,39.173
2008,8,29,34.789,37.319
2008,8,30,31.689,35.925
2008,8,31,30.003,35.049
2008,9,1,31.277,33.234
2008,9,2,32.142,34.173
2008,9,3,33.414,34.299
2008,9,4,31.91,36.159
2008,9,5,29.077,36.028
2008,9,6,29.286,34.444
2008,9,7,30.107,29.337
2008,9,8,31.408,27.703
2008,9,9,30.986,25.85
2008,9,10,30.673,26.896
2008,9,11,30.08,29.341
2008,9,12,33.547,32.674
2008,9,13,33.427,32.521
2008,9,14,34.297,34.29
2008,9,15,35.483,32.954
2008,9,16,36.02,29.947
2008,9,17,37.495,26.419
2008,9,18,36.461,26.947
2008,9,19,35.396,26.557
2008,9,20,33.457,26.041
2008,9,21,32.458,24.749
2008,9,22,28.426,24.514
2008,9,23,29.595,23.268
2008,9,24,26.063,26.076
2008,9,25,25.476,27.014
2008,9,26,27.161,26.926
2008,9,27,26.068,23.939
2008,9,28,22.067,25.297
2008,9,29,22.894,28.698
2008,9,30,25.98,30.931
2008,10,1,25.392,30.069
2008,10,2,24.068,29.07
2008,10,3,26.306,26.682
2008,10,4,29.562,27.139
2008,10,5,32.762,28.39
2008,10,6,32.614,30.694
2008,10,7,33.145,31.737
2008,10,8,34.692,31.392
2008,10,9,34.182,29.621
2008,10,10,32.525,29.148
2008,10,11,31.661,19.007
2008,10,12,24.547,16.952
2008,10,13,20.375,17.372
2008,10,14,19.859,17.115
2008,10,15,22.541,20.411
2008,10,16,28.276,18.864
2008,10,17,30.855,18.605
2008,10,18,30.675,20.316
2008,10,19,31.137,24.342
2008,10,20,31.409,23.219
2008,10,21,24.805,23.875
2008,10,22,21.327,17.511
2008,10,23,19.406,19.903
2008,10,24,22.602,23.613
2008,10,25,24.056,27.028
2008,10,26,25.058,26.871
2008,10,27,26.091,22.831
2008,10,28,25.388,24.531
2008,10,29,25.13,18.495
2008,10,30,24.363,19.636
2008,10,31,25.08,20.763
2008,11,1,27.202,18.265
2008,11,2,29.909,20.302
2008,11,3,27.235,20.247
2008,11,4,25.086,20.503
2008,11,5,26.967,22.613
2008,11,6,28.166,23.398
2008,11,7,25.599,21.767
2008,11,8,25.741,21.052
2008,11,9,27.383,15.903
2008,11,10,25.809,15.645
2008,11,11,18.369,19.449
2008,11,12,16.824,20.097
2008,11,13,19.11,21.565
2008,11,14,20.901,18.398
2008,11,15,20.871,13.671
2008,11,16,21.705,12.898
2008,11,17,19.516,14.148
2008,11,18,19.381,14.383
2008,11,19,20.277,12.684
2008,11,20,20.528,13.323
2008,11,21,19.825,14.585
2008,11,22,16.155,11.897
2008,11,23,14.801,14.2
2008,11,24,16.252,13.315
2008,11,25,16.765,14.614
2008,11,26,16.923,13.896
2008,11,27,16.429,15.437
2008,11,28,16.359,17.462
2008,11,29,12.255,18.282
2008,11,30,14.728,18.669
2008,12,1,13.813,19.224
2008,12,2,13.728,17.802
2008,12,3,15.972,18.537
2008,12,4,15.733,20.126
2008,12,5,17.692,17.611
2008,12,6,15.468,18.511
2008,12,7,14.109,17.086
2008,12,8,15.796,18.471
2008,12,9,16.38,18.53
2008,12,10,12.839,21.461
2008,12,11,14.876,20.617
2008,12,12,13.596,16.294
2008,12,13,14.733,14.663
2008,12,14,13.513,9.263
2008,12,15,12.133,8.473
2008,12,16,12.823,11.968
2008,12,17,12.419,11.326
2008,12,18,15.741,10.559
2008,12,19,14.611,11.045
2008,12,20,16.638,15.12
2008,12,21,15.746,13.916
2008,12,22,10.709,14.423
2008,12,23,12.286,12.726
2008,12,24,13.374,12.848
2008,12,25,18.31,11.454
2008,12,26,19.118,11.099
2008,12,27,18.717,12.366
2008,12,28,15.632,14.166
2008,12,29,16.26,11.054
2008,12,30,19.213,9.298
2008,12,31,17.928,10.147
2009,1,1,17.89,9.352
2009,1,2,15.287,11.826
2009,1,3,14.447,12.585
2009,1,4,14.77,12.038
2009,1,5,14.765,10.222
2009,1,6,11.906,11.424
2009,1,7,9.059,12.179
2009,1,8,11.447,6.774
2009,1,9,11.411,11.852
2009,1,10,12.25,10.39
2009,1,11,13.342,11.297
2009,1,12,17.254,11.42
2009,1,13,17.959,9.812
2009,1,14,17.385,9.024
2009,1,15,18.536,10.655
2009,1,16,14.851,11.694
2009,1,17,13.829,13.568
2009,1,18,13.087,12.165
2009,1,19,16.379,12.531
2009,1,20,16.985,12.931
2009,1,21,19.067,13.457
2009,1,22,19.462,10.279
2009,1,23,17.659,9.672
2009,1,24,20.344,11.952
2009,1,25,16.729,15.194
2009,1,26,15.536,16.874
2009,1,27,12.647,15.531
2009,1,28,13.786,16.95
2009,1,29,15.899,17.533
2009,1,30,17.997,18.626
2009,1,31,13.287,16.618
2009,2,1,17.061,18.975
2009,2,2,12.731,17.435
2009,2,3,13.646,15.664
2009,2,4,14.434,14.067
2009,2,5,13.278,12.768
2009,2,6,13.494,16.458
2009,2,7,12.831,15.941
2009,2,8,12.471,16.171
2009,2,9,13.081,13.807
2009,2,10,13.055,12.758
2009,2,11,14.735,11.837
2009,2,12,16.293,15.549
2009,2,13,17.381,15.41
2009,2,14,18.227,15.167
2009,2,15,17.552,14.037
2009,2,16,18.332,11.534
2009,2,17,18.623,12.281
2009,2,18,16.184,14.407
2009,2,19,17.984,18.453
2009,2,20,19.321,18.208
2009,2,21,22.88,20.311
2009,2,22,25.016,17.288
2009,2,23,23.387,15.342
2009,2,24,21.002,14.809
2009,2,25,12.012,14.233
2009,2,26,8.149,18.023
2009,2,27,7.868,21.329
2009,2,28,7.243,19.29
2009,3,1,9.391,18.301
2009,3,2,12.504,21.038
2009,3,3,13.416,19.966
2009,3,4,13.023,13.618
2009,3,5,8.15,16.417
2009,3,6,9.446,18.291
2009,3,7,7.481,16.593
2009,3,8,9.682,18.149
2009,3,9,9.628,15.122
2009,3,10,10.302,18.876
2009,3,11,13.15,22.46
2009,3,12,14.145,21.33
2009,3,13,15.281,22.408
2009,3,14,16.897,20.74
2009,3,15,16.631,20.51
2009,3,16,16.919,19.917
2009,3,17,18.662,16.544
2009,3,18,25.775,14.566
2009,3,19,20.284,11.332
2009,3,20,23.314,8.313
2009,3,21,19.683,10.382
2009,3,22,17.26,12.617
2009,3,23,12.65,13.431
2009,3,24,12.517,15.775
2009,3,25,17.697,18.284
2009,3,26,22.486,17.79
2009,3,27,22.408,17.746
2009,3,28,26.306,12.714
2009,3,29,24.966,8.156
2009,3,30,21.737,11.183
2009,3,31,21.189,14.424
2009,4,1,25.711,18.29
2009,4,2,24.667,20.113
2009,4,3,22.764,16.214
2009,4,4,23.929,17.84
2009,4,5,20.034,21.245
2009,4,6,17.885,20.705
2009,4,7,17.864,15.543
2009,4,8,21.113,12.26
2009,4,9,23.313,10.22
2009,4,10,26.694,10.987
2009,4,11,24.588,11.888
2009,4,12,27.496,11.35
2009,4,13,23.589,16.032
2009,4,14,24.415,22.075
2009,4,15,18.659,22.457
2009,4,16,14.159,18.498
2009,4,17,9.894,14.268
2009,4,18,13.944,14.778
2009,4,19,13.778,13.542
2009,4,20,14.513,16.266
2009,4,21,14.996,17.794
2009,4,22,20.596,21.211
2009,4,23,13.346,22.267
2009,4,24,16.097,26.133
2009,4,25,24.393,29.9
2009,4,26,26.845,27.326
2009,4,27,28.198,26.377
2009,4,28,29.788,25.866
2009,4,29,30.805,22.241
2009,4,30,27.899,17.673
2009,5,1,24.588,18.206
2009,5,2,20.58,18.403
2009,5,3,17.056,17.112
2009,5,4,11.404,26.42
2009,5,5,11.716,30.308
2009,5,6,15.916,29.817
2009,5,7,22.073,27.443
2009,5,8,25.358,25.56
2009,5,9,24.169,23.528
2009,5,10,18.98,18.911
2009,5,11,16.004,18.589
2009,5,12,15.492,21.338
2009,5,13,17.199,24.331
2009,5,14,18.154,21.54
2009,5,15,21.985,18.82
2009,5,16,27.704,11.543
2009,5,17,28.734,10.756
2009,5,18,27.778,16.902
2009,5,19,28.191,20.949
2009,5,20,29.216,23.182
2009,5,21,29.09,25.34
2009,5,22,29.418,23.444
2009,5,23,30.073,18.5
2009,5,24,29.728,20.76
2009,5,25,28.909,26.539
2009,5,26,29.361,30.154
2009,5,27,25.615,31.88
2009,5,28,23.316,29.243
2009,5,29,21.353,27.92
2009,5,30,19.402,27.264
2009,5,31,17.298,30.586
2009,6,1,18.206,30.393
2009,6,2,18.273,26.833
2009,6,3,22.411,22.568
2009,6,4,25.371,19.986
2009,6,5,25.473,23.796
2009,6,6,23.363,25.51
2009,6,7,27.169,28.225
2009,6,8,26.737,28.681
2009,6,9,28.28,28.744
2009,6,10,27.248,27.01
2009,6,11,28.731,24.989
2009,6,12,32.246,19.16
2009,6,13,32.655,19.053
2009,6,14,32.181,26.525
2009,6,15,32.282,27.151
2009,6,16,30.66,26.834
2009,6,17,30.975,27.526
2009,6,18,30.904,28.863
2009,6,19,30.658,30.088
2009,6,20,31.843,30.564
2009,6,21,35.795,30.425
2009,6,22,34.283,30.64
2009,6,23,32.696,30.535
2009,6,24,29.245,29.768
2009,6,25,29.212,29.737
2009,6,26,31.161,30.791
2009,6,27,31.825,31.215
2009,6,28,33.719,30.718
2009,6,29,31.407,32.12
2009,6,30,31.119,32.485
2009,7,1,30.499,33.731
2009,7,2,30.903,33.978
2009,7,3,33.047,36.422
2009,7,4,34.564,38.806
2009,7,5,36.868,39.739
2009,7,6,35.405,38.387
2009,7,7,35.506,36.585
2009,7,8,35.386,33.003
2009,7,9,31.862,34.899
2009,7,10,32.164,36.316
2009,7,11,33.505,35.598
2009,7,12,34.216,38.457
2009,7,13,35.131,37.531
2009,7,14,36.066,37.332
2009,7,15,34.557,37.383
2009,7,16,34.881,39.537
2009,7,17,34.637,38.471
2009,7,18,36.126,40.382
2009,7,19,38.753,37.615
2009,7,20,39.927,38.646
2009,7,21,39.941,39.189
2009,7,22,41.663,39.41
2009,7,23,41.306,40.745
2009,7,24,41.063,43.208
2009,7,25,40.862,40.926
2009,7,26,40.43,38.438
2009,7,27,38.049,38.029
2009,7,28,37.307,35.124
2009,7,29,37.551,33.364
2009,7,30,39.374,31.747
2009,7,31,37.002,36.602
2009,8,1,37.402,39.36
2009,8,2,36.87,39.111
2009,8,3,32.523,39.124
2009,8,4,32.961,39.438
2009,8,5,34.643,37.627
2009,8,6,34.342,35.457
2009,8,7,36.461,34.35
2009,8,8,34.675,35.24
2009,8,9,36.211,36.219
2009,8,10,36.341,33.272
2009,8,11,37.049,31.738
2009,8,12,35.439,31.985
2009,8,13,28.954,34.577
2009,8,14,31.196,34.544
2009,8,15,32.979,30.238
2009,8,16,32.866,30.816
2009,8,17,32.589,28.157
2009,8,18,31.19,30.024
2009,8,19,29.452,31.61
2009,8,20,33.783,31.551
2009,8,21,36.448,31.065
2009,8,22,36.758,31.798
2009,8,23,36.639,33.193
2009,8,24,34.477,34.439
2009,8,25,35.415,36.723
2009,8,26,36.116,36.578
2009,8,27,35.595,34.875
2009,8,28,34.504,32.793
2009,8,29,33.402,33.668
2009,8,30,27.025,34.37
2009,8,31,26.995,35.423
2009,9,1,24.585,34.452
2009,9,2,25.778,29.289
2009,9,3,24.96,28.079
2009,9,4,27.55,32.345
2009,9,5,28.928,35.561
2009,9,6,32.811,35.096
2009,9,7,37.707,34.192
2009,9,8,38.104,33.409
2009,9,9,36.58,33.129
2009,9,10,37.547,33.541
2009,9,11,37.535,34.133
2009,9,12,36.36,34.703
2009,9,13,34.79,34.403
2009,9,14,33.743,27.084
2009,9,15,34.119,29.776
2009,9,16,34.904,31.349
2009,9,17,35.91,34.396
2009,9,18,37.332,35.674
2009,9,19,36.97,35.478
2009,9,20,35.83,33.324
2009,9,21,36.869,31.613
2009,9,22,35.11,27.168
2009,9,23,32.922,25.06
2009,9,24,25.271,26.731
2009,9,25,25.404,23.421
2009,9,26,25.009,25.597
2009,9,27,23.55,27.906
2009,9,28,23.972,25.96
2009,9,29,21.999,25.484
2009,9,30,25.028,21.904
2009,10,1,25.288,26.88
2009,10,2,29.277,27.381
2009,10,3,31.287,28.605
2009,10,4,33.44,30.855
2009,10,5,34.936,29.743
2009,10,6,34.188,30.223
2009,10,7,33.9,31.767
2009,10,8,33.069,27.364
2009,10,9,31.322,27.077
2009,10,10,31.043,27.256
2009,10,11,28.844,22.51
2009,10,12,24.081,18.675
2009,10,13,23.776,16.571
2009,10,14,25.219,23.121
2009,10,15,20.789,29.134
2009,10,16,15.701,29.11
2009,10,17,17.913,26.58
2009,10,18,17.902,27.452
2009,10,19,13.618,27.91
2009,10,20,15.522,28.631
2009,10,21,21.24,29.778
2009,10,22,21.704,28.68
2009,10,23,19.796,24.571
2009,10,24,16.667,24.058
2009,10,25,13.063,24.295
2009,10,26,13.652,24.002
2009,10,27,16.326,25.91
2009,10,28,18.534,24.597
2009,10,29,17.863,18.798
2009,10,30,16.494,18.861
2009,10,31,18.872,16.437
2009,11,1,18.619,15.098
2009,11,2,22.176,17.923
2009,11,3,18.628,18.09
2009,11,4,18.431,12.696
2009,11,5,18.751,13.751
2009,11,6,17.819,15.31
2009,11,7,14.501,18.327
2009,11,8,13.546,17.081
2009,11,9,13.384,17.226
2009,11,10,12.474,15.468
2009,11,11,11.596,20.336
2009,11,12,13.062,19.942
2009,11,13,10.038,14.715
2009,11,14,10.95,12.318
2009,11,15,14.162,11.824
2009,11,16,14.301,13.1
2009,11,17,15.945,14.312
2009,11,18,15.397,16.038
2009,11,19,19.262,15.995
2009,11,20,16.421,21.698
2009,11,21,16.387,22.449
2009,11,22,14.668,20.857
2009,11,23,12.731,17.989
2009,11,24,12.547,16.922
2009,11,25,9.728,13.086
2009,11,26,10.886,9.024
2009,11,27,11.742,12.862
2009,11,28,12.45,17.392
2009,11,29,12.308,16.352
2009,11,30,14.604,15.326
2009,12,1,18.768,14.113
2009,12,2,18.493,16.036
2009,12,3,18.144,16.336
2009,12,4,18.928,16.738
2009,12,5,18.716,16.211
2009,12,6,19.064,18.756
2009,12,7,16.865,18.42
2009,12,8,18.312,17.667
2009,12,9,15.104,12.27
2009,12,10,14.338,14.386
2009,12,11,9.655,16.871
2009,12,12,9.022,13.591
2009,12,13,10.201,10.505
2009,12,14,11.09,12.185
2009,12,15,11.785,13.312
2009,12,16,9.089,13.008
2009,12,17,9.12,14.116
2009,12,18,12.232,13.139
2009,12,19,13.722,11.337
2009,12,20,11.402,13.062
2009,12,21,12.871,18.583
2009,12,22,13.099,18.433
2009,12,23,13.6,17.961
2009,12,24,12.18,17.13
2009,12,25,9.739,18.952
2009,12,26,12.544,16.488
2009,12,27,14.808,12.71
2009,12,28,11.757,12.109
2009,12,29,12.572,14.436
2009,12,30,15.461,15.31
2009,12,31,17.734,12.803
2010,1,1,16.739,12.829
2010,1,2,13.443,11.545
2010,1,3,13.565,9.073
2010,1,4,14.784,11.384
2010,1,5,14.177,10.643
2010,1,6,12.133,9.451
2010,1,7,12.961,10.185
2010,1,8,13.133,8.566
2010,1,9,16.736,7.21
2010,1,10,16.184,7.689
2010,1,11,10.716,14.966
2010,1,12,11.403,12.35
2010,1,13,8.552,11.287
2010,1,14,8.068,13.423
2010,1,15,7.221,16.271
2010,1,16,8.902,18.046
2010,1,17,9.708,19.663
2010,1,18,9.624,18.653
2010,1,19,9.107,17.175
2010,1,20,10.83,9.434
2010,1,21,15.65,9.606
2010,1,22,15.377,9.021
2010,1,23,16.724,10.628
2010,1,24,17.782,7.099
2010,1,25,16.231,8.407
2010,1,26,16.666,7.609
2010,1,27,16.228,6.243
2010,1,28,17.497,6.967
2010,1,29,17.197,6.604
2010,1,30,12.304,9.734
2010,1,31,13.01,10.21
2010,2,1,8.394,12.614
2010,2,2,10.675,12.188
2010,2,3,12.595,12.097
2010,2,4,14.57,12.812
2010,2,5,14.95,10.972
2010,2,6,13.724,11.14
2010,2,7,13.47,7.931
2010,2,8,14.344,8.161
2010,2,9,14.356,9.348
2010,2,10,13.742,10.989
2010,2,11,14.132,15.318
2010,2,12,13.786,15.319
2010,2,13,14.326,10.714
2010,2,14,16.2,11.258
2010,2,15,17.253,13.867
2010,2,16,19.057,14.51
2010,2,17,19.723,15.526
2010,2,18,20.659,19.729
2010,2,19,20.275,18.846
2010,2,20,16.806,12.351
2010,2,21,15.337,9.919
2010,2,22,13.637,11.414
2010,2,23,15.527,10.403
2010,2,24,13.91,12.465
2010,2,25,9.82,10.465
2010,2,26,12.391,11.502
2010,2,27,15.544,12.225
2010,2,28,16.788,12.634
2010,3,1,17.401,13.741
2010,3,2,19.071,14.144
2010,3,3,22.488,16.285
2010,3,4,23.51,16.111
2010,3,5,22.712,16.349
2010,3,6,22.68,20.154
2010,3,7,21.794,22.961
2010,3,8,19.45,23.27
2010,3,9,17.168,23.695
2010,3,10,17.917,23.183
2010,3,11,22.241,21.287
2010,3,12,22.627,20.254
2010,3,13,21.293,18.669
2010,3,14,21.519,16.377
2010,3,15,19.282,14.004
2010,3,16,14.086,13.886
2010,3,17,20.924,16.548
2010,3,18,18.41,16.387
2010,3,19,19.016,16.221
2010,3,20,19.763,16.604
2010,3,21,20.685,15.986
2010,3,22,20.881,20.62
2010,3,23,23.649,17.999
2010,3,24,21.969,18.306
2010,3,25,19.583,18.438
2010,3,26,18.824,22.425
2010,3,27,20.565,27.179
2010,3,28,19.451,27.004
2010,3,29,15.181,21.788
2010,3,30,12.867,17.174
2010,3,31,13.441,19.215
2010,4,1,14.801,20.617
2010,4,2,14.398,22.247
2010,4,3,11.554,27.408
2010,4,4,13.19,28.916
2010,4,5,16.81,28.782
2010,4,6,17.421,29.884
2010,4,7,19.705,26.928
2010,4,8,19.311,20.533
2010,4,9,16.792,21.702
2010,4,10,16.414,21.184
2010,4,11,19.779,18.356
2010,4,12,17.773,19.387
2010,4,13,17.218,16.289
2010,4,14,21.305,18.75
2010,4,15,21.21,20.904
2010,4,16,19.135,24.551
2010,4,17,14.077,18.284
2010,4,18,17.644,13.771
2010,4,19,17.868,17.487
2010,4,20,19.041,22.332
2010,4,21,22.236,19.651
2010,4,22,22.818,18.978
2010,4,23,24.892,16.616
2010,4,24,25.347,16.754
2010,4,25,26.44,9.621
2010,4,26,22.108,8.621
2010,4,27,22.038,11.146
2010,4,28,17.776,13.92
2010,4,29,18.869,15.609
2010,4,30,17.425,14.129
2010,5,1,22.886,18.835
2010,5,2,25.653,22.474
2010,5,3,25.542,24.664
2010,5,4,22.324,22.188
2010,5,5,25.436,19.86
2010,5,6,24.773,20.493
2010,5,7,20.959,23.788
2010,5,8,19.351,27.96
2010,5,9,21.485,23.706
2010,5,10,25.869,22.835
2010,5,11,26.412,29.181
2010,5,12,25.525,30.107
2010,5,13,23.61,23.855
2010,5,14,19.312,20.958
2010,5,15,21.618,23.014
2010,5,16,25.67,23.567
2010,5,17,25.883,24.386
2010,5,18,21.018,25.874
2010,5,19,23.287,24.368
2010,5,20,27.353,25.972
2010,5,21,33.104,29.076
2010,5,22,35.182,34.494
2010,5,23,33.467,35.895
2010,5,24,28.25,33.946
2010,5,25,28.98,32.408
2010,5,26,31.265,35.041
2010,5,27,35.009,35.191
2010,5,28,35.159,35.425
2010,5,29,33.967,36.632
2010,5,30,34.165,37.409
2010,5,31,36.487,35.456
2010,6,1,37.185,37.151
2010,6,2,32.631,37.425
2010,6,3,32.804,37.953
2010,6,4,34.984,38.142
2010,6,5,33.743,38.334
2010,6,6,34.028,38.459
2010,6,7,36.223,33.213
2010,6,8,35.011,32.9
2010,6,9,34.187,30.604
2010,6,10,30.799,29.287
2010,6,11,29.152,30.116
2010,6,12,26.035,35.272
2010,6,13,28.867,35.954
2010,6,14,27.882,34.451
2010,6,15,22.696,34.119
2010,6,16,26.797,38.016
2010,6,17,27.417,38.033
2010,6,18,25.611,37.781
2010,6,19,24.557,34.246
2010,6,20,24.902,32.233
2010,6,21,26.755,30.375
2010,6,22,30.485,30.728
2010,6,23,30.063,31.025
2010,6,24,30.41,31.767
2010,6,25,28.73,34.224
2010,6,26,25.125,38.879
2010,6,27,26.418,38.877
2010,6,28,29.458,37.344
2010,6,29,30.74,34.925
2010,6,30,30.252,34.392
2010,7,1,30.618,32.049
2010,7,2,32.946,30.892
2010,7,3,33.266,30.387
2010,7,4,34.505,30.298
2010,7,5,35.397,33.702
2010,7,6,35.412,35.851
2010,7,7,34.904,35.063
2010,7,8,33.688,37.02
2010,7,9,34.024,36.269
2010,7,10,36.241,36.024
2010,7,11,36.752,35.949
2010,7,12,34.61,35.397
2010,7,13,32.447,36.294
2010,7,14,31.135,37.398
2010,7,15,33.498,37.525
2010,7,16,33.523,39.215
2010,7,17,34.418,40.363
2010,7,18,38.367,42.623
2010,7,19,40.508,40.124
2010,7,20,42.984,40.096
2010,7,21,42.53,39.958
2010,7,22,43.875,37.76
2010,7,23,42.517,36.142
2010,7,24,36.674,33.584
2010,7,25,35.534,31.941
2010,7,26,38.892,33.059
2010,7,27,39.337,32.592
2010,7,28,39.896,30.932
2010,7,29,41.217,31.885
2010,7,30,39.707,32.454
2010,7,31,41.131,34.332
2010,8,1,36.571,38.421
2010,8,2,37.427,41.363
2010,8,3,40.91,42.599
2010,8,4,41.66,41.308
2010,8,5,42.082,37.755
2010,8,6,41.668,40.082
2010,8,7,39.345,39.202
2010,8,8,37.532,37.878
2010,8,9,36.669,36.956
2010,8,10,37.242,29.073
2010,8,11,35.274,31.035
2010,8,12,35.79,30.973
2010,8,13,37.194,30.437
2010,8,14,37.759,29.012
2010,8,15,35.292,26.416
2010,8,16,33.13,28.378
2010,8,17,31.101,33.36
2010,8,18,29.385,30.965
2010,8,19,29.657,26.242
2010,8,20,27.504,27.851
2010,8,21,30.537,29.12
2010,8,22,34.871,26.171
2010,8,23,37.269,26.431
2010,8,24,36.341,21.687
2010,8,25,34.558,20.668
2010,8,26,37.001,28.476
2010,8,27,36.071,29.675
2010,8,28,36.884,32.728
2010,8,29,36.081,33.22
2010,8,30,35.054,35.611
2010,8,31,33.19,37.502
2010,9,1,33.477,36.598
2010,9,2,35.657,37.464
2010,9,3,36.912,36.081
2010,9,4,37.803,36.959
2010,9,5,38.496,34.123
2010,9,6,38.965,30.645
2010,9,7,30.259,29.494
2010,9,8,33.177,28.775
2010,9,9,35.444,28.056
2010,9,10,35.557,30.42
2010,9,11,33.678,30.673
2010,9,12,32.378,29.062
2010,9,13,33.722,26.222
2010,9,14,35.611,28.762
2010,9,15,34.388,28.421
2010,9,16,33.634,26.194
2010,9,17,35.025,27.537
2010,9,18,35.728,26.881
2010,9,19,38.092,29.039
2010,9,20,37.103,32.373
2010,9,21,37.057,34.842
2010,9,22,37.324,31.353
2010,9,23,36.289,23.463
2010,9,24,33.24,22.704
2010,9,25,33.304,29.824
2010,9,26,31.699,28.408
2010,9,27,29.568,26.834
2010,9,28,28.722,25.361
2010,9,29,30.706,24.409
2010,9,30,28.852,25.726
2010,10,1,29.092,23.524
2010,10,2,30.329,24.424
2010,10,3,31.721,25.553
2010,10,4,30.567,26.001
2010,10,5,29.509,27.432
2010,10,6,24.265,29.794
2010,10,7,21.508,28.499
2010,10,8,22.795,27.597
2010,10,9,19.57,28.371
2010,10,10,20.862,28.927
2010,10,11,22.061,21.671
2010,10,12,26.419,22.413
2010,10,13,27.702,23.406
2010,10,14,28.013,24.998
2010,10,15,29.121,25.472
2010,10,16,29.057,28.002
2010,10,17,29.758,26.673
2010,10,18,28.235,27.43
2010,10,19,21.705,28.075
2010,10,20,22.923,28.04
2010,10,21,26.985,24.874
2010,10,22,25.458,21.0
2010,10,23,25.851,20.034
2010,10,24,29.165,17.203
2010,10,25,27.922,16.953
2010,10,26,26.578,17.719
2010,10,27,24.662,16.554
2010,10,28,22.753,16.174
2010,10,29,25.142,15.684
2010,10,30,21.482,21.623
2010,10,31,18.157,25.809
2010,11,1,14.294,26.157
2010,11,2,14.883,26.146
2010,11,3,16.105,19.119
2010,11,4,16.833,21.519
2010,11,5,18.468,18.132
2010,11,6,18.892,18.596
2010,11,7,20.527,19.491
2010,11,8,19.713,19.783
2010,11,9,21.628,21.119
2010,11,10,21.439,21.263
2010,11,11,18.946,21.063
2010,11,12,20.239,20.771
2010,11,13,16.915,19.99
2010,11,14,17.177,18.443
2010,11,15,16.943,17.528
2010,11,16,16.847,17.51
2010,11,17,17.091,16.124
2010,11,18,16.945,15.383
2010,11,19,13.711,13.101
2010,11,20,12.595,11.657
2010,11,21,12.425,13.183
2010,11,22,12.455,12.467
2010,11,23,13.272,12.082
2010,11,24,13.279,14.74
2010,11,25,10.171,14.925
2010,11,26,8.062,13.356
2010,11,27,11.827,12.093
2010,11,28,11.47,16.451
2010,11,29,11.783,19.389
2010,11,30,12.833,19.196
2010,12,1,13.537,19.354
2010,12,2,11.87,17.412
2010,12,3,12.727,17.267
2010,12,4,14.843,18.035
2010,12,5,12.574,17.091
2010,12,6,13.272,17.549
2010,12,7,13.415,16.88
2010,12,8,11.974,17.519
2010,12,9,13.349,15.869
2010,12,10,11.789,14.019
2010,12,11,9.247,12.196
2010,12,12,11.545,10.93
2010,12,13,13.116,5.971
2010,12,14,13.65,8.362
2010,12,15,13.957,9.924
2010,12,16,10.393,11.015
2010,12,17,16.406,10.639
2010,12,18,18.41,15.18
2010,12,19,19.111,9.603
2010,12,20,18.679,10.584
2010,12,21,18.516,12.411
2010,12,22,16.507,10.959
2010,12,23,13.328,12.225
2010,12,24,13.648,13.732
2010,12,25,14.823,16.278
2010,12,26,17.762,15.22
2010,12,27,16.281,14.707
2010,12,28,14.375,15.197
2010,12,29,13.954,12.101
2010,12,30,11.403,15.177
2010,12,31,7.573,16.325
2011,1,1,6.792,14.805
2011,1,2,7.175,17.298
2011,1,3,9.254,18.0
2011,1,4,6.09,16.813
2011,1,5,7.106,13.119
2011,1,6,7.68,13.694
2011,1,7,8.418,17.374
2011,1,8,7.038,15.992
2011,1,9,5.853,17.591
2011,1,10,7.732,16.657
2011,1,11,8.115,16.727
2011,1,12,9.03,17.454
2011,1,13,10.851,17.204
2011,1,14,11.482,16.343
2011,1,15,13.827,16.537
2011,1,16,13.366,16.493
2011,1,17,15.183,17.074
2011,1,18,13.314,16.672
2011,1,19,10.012,18.787
2011,1,20,9.947,15.11
2011,1,21,14.405,11.431
2011,1,22,13.166,11.42
2011,1,23,16.263,11.069
2011,1,24,15.291,11.095
2011,1,25,16.115,11.474
2011,1,26,18.273,10.273
2011,1,27,19.378,14.555
2011,1,28,19.996,17.428
2011,1,29,16.502,19.592
2011,1,30,15.38,21.205
2011,1,31,10.07,20.6
2011,2,1,9.439,16.708
2011,2,2,8.644,16.507
2011,2,3,10.603,18.234
2011,2,4,12.729,19.268
2011,2,5,16.222,18.933
2011,2,6,17.439,17.038
2011,2,7,14.963,16.37
2011,2,8,15.896,16.296
2011,2,9,16.621,15.435
2011,2,10,16.732,13.922
2011,2,11,18.396,12.422
2011,2,12,17.468,10.578
2011,2,13,18.95,12.548
2011,2,14,19.63,11.27
2011,2,15,20.759,12.729
2011,2,16,21.421,14.064
2011,2,17,21.954,11.215
2011,2,18,22.04,12.162
2011,2,19,20.61,14.888
2011,2,20,16.186,18.861
2011,2,21,14.431,20.133
2011,2,22,16.318,18.873
2011,2,23,14.39,21.422
2011,2,24,10.465,23.289
2011,2,25,6.511,22.895
2011,2,26,7.541,18.975
2011,2,27,10.359,17.175
2011,2,28,14.092,18.203
2011,3,1,12.702,17.375
2011,3,2,9.874,16.008
2011,3,3,12.17,16.82
2011,3,4,16.519,19.567
2011,3,5,18.734,16.504
2011,3,6,18.019,15.695
2011,3,7,20.752,19.854
2011,3,8,23.385,21.525
2011,3,9,23.436,21.059
2011,3,10,20.284,18.402
2011,3,11,18.954,16.144
2011,3,12,20.698,12.454
2011,3,13,20.176,15.675
2011,3,14,17.297,17.35
2011,3,15,18.501,20.566
2011,3,16,19.033,21.575
2011,3,17,17.825,22.077
2011,3,18,15.68,21.319
2011,3,19,17.028,19.299
2011,3,20,18.831,13.889
2011,3,21,16.505,14.565
2011,3,22,18.389,21.142
2011,3,23,19.15,22.1
2011,3,24,19.528,20.868
2011,3,25,20.041,16.548
2011,3,26,18.808,13.16
2011,3,27,18.723,12.934
2011,3,28,22.511,13.787
2011,3,29,24.372,21.745
2011,3,30,26.926,28.617
2011,3,31,28.749,29.64
2011,4,1,26.66,29.013
2011,4,2,25.493,26.313
2011,4,3,23.665,26.155
2011,4,4,25.169,26.478
2011,4,5,23.704,25.679
2011,4,6,19.648,24.773
2011,4,7,18.52,19.674
2011,4,8,19.242,19.728
2011,4,9,23.022,25.583
2011,4,10,22.45,26.408
2011,4,11,20.058,27.18
2011,4,12,15.519,22.611
2011,4,13,16.938,23.222
2011,4,14,20.729,26.954
2011,4,15,22.529,26.416
2011,4,16,24.691,22.397
2011,4,17,26.887,23.424
2011,4,18,27.122,23.046
2011,4,19,23.798,23.633
2011,4,20,24.746,24.741
2011,4,21,28.396,27.832
2011,4,22,28.415,28.203
2011,4,23,27.868,29.415
2011,4,24,28.342,31.087
2011,4,25,26.625,29.049
2011,4,26,29.584,28.468
2011,4,27,30.785,24.484
2011,4,28,31.372,27.869
2011,4,29,31.772,26.059
2011,4,30,31.147,23.838
2011,5,1,27.749,23.36
2011,5,2,23.145,23.709
2011,5,3,24.689,22.725
2011,5,4,27.944,24.821
2011,5,5,28.638,27.293
2011,5,6,31.889,28.29
2011,5,7,32.513,29.407
2011,5,8,34.478,26.149
2011,5,9,35.781,20.083
2011,5,10,35.417,21.894
2011,5,11,22.198,20.487
2011,5,12,20.568,18.625
2011,5,13,21.827,16.657
2011,5,14,25.417,20.232
2011,5,15,23.109,19.764
2011,5,16,21.839,21.139
2011,5,17,20.549,24.977
2011,5,18,21.782,26.28
2011,5,19,23.02,21.119
2011,5,20,23.556,20.394
2011,5,21,24.231,21.649
2011,5,22,24.231,26.575
2011,5,23,25.251,28.294
2011,5,24,27.402,30.407
2011,5,25,26.073,30.603
2011,5,26,25.871,29.429
2011,5,27,29.998,26.385
2011,5,28,33.257,23.595
2011,5,29,33.555,19.915
2011,5,30,32.846,20.202
2011,5,31,33.534,20.396
2011,6,1,36.649,20.615
2011,6,2,35.19,21.152
2011,6,3,33.271,28.094
2011,6,4,32.102,29.027
2011,6,5,29.2,24.599
2011,6,6,27.017,23.61
2011,6,7,24.011,24.074
2011,6,8,24.826,24.696
2011,6,9,27.412,26.975
2011,6,10,28.426,31.462
2011,6,11,31.873,33.029
2011,6,12,33.363,31.437
2011,6,13,33.498,31.222
2011,6,14,33.958,30.877
2011,6,15,32.965,33.37
2011,6,16,32.211,34.732
2011,6,17,31.485,35.984
2011,6,18,32.064,33.253
2011,6,19,30.974,31.465
2011,6,20,31.889,29.858
2011,6,21,29.401,31.037
2011,6,22,31.991,34.035
2011,6,23,35.005,36.904
2011,6,24,36.293,36.524
2011,6,25,36.463,38.472
2011,6,26,35.82,38.076
2011,6,27,35.561,37.845
2011,6,28,34.818,38.648
2011,6,29,34.732,35.393
2011,6,30,37.973,35.971
2011,7,1,36.913,36.731
2011,7,2,34.239,37.232
2011,7,3,32.028,37.431
2011,7,4,31.641,37.091
2011,7,5,33.239,33.837
2011,7,6,33.965,28.319
2011,7,7,32.988,30.259
2011,7,8,33.29,30.118
2011,7,9,34.265,29.161
2011,7,10,37.47,30.655
2011,7,11,37.734,30.598
2011,7,12,38.439,29.607
2011,7,13,38.542,34.453
2011,7,14,38.193,35.072
2011,7,15,39.774,35.628
2011,7,16,40.477,34.367
2011,7,17,39.775,37.321
2011,7,18,40.305,36.029
2011,7,19,35.743,34.256
2011,7,20,34.286,34.024
2011,7,21,36.378,34.272
2011,7,22,36.751,36.816
2011,7,23,40.199,37.186
2011,7,24,39.83,40.801
2011,7,25,39.055,37.987
2011,7,26,37.725,37.34
2011,7,27,39.295,35.466
2011,7,28,38.503,34.124
2011,7,29,36.847,34.917
2011,7,30,38.357,33.681
2011,7,31,38.725,34.309
2011,8,1,38.563,35.391
2011,8,2,38.359,36.411
2011,8,3,38.183,35.433
2011,8,4,34.948,34.963
2011,8,5,34.558,35.978
2011,8,6,35.894,38.17
2011,8,7,36.864,36.014
2011,8,8,34.929,33.36
2011,8,9,34.875,27.722
2011,8,10,36.685,29.173
2011,8,11,35.703,31.23
2011,8,12,34.003,36.006
2011,8,13,35.351,34.334
2011,8,14,32.693,31.293
2011,8,15,35.614,30.95
2011,8,16,38.289,34.077
2011,8,17,37.425,34.195
2011,8,18,35.422,33.925
2011,8,19,34.866,34.065
2011,8,20,35.911,32.968
2011,8,21,35.969,33.071
2011,8,22,33.916,33.066
2011,8,23,31.084,29.075
2011,8,24,31.72,30.667
2011,8,25,33.387,32.043
2011,8,26,35.752,32.211
2011,8,27,35.245,33.583
2011,8,28,36.714,36.942
2011,8,29,37.856,38.075
2011,8,30,35.542,35.442
2011,8,31,35.643,35.928
2011,9,1,36.826,37.888
2011,9,2,38.175,37.537
2011,9,3,38.464,37.011
2011,9,4,37.596,37.344
2011,9,5,37.346,34.696
2011,9,6,37.354,31.027
2011,9,7,35.833,32.988
2011,9,8,37.791,28.957
2011,9,9,38.7,34.557
2011,9,10,38.982,37.404
2011,9,11,38.118,37.97
2011,9,12,35.532,39.63
2011,9,13,35.522,33.625
2011,9,14,34.091,28.199
2011,9,15,33.705,29.947
2011,9,16,28.007,29.713
2011,9,17,26.515,30.076
2011,9,18,24.099,26.683
2011,9,19,21.465,24.293
2011,9,20,22.263,21.87
2011,9,21,21.145,24.447
2011,9,22,22.777,28.949
2011,9,23,21.719,33.463
2011,9,24,21.297,31.856
2011,9,25,20.155,34.303
2011,9,26,21.035,35.056
2011,9,27,21.084,36.383
2011,9,28,21.574,36.098
2011,9,29,21.829,33.864
2011,9,30,22.173,27.983
2011,10,1,22.369,22.644
2011,10,2,26.237,21.142
2011,10,3,23.32,23.065
2011,10,4,20.113,25.209
2011,10,5,19.952,23.266
2011,10,6,23.922,20.329
2011,10,7,23.226,16.702
2011,10,8,23.544,17.198
2011,10,9,25.566,16.343
2011,10,10,25.198,13.371
2011,10,11,24.41,13.129
2011,10,12,24.191,13.356
2011,10,13,24.466,15.09
2011,10,14,25.155,18.272
2011,10,15,25.534,23.733
2011,10,16,26.504,28.089
2011,10,17,28.444,28.459
2011,10,18,23.926,29.298
2011,10,19,18.912,30.448
2011,10,20,18.687,27.299
2011,10,21,19.853,26.923
2011,10,22,18.242,27.201
2011,10,23,17.937,27.231
2011,10,24,16.005,26.414
2011,10,25,21.455,25.55
2011,10,26,21.116,22.935
2011,10,27,20.678,21.666
2011,10,28,24.566,17.737
2011,10,29,22.284,16.723
2011,10,30,23.973,20.496
2011,10,31,27.641,21.811
2011,11,1,23.123,18.428
2011,11,2,22.677,17.837
2011,11,3,21.104,18.121
2011,11,4,17.004,16.677
2011,11,5,15.084,16.05
2011,11,6,14.139,13.271
2011,11,7,12.563,15.955
2011,11,8,13.584,14.009
2011,11,9,14.867,14.736
2011,11,10,17.674,14.55
2011,11,11,17.175,14.044
2011,11,12,16.809,15.914
2011,11,13,13.82,22.144
2011,11,14,16.633,22.208
2011,11,15,18.967,21.937
2011,11,16,14.932,19.26
2011,11,17,11.555,18.795
2011,11,18,13.99,17.626
2011,11,19,16.121,17.628
2011,11,20,13.499,18.548
2011,11,21,13.466,18.717
2011,11,22,12.836,17.174
2011,11,23,10.689,15.554
2011,11,24,9.16,16.094
2011,11,25,11.323,14.207
2011,11,26,11.197,11.785
2011,11,27,10.875,13.443
2011,11,28,13.747,9.305
2011,11,29,16.142,9.965
2011,11,30,18.387,13.687
2011,12,1,17.378,14.317
2011,12,2,16.211,13.937
2011,12,3,15.942,15.78
2011,12,4,14.7,20.147
2011,12,5,14.696,17.556
2011,12,6,14.914,15.483
2011,12,7,12.935,13.703
2011,12,8,14.936,15.728
2011,12,9,13.97,17.511
2011,12,10,12.428,17.169
2011,12,11,15.773,16.803
2011,12,12,16.575,17.107
2011,12,13,19.439,13.213
2011,12,14,17.852,10.855
2011,12,15,16.18,11.939
2011,12,16,16.256,13.893
2011,12,17,16.474,12.965
2011,12,18,15.7,14.053
2011,12,19,16.572,13.56
2011,12,20,15.097,12.711
2011,12,21,13.267,13.254
2011,12,22,11.696,15.571
2011,12,23,9.735,15.241
2011,12,24,9.118,17.38
2011,12,25,5.469,13.047
2011,12,26,10.273,12.607
2011,12,27,12.511,10.83
2011,12,28,12.287,11.322
2011,12,29,14.003,10.847
2011,12,30,11.395,11.139
2011,12,31,8.254,12.547
2012,1,1,8.607,10.01
2012,1,2,9.424,12.644
2012,1,3,9.861,9.26
2012,1,4,9.549,9.743
2012,1,5,9.992,6.394
2012,1,6,11.592,6.568
2012,1,7,12.127,6.846
2012,1,8,10.463,6.891
2012,1,9,11.955,7.506
2012,1,10,12.386,7.832
2012,1,11,12.577,6.414
2012,1,12,12.353,8.589
2012,1,13,10.2,9.624
2012,1,14,12.155,8.514
2012,1,15,17.502,7.501
2012,1,16,16.865,11.483
2012,1,17,18.359,13.207
2012,1,18,17.585,11.41
2012,1,19,16.615,7.482
2012,1,20,13.756,8.808
2012,1,21,13.654,11.076
2012,1,22,16.712,12.014
2012,1,23,18.512,11.586
2012,1,24,19.246,13.704
2012,1,25,16.105,13.515
2012,1,26,13.386,12.04
2012,1,27,9.953,14.219
2012,1,28,12.636,14.975
2012,1,29,11.487,12.989
2012,1,30,11.143,14.891
2012,1,31,13.659,14.832
2012,2,1,13.855,14.973
2012,2,2,18.396,14.306
2012,2,3,19.482,14.253
2012,2,4,20.422,13.765
2012,2,5,19.452,14.988
2012,2,6,20.259,12.198
2012,2,7,20.582,12.619
2012,2,8,19.522,12.871
2012,2,9,15.593,12.901
2012,2,10,18.261,12.847
2012,2,11,16.201,12.024
2012,2,12,15.714,14.353
2012,2,13,11.282,14.466
2012,2,14,10.446,13.013
2012,2,15,13.626,12.433
2012,2,16,12.307,13.578
2012,2,17,14.738,14.401
2012,2,18,10.61,13.062
2012,2,19,12.642,12.73
2012,2,20,13.423,11.357
2012,2,21,11.739,8.056
2012,2,22,11.517,12.149
2012,2,23,10.677,10.38
2012,2,24,14.079,12.506
2012,2,25,16.051,11.353
2012,2,26,16.246,12.445
2012,2,27,10.004,16.59
2012,2,28,14.744,17.245
2012,2,29,13.19,15.861
2012,3,1,13.282,18.809
2012,3,2,11.599,20.543
2012,3,3,17.549,19.798
2012,3,4,19.148,17.699
2012,3,5,21.764,14.562
2012,3,6,21.032,14.394
2012,3,7,19.52,16.619
2012,3,8,16.112,15.883
2012,3,9,16.972,15.641
2012,3,10,18.917,15.267
2012,3,11,16.715,15.04
2012,3,12,15.104,16.172
2012,3,13,14.809,17.079
2012,3,14,18.355,11.277
2012,3,15,18.136,14.334
2012,3,16,13.301,18.973
2012,3,17,11.401,24.032
2012,3,18,14.058,22.802
2012,3,19,16.618,22.74
2012,3,20,18.409,20.902
2012,3,21,18.555,19.764
2012,3,22,16.749,19.448
2012,3,23,20.912,16.798
2012,3,24,20.623,16.798
2012,3,25,17.625,19.034
2012,3,26,12.438,16.459
2012,3,27,10.07,14.223
2012,3,28,12.836,16.746
2012,3,29,14.377,15.404
2012,3,30,19.902,15.268
2012,3,31,22.677,16.819
2012,4,1,23.912,14.475
2012,4,2,28.225,13.981
2012,4,3,29.107,12.749
2012,4,4,30.326,12.616
2012,4,5,30.284,11.627
2012,4,6,29.149,10.953
2012,4,7,28.043,10.781
2012,4,8,25.949,15.767
2012,4,9,23.471,16.386
2012,4,10,19.644,11.43
2012,4,11,23.232,9.343
2012,4,12,20.439,8.473
2012,4,13,18.36,14.519
2012,4,14,19.832,17.988
2012,4,15,18.77,22.958
2012,4,16,14.845,26.616
2012,4,17,11.994,24.62
2012,4,18,9.709,25.219
2012,4,19,12.075,25.767
2012,4,20,14.581,26.041
2012,4,21,15.806,26.725
2012,4,22,14.255,25.174
2012,4,23,11.012,22.953
2012,4,24,12.058,23.45
2012,4,25,16.924,24.638
2012,4,26,20.779,21.562
2012,4,27,28.212,19.609
2012,4,28,30.466,19.959
2012,4,29,30.571,19.014
2012,4,30,32.738,14.104
2012,5,1,30.349,18.769
2012,5,2,29.893,19.293
2012,5,3,25.725,23.906
2012,5,4,22.185,25.807
2012,5,5,21.808,28.896
2012,5,6,23.19,29.534
2012,5,7,24.819,27.707
2012,5,8,24.614,28.951
2012,5,9,22.364,25.757
2012,5,10,22.825,24.387
2012,5,11,28.17,24.666
2012,5,12,31.986,21.266
2012,5,13,34.232,26.644
2012,5,14,33.593,26.978
2012,5,15,28.717,24.757
2012,5,16,25.975,24.354
2012,5,17,27.423,29.141
2012,5,18,30.727,28.98
2012,5,19,33.25,25.335
2012,5,20,34.087,25.066
2012,5,21,36.538,22.291
2012,5,22,36.875,19.76
2012,5,23,36.248,22.783
2012,5,24,36.336,23.848
2012,5,25,37.359,21.177
2012,5,26,36.7,22.4
2012,5,27,35.822,25.711
2012,5,28,31.838,23.419
2012,5,29,32.618,23.574
2012,5,30,31.611,24.591
2012,5,31,29.525,26.806
2012,6,1,32.126,27.837
2012,6,2,31.137,27.788
2012,6,3,27.469,30.456
2012,6,4,24.64,31.445
2012,6,5,25.708,33.287
2012,6,6,28.019,34.101
2012,6,7,30.476,28.186
2012,6,8,30.999,31.926
2012,6,9,33.486,29.396
2012,6,10,30.934,27.378
2012,6,11,26.434,19.541
2012,6,12,22.327,17.495
2012,6,13,25.508,21.639
2012,6,14,29.422,18.726
2012,6,15,31.037,21.689
2012,6,16,29.184,27.364
2012,6,17,28.659,27.371
2012,6,18,29.216,29.922
2012,6,19,26.811,28.34
2012,6,20,23.309,30.011
2012,6,21,22.655,27.925
2012,6,22,25.606,26.259
2012,6,23,19.587,26.194
2012,6,24,25.463,29.263
2012,6,25,28.367,30.695
2012,6,26,28.63,33.023
2012,6,27,29.839,37.12
2012,6,28,31.316,39.399
2012,6,29,33.761,39.311
2012,6,30,35.998,38.473
2012,7,1,36.281,38.733
2012,7,2,36.526,34.909
2012,7,3,37.352,31.436
2012,7,4,40.196,33.587
2012,7,5,38.495,35.767
2012,7,6,39.941,35.037
2012,7,7,34.968,37.19
2012,7,8,36.708,36.815
2012,7,9,38.971,36.401
2012,7,10,39.887,36.932
2012,7,11,39.204,36.083
2012,7,12,39.528,36.689
2012,7,13,40.912,35.135
2012,7,14,40.641,37.01
2012,7,15,40.139,38.158
2012,7,16,38.98,38.323
2012,7,17,34.928,39.17
2012,7,18,34.109,38.873
2012,7,19,34.502,38.204
2012,7,20,36.0,37.572
2012,7,21,37.348,34.317
2012,7,22,35.17,32.982
2012,7,23,36.072,35.652
2012,7,24,39.692,36.381
2012,7,25,40.661,36.086
2012,7,26,39.781,36.101
2012,7,27,32.552,36.685
2012,7,28,32.729,34.587
2012,7,29,33.243,35.796
2012,7,30,34.243,33.627
2012,7,31,34.432,34.172
2012,8,1,35.282,36.195
2012,8,2,37.571,36.126
2012,8,3,36.731,37.239
2012,8,4,37.004,36.237
2012,8,5,38.096,37.549
2012,8,6,39.998,37.232
2012,8,7,40.82,38.397
2012,8,8,40.522,37.478
2012,8,9,41.387,36.549
2012,8,10,40.863,39.232
2012,8,11,42.438,40.384
2012,8,12,42.613,39.553
2012,8,13,42.547,38.363
2012,8,14,40.933,39.807
2012,8,15,39.269,39.015
2012,8,16,36.503,38.71
2012,8,17,37.213,38.079
2012,8,18,35.488,37.317
2012,8,19,37.09,37.22
2012,8,20,36.559,38.061
2012,8,21,37.95,37.782
2012,8,22,36.097,37.34
2012,8,23,34.529,38.439
2012,8,24,34.591,37.266
2012,8,25,35.224,37.287
2012,8,26,32.467,38.614
2012,8,27,34.755,40.458
2012,8,28,35.085,40.876
2012,8,29,36.476,39.714
2012,8,30,37.334,38.224
2012,8,31,39.146,38.598
2012,9,1,42.754,37.993
2012,9,2,42.282,39.888
2012,9,3,45.356,41.943
2012,9,4,42.145,40.638
2012,9,5,43.167,37.584
2012,9,6,42.777,32.964
2012,9,7,38.429,32.568
2012,9,8,33.316,31.927
2012,9,9,36.965,31.899
2012,9,10,37.004,29.994
2012,9,11,37.264,29.718
2012,9,12,36.442,30.791
2012,9,13,34.655,32.963
2012,9,14,33.519,35.495
2012,9,15,34.633,36.337
2012,9,16,34.935,32.759
2012,9,17,33.32,29.854
2012,9,18,32.354,30.158
2012,9,19,31.106,31.591
2012,9,20,29.788,31.029
2012,9,21,33.063,31.969
2012,9,22,33.32,35.581
2012,9,23,34.8,35.363
2012,9,24,35.388,33.468
2012,9,25,32.829,29.036
2012,9,26,31.89,26.253
2012,9,27,32.27,27.515
2012,9,28,29.663,31.406
2012,9,29,26.007,31.44
2012,9,30,27.963,29.434
2012,10,1,26.688,31.31
2012,10,2,23.187,30.085
2012,10,3,26.625,26.231
2012,10,4,30.74,16.76
2012,10,5,34.662,16.324
2012,10,6,33.137,18.472
2012,10,7,29.872,22.71
2012,10,8,28.102,26.259
2012,10,9,29.447,27.753
2012,10,10,29.563,29.988
2012,10,11,28.467,28.654
2012,10,12,21.873,28.123
2012,10,13,22.697,24.716
2012,10,14,21.227,20.101
2012,10,15,19.132,19.847
2012,10,16,15.224,22.773
2012,10,17,22.717,22.895
2012,10,18,23.589,19.772
2012,10,19,24.183,19.627
2012,10,20,26.014,18.816
2012,10,21,24.649,20.881
2012,10,22,23.09,19.475
2012,10,23,24.678,19.34
2012,10,24,17.945,18.911
2012,10,25,16.381,19.81
2012,10,26,18.005,20.768
2012,10,27,16.778,19.22
2012,10,28,17.691,20.464
2012,10,29,19.405,23.305
2012,10,30,20.331,20.302
2012,10,31,20.618,19.48
2012,11,1,19.497,15.325
2012,11,2,21.613,17.366
2012,11,3,19.838,17.797
2012,11,4,18.289,18.664
2012,11,5,18.912,17.368
2012,11,6,19.711,15.892
2012,11,7,18.819,17.786
2012,11,8,18.649,17.303
2012,11,9,20.1,15.974
2012,11,10,17.961,19.557
2012,11,11,18.358,21.718
2012,11,12,12.427,21.136
2012,11,13,14.24,23.079
2012,11,14,15.845,19.924
2012,11,15,17.981,15.84
2012,11,16,17.888,17.359
2012,11,17,18.444,16.31
2012,11,18,18.435,13.326
2012,11,19,18.452,11.428
2012,11,20,18.851,15.025
2012,11,21,15.366,15.502
2012,11,22,14.493,13.99
2012,11,23,11.535,11.532
2012,11,24,12.436,12.207
2012,11,25,11.954,15.474
2012,11,26,13.526,15.451
2012,11,27,14.394,14.729
2012,11,28,15.841,16.634
2012,11,29,16.822,17.364
2012,11,30,15.329,14.543
2012,12,1,15.401,14.382
2012,12,2,12.038,12.507
2012,12,3,12.794,10.857
2012,12,4,9.375,11.119
2012,12,5,7.532,11.909
2012,12,6,10.268,10.303
2012,12,7,12.921,12.506
2012,12,8,13.312,11.337
2012,12,9,12.592,12.561
2012,12,10,12.875,14.251
2012,12,11,16.111,9.19
2012,12,12,14.0,10.615
2012,12,13,14.779,12.585
2012,12,14,15.892,11.011
2012,12,15,16.821,9.923
2012,12,16,12.684,11.877
2012,12,17,12.443,14.405
2012,12,18,14.317,14.235
2012,12,19,16.031,15.076
2012,12,20,15.558,19.175
2012,12,21,17.825,17.645
2012,12,22,13.816,15.331
2012,12,23,15.502,15.035
2012,12,24,15.433,7.618
2012,12,25,17.791,5.991
2012,12,26,12.704,8.827
2012,12,27,10.827,9.436
2012,12,28,10.24,9.866
2012,12,29,10.76,12.237
2012,12,30,9.029,8.646
2012,12,31,11.979,8.325
2013,1,1,9.728,8.931
2013,1,2,9.697,11.742
2013,1,3,10.627,13.562
2013,1,4,13.362,14.883
2013,1,5,11.773,16.445
2013,1,6,10.707,15.249
2013,1,7,9.802,15.653
2013,1,8,12.081,11.631
2013,1,9,12.113,11.826
2013,1,10,11.769,15.432
2013,1,11,13.45,15.594
2013,1,12,12.342,14.766
2013,1,13,12.866,12.074
2013,1,14,14.21,15.851
2013,1,15,15.151,15.933
2013,1,16,15.139,19.212
2013,1,17,18.96,17.463
2013,1,18,16.497,12.838
2013,1,19,18.232,15.194
2013,1,20,16.642,14.691
2013,1,21,18.558,13.838
2013,1,22,15.984,14.354
2013,1,23,16.06,12.018
2013,1,24,15.685,12.913
2013,1,25,13.379,13.145
2013,1,26,11.455,16.041
2013,1,27,12.341,14.077
2013,1,28,8.021,13.857
2013,1,29,13.514,15.733
2013,1,30,18.192,17.164
2013,1,31,15.919,17.695
2013,2,1,16.368,18.517
2013,2,2,19.331,18.739
2013,2,3,18.223,19.144
2013,2,4,18.477,20.702
2013,2,5,14.038,18.375
2013,2,6,14.651,18.934
2013,2,7,15.2,17.697
2013,2,8,17.941,16.385
2013,2,9,19.461,17.01
2013,2,10,14.799,17.86
2013,2,11,14.479,18.178
2013,2,12,15.228,21.445
2013,2,13,15.509,18.577
2013,2,14,16.308,14.612
2013,2,15,17.18,13.08
2013,2,16,18.249,10.21
2013,2,17,20.849,15.124
2013,2,18,19.715,17.52
2013,2,19,19.447,19.824
2013,2,20,19.703,19.09
2013,2,21,14.342,20.736
2013,2,22,12.004,21.788
2013,2,23,14.877,22.683
2013,2,24,16.128,25.163
2013,2,25,17.75,23.057
2013,2,26,17.507,22.57
2013,2,27,20.929,20.787
2013,2,28,19.539,16.908
2013,3,1,20.8,15.127
2013,3,2,21.867,15.413
2013,3,3,23.652,14.43
2013,3,4,23.445,16.937
2013,3,5,21.567,17.261
2013,3,6,15.398,18.31
2013,3,7,14.896,16.36
2013,3,8,15.186,12.519
2013,3,9,10.462,14.001
2013,3,10,8.621,12.818
2013,3,11,10.395,13.759
2013,3,12,11.851,16.384
2013,3,13,13.618,19.943
2013,3,14,13.355,19.535
2013,3,15,12.169,21.469
2013,3,16,12.736,25.166
2013,3,17,13.422,28.332
2013,3,18,14.527,27.384
2013,3,19,15.408,23.781
2013,3,20,15.536,23.924
2013,3,21,15.761,26.4
2013,3,22,19.016,27.454
2013,3,23,20.426,26.823
2013,3,24,21.632,24.426
2013,3,25,19.865,16.919
2013,3,26,18.603,13.31
2013,3,27,18.488,17.437
2013,3,28,17.14,15.871
2013,3,29,15.795,14.817
2013,3,30,14.702,12.151
2013,3,31,10.917,15.102
2013,4,1,9.855,18.964
2013,4,2,8.861,20.287
2013,4,3,11.296,18.717
2013,4,4,14.706,16.473
2013,4,5,22.152,18.888
2013,4,6,24.552,22.151
2013,4,7,28.38,19.767
2013,4,8,27.67,15.238
2013,4,9,27.734,13.427
2013,4,10,24.374,14.401
2013,4,11,20.987,18.609
2013,4,12,18.81,23.218
2013,4,13,22.768,24.625
2013,4,14,23.849,20.722
2013,4,15,23.386,20.096
2013,4,16,24.733,21.053
2013,4,17,24.073,19.981
2013,4,18,25.344,18.951
2013,4,19,24.939,18.76
2013,4,20,25.069,16.826
2013,4,21,23.561,15.737
2013,4,22,23.24,18.915
2013,4,23,18.71,22.968
2013,4,24,16.961,22.312
2013,4,25,19.009,20.932
2013,4,26,24.38,19.391
2013,4,27,24.354,19.326
2013,4,28,27.974,20.279
2013,4,29,30.33,21.358
2013,4,30,29.028,20.232
2013,5,1,27.312,25.645
2013,5,2,23.008,28.441
2013,5,3,25.64,28.333
2013,5,4,31.574,25.259
2013,5,5,31.315,21.055
2013,5,6,24.323,17.827
2013,5,7,19.818,17.558
2013,5,8,16.824,21.547
2013,5,9,21.836,24.021
2013,5,10,28.144,23.032
2013,5,11,31.852,20.985
2013,5,12,34.86,17.951
2013,5,13,35.928,15.897
2013,5,14,32.336,18.625
2013,5,15,28.314,24.198
2013,5,16,30.303,26.3
2013,5,17,28.473,25.197
2013,5,18,25.255,27.952
2013,5,19,30.067,29.319
2013,5,20,32.592,32.203
2013,5,21,33.257,30.165
2013,5,22,33.906,27.214
2013,5,23,33.033,20.763
2013,5,24,26.323,16.639
2013,5,25,31.214,17.399
2013,5,26,29.081,22.086
2013,5,27,29.528,24.735
2013,5,28,31.573,25.1
2013,5,29,33.957,26.99
2013,5,30,38.111,26.641
2013,5,31,36.138,28.909
2013,6,1,28.026,30.958
2013,6,2,24.336,32.913
2013,6,3,21.492,32.002
2013,6,4,24.37,29.602
2013,6,5,30.321,30.416
2013,6,6,30.643,30.681
2013,6,7,27.813,34.204
2013,6,8,28.824,32.484
2013,6,9,29.345,32.32
2013,6,10,28.361,34.126
2013,6,11,30.107,25.859
2013,6,12,28.43,26.618
2013,6,13,31.202,26.223
2013,6,14,34.332,25.514
2013,6,15,36.192,27.802
2013,6,16,36.616,29.198
2013,6,17,37.219,26.539
2013,6,18,36.191,24.796
2013,6,19,36.362,25.537
2013,6,20,37.206,27.8
2013,6,21,35.326,29.17
2013,6,22,35.6,30.426
2013,6,23,35.197,30.666
2013,6,24,33.547,30.276
2013,6,25,33.822,30.214
2013,6,26,34.739,31.395
2013,6,27,33.675,31.798
2013,6,28,36.527,32.063
2013,6,29,37.642,33.562
2013,6,30,40.112,33.287
2013,7,1,38.697,31.905
2013,7,2,40.373,33.819
2013,7,3,38.582,34.802
2013,7,4,37.854,35.829
2013,7,5,37.528,38.745
2013,7,6,37.196,36.573
2013,7,7,35.568,35.736
2013,7,8,34.209,35.112
2013,7,9,33.847,33.589
2013,7,10,33.279,32.831
2013,7,11,31.049,32.792
2013,7,12,32.993,36.122
2013,7,13,33.94,35.863
2013,7,14,35.297,38.789
2013,7,15,34.293,40.505
2013,7,16,34.414,40.088
2013,7,17,30.899,40.638
2013,7,18,28.909,40.541
2013,7,19,31.32,41.792
2013,7,20,33.983,40.571
2013,7,21,38.302,40.752
2013,7,22,39.423,40.542
2013,7,23,40.949,37.564
2013,7,24,38.786,37.608
2013,7,25,36.901,38.666
2013,7,26,37.322,41.014
2013,7,27,38.112,41.806
2013,7,28,37.103,42.009
2013,7,29,35.659,40.966
2013,7,30,36.983,40.425
2013,7,31,36.272,41.289
2013,8,1,35.549,40.62
2013,8,2,36.04,40.695
2013,8,3,34.299,38.77
2013,8,4,29.584,35.362
2013,8,5,31.848,33.011
2013,8,6,34.973,33.363
2013,8,7,33.662,34.562
2013,8,8,32.199,36.664
2013,8,9,29.789,37.981
2013,8,10,32.109,37.018
2013,8,11,32.194,31.617
2013,8,12,31.745,34.39
2013,8,13,29.598,36.464
2013,8,14,32.131,35.701
2013,8,15,31.739,36.608
2013,8,16,30.512,35.764
2013,8,17,29.948,34.147
2013,8,18,32.693,28.658
2013,8,19,35.188,31.51
2013,8,20,35.84,31.458
2013,8,21,36.925,29.052
2013,8,22,36.6,31.121
2013,8,23,35.613,33.064
2013,8,24,34.601,33.013
2013,8,25,33.479,30.436
2013,8,26,35.123,26.378
2013,8,27,35.359,26.071
2013,8,28,31.523,30.332
2013,8,29,29.679,29.322
2013,8,30,28.282,30.649
2013,8,31,29.069,30.123
2013,9,1,25.859,28.066
2013,9,2,25.102,29.084
2013,9,3,24.753,31.188
2013,9,4,25.2,32.271
2013,9,5,27.957,31.406
2013,9,6,27.874,29.61
2013,9,7,32.763,26.869
2013,9,8,33.694,24.368
2013,9,9,31.27,20.402
2013,9,10,27.376,22.612
2013,9,11,27.234,25.432
2013,9,12,28.193,28.01
2013,9,13,31.865,28.87
2013,9,14,30.838,28.035
2013,9,15,31.507,28.196
2013,9,16,31.783,29.201
2013,9,17,32.603,31.339
2013,9,18,32.238,30.749
2013,9,19,28.974,28.993
2013,9,20,27.495,27.205
2013,9,21,27.817,24.345
2013,9,22,27.239,25.752
2013,9,23,30.318,26.407
2013,9,24,32.74,24.79
2013,9,25,34.36,17.71
2013,9,26,31.043,21.475
2013,9,27,27.779,23.549
2013,9,28,25.891,26.561
2013,9,29,31.544,30.879
2013,9,30,33.387,34.585
2013,10,1,30.921,35.01
2013,10,2,27.807,35.57
2013,10,3,30.435,34.053
2013,10,4,28.892,30.493
2013,10,5,29.306,31.812
2013,10,6,27.1,32.99
2013,10,7,27.143,35.122
2013,10,8,28.828,33.969
2013,10,9,28.201,32.338
2013,10,10,28.242,31.219
2013,10,11,31.666,28.932
2013,10,12,31.991,29.023
2013,10,13,31.931,26.357
2013,10,14,32.397,24.857
2013,10,15,32.486,20.9
2013,10,16,32.625,23.669
2013,10,17,32.283,28.314
2013,10,18,31.686,30.675
2013,10,19,31.047,29.733
2013,10,20,31.072,26.378
2013,10,21,31.703,25.409
2013,10,22,30.502,19.413
2013,10,23,29.541,16.754
2013,10,24,28.413,17.375
2013,10,25,24.258,18.647
2013,10,26,22.06,18.096
2013,10,27,24.088,16.255
2013,10,28,23.917,23.142
2013,10,29,22.534,23.496
2013,10,30,22.66,24.936
2013,10,31,23.514,25.185
2013,11,1,23.011,19.88
2013,11,2,16.1,22.316
2013,11,3,14.319,23.967
2013,11,4,20.406,20.945
2013,11,5,18.611,22.908
2013,11,6,16.926,21.251
2013,11,7,16.359,19.692
2013,11,8,14.449,19.063
2013,11,9,16.921,19.95
2013,11,10,15.528,20.14
2013,11,11,14.893,15.464
2013,11,12,15.781,14.691
2013,11,13,13.96,11.091
2013,11,14,14.398,12.971
2013,11,15,15.103,14.979
2013,11,16,15.571,15.563
2013,11,17,13.701,18.228
2013,11,18,12.066,18.743
2013,11,19,12.93,16.457
2013,11,20,14.999,14.153
2013,11,21,16.81,12.596
2013,11,22,15.968,13.099
2013,11,23,17.012,13.039
2013,11,24,15.541,12.996
2013,11,25,13.231,12.652
2013,11,26,11.449,13.283
2013,11,27,13.513,15.379
2013,11,28,14.057,16.241
2013,11,29,14.038,16.305
2013,11,30,9.941,15.886
2013,12,1,11.993,17.348
2013,12,2,11.857,16.651
2013,12,3,11.528,16.659
2013,12,4,13.876,18.868
2013,12,5,12.508,18.324
2013,12,6,8.149,17.771
2013,12,7,7.625,15.49
2013,12,8,9.025,15.319
2013,12,9,10.047,14.391
2013,12,10,10.544,13.115
2013,12,11,12.149,13.524
2013,12,12,13.852,17.04
2013,12,13,13.596,18.514
2013,12,14,10.124,16.184
2013,12,15,9.707,15.53
2013,12,16,11.988,16.961
2013,12,17,17.053,17.691
2013,12,18,18.837,18.742
2013,12,19,21.156,18.064
2013,12,20,21.701,17.662
2013,12,21,21.523,15.722
2013,12,22,18.333,17.297
2013,12,23,17.899,11.67
2013,12,24,16.922,13.096
2013,12,25,12.874,12.324
2013,12,26,12.018,12.41
2013,12,27,11.486,13.311
2013,12,28,14.077,15.837
2013,12,29,13.459,20.444
2013,12,30,11.302,19.121
2013,12,31,8.091,14.259
2014,1,1,8.056,14.282
2014,1,2,7.817,13.885
2014,1,3,9.323,14.601
2014,1,4,9.939,12.539
2014,1,5,7.812,10.678
2014,1,6,9.68,13.234
2014,1,7,11.529,17.044
2014,1,8,14.163,16.624
2014,1,9,14.01,16.831
2014,1,10,12.124,13.724
2014,1,11,10.627,15.334
2014,1,12,11.544,16.176
2014,1,13,12.881,15.523
2014,1,14,11.125,18.383
2014,1,15,6.66,15.775
2014,1,16,7.889,14.385
2014,1,17,9.251,16.967
2014,1,18,10.687,14.962
2014,1,19,7.346,15.87
2014,1,20,3.787,14.211
2014,1,21,7.71,11.067
2014,1,22,8.431,10.624
2014,1,23,9.99,10.506
2014,1,24,11.134,9.685
2014,1,25,11.227,11.816
2014,1,26,7.642,11.685
2014,1,27,8.021,11.367
2014,1,28,7.547,11.542
2014,1,29,5.793,10.603
2014,1,30,9.265,10.99
2014,1,31,12.819,14.747
2014,2,1,11.312,14.042
2014,2,2,11.249,13.286
2014,2,3,11.4,13.605
2014,2,4,13.089,13.163
2014,2,5,11.176,13.72
2014,2,6,10.09,14.835
2014,2,7,11.433,15.895
2014,2,8,14.928,18.573
2014,2,9,12.833,19.731
2014,2,10,10.993,21.893
2014,2,11,14.462,19.948
2014,2,12,16.022,19.326
2014,2,13,16.938,14.782
2014,2,14,19.354,17.196
2014,2,15,20.426,13.933
2014,2,16,22.431,12.868
2014,2,17,23.301,16.033
2014,2,18,21.41,14.467
2014,2,19,22.928,16.055
2014,2,20,21.199,15.9
2014,2,21,19.062,11.616
2014,2,22,17.748,11.36
2014,2,23,16.74,10.083
2014,2,24,14.02,12.796
2014,2,25,13.399,13.963
2014,2,26,8.838,16.303
2014,2,27,13.118,16.128
2014,2,28,19.17,12.339
2014,3,1,21.707,13.211
2014,3,2,24.656,16.52
2014,3,3,22.496,16.732
2014,3,4,21.173,18.444
2014,3,5,18.189,13.914
2014,3,6,18.41,13.943
2014,3,7,20.191,13.729
2014,3,8,20.406,11.78
2014,3,9,19.914,12.072
2014,3,10,14.662,12.248
2014,3,11,16.658,10.791
2014,3,12,15.75,11.161
2014,3,13,18.448,11.674
2014,3,14,23.1,14.746
2014,3,15,19.634,16.029
2014,3,16,18.288,16.742
2014,3,17,18.871,14.342
2014,3,18,21.198,15.64
2014,3,19,21.163,21.204
2014,3,20,16.061,19.796
2014,3,21,16.2,17.871
2014,3,22,16.983,19.632
2014,3,23,17.64,19.914
2014,3,24,18.839,17.659
2014,3,25,22.642,14.696
2014,3,26,23.42,16.429
2014,3,27,24.824,21.042
2014,3,28,19.842,22.681
2014,3,29,17.761,17.949
2014,3,30,17.731,12.057
2014,3,31,21.833,12.871
2014,4,1,20.64,16.715
2014,4,2,20.874,19.368
2014,4,3,23.059,17.933
2014,4,4,21.267,17.027
2014,4,5,19.622,16.503
2014,4,6,16.939,19.803
2014,4,7,11.931,20.898
2014,4,8,14.731,18.693
2014,4,9,12.435,14.674
2014,4,10,9.995,15.274
2014,4,11,12.129,16.98
2014,4,12,13.427,18.602
2014,4,13,15.06,19.707
2014,4,14,18.375,17.01
2014,4,15,17.95,15.001
2014,4,16,20.64,19.513
2014,4,17,21.433,23.036
2014,4,18,20.695,22.737
2014,4,19,22.42,19.227
2014,4,20,21.436,13.789
2014,4,21,22.787,12.485
2014,4,22,24.62,11.957
2014,4,23,26.337,21.333
2014,4,24,27.513,19.655
2014,4,25,27.207,20.026
2014,4,26,26.101,21.085
2014,4,27,26.2,22.116
2014,4,28,26.042,23.851
2014,4,29,24.11,23.233
2014,4,30,20.332,26.814
2014,5,1,20.878,26.733
2014,5,2,17.404,26.36
2014,5,3,22.956,22.514
2014,5,4,30.933,20.325
2014,5,5,32.624,15.322
2014,5,6,33.06,15.983
2014,5,7,32.578,16.017
2014,5,8,32.341,20.058
2014,5,9,31.791,17.342
2014,5,10,29.809,15.172
2014,5,11,29.823,12.614
2014,5,12,28.224,10.379
2014,5,13,24.908,19.35
2014,5,14,21.423,20.331
2014,5,15,22.548,22.372
2014,5,16,19.791,25.374
2014,5,17,12.911,24.619
2014,5,18,18.233,21.758
2014,5,19,21.546,20.817
2014,5,20,27.825,22.185
2014,5,21,23.686,22.295
2014,5,22,21.642,20.879
2014,5,23,20.805,19.051
2014,5,24,23.397,23.501
2014,5,25,17.941,19.269
2014,5,26,17.206,18.593
2014,5,27,17.889,20.163
2014,5,28,18.997,24.767
2014,5,29,25.737,23.176
2014,5,30,28.632,23.716
2014,5,31,31.356,24.357
2014,6,1,33.385,23.459
2014,6,2,36.089,22.552
2014,6,3,34.726,25.021
2014,6,4,34.456,23.45
2014,6,5,29.36,21.558
2014,6,6,26.46,23.06
2014,6,7,28.756,27.016
2014,6,8,32.01,27.668
2014,6,9,38.134,28.341
2014,6,10,40.206,28.946
2014,6,11,39.817,24.038
2014,6,12,39.541,23.014
2014,6,13,39.904,21.566
2014,6,14,40.278,22.674
2014,6,15,40.086,23.939
2014,6,16,40.306,28.419
2014,6,17,38.45,29.926
2014,6,18,36.888,32.344
2014,6,19,34.075,33.025
2014,6,20,29.787,31.623
2014,6,21,30.758,32.192
2014,6,22,33.072,32.957
2014,6,23,32.665,33.335
2014,6,24,31.857,31.034
2014,6,25,32.854,33.007
2014,6,26,32.654,35.998
2014,6,27,33.938,38.145
2014,6,28,40.487,39.328
2014,6,29,40.835,38.56
2014,6,30,40.859,38.575
2014,7,1,40.868,39.985
2014,7,2,38.051,38.22
2014,7,3,36.078,36.519
2014,7,4,37.538,35.446
2014,7,5,38.377,33.578
2014,7,6,37.408,34.197
2014,7,7,36.115,35.184
2014,7,8,37.084,33.971
2014,7,9,37.994,33.928
2014,7,10,38.169,34.837
2014,7,11,38.75,36.723
2014,7,12,36.38,36.634
2014,7,13,36.322,38.534
2014,7,14,35.104,40.542
2014,7,15,34.427,37.582
2014,7,16,35.366,36.595
2014,7,17,37.119,33.106
2014,7,18,37.394,33.885
2014,7,19,37.796,33.803
2014,7,20,35.446,33.273
2014,7,21,36.821,33.25
2014,7,22,36.155,33.594
2014,7,23,33.813,32.771
2014,7,24,31.954,31.121
2014,7,25,31.526,30.583
2014,7,26,30.852,31.341
2014,7,27,30.973,31.318
2014,7,28,29.451,34.437
2014,7,29,30.248,33.906
2014,7,30,31.908,35.925
2014,7,31,34.462,38.933
2014,8,1,36.473,40.197
2014,8,2,36.188,38.895
2014,8,3,34.987,34.046
2014,8,4,33.18,33.596
2014,8,5,35.74,32.272
2014,8,6,35.159,34.949
2014,8,7,32.463,34.674
2014,8,8,35.046,36.412
2014,8,9,36.938,37.267
2014,8,10,36.233,39.505
2014,8,11,37.887,39.701
2014,8,12,38.331,39.349
2014,8,13,33.222,38.831
2014,8,14,32.507,38.215
2014,8,15,33.334,38.092
2014,8,16,32.753,36.779
2014,8,17,30.3,33.868
2014,8,18,29.305,33.246
2014,8,19,30.903,31.011
2014,8,20,33.584,30.098
2014,8,21,33.782,32.613
2014,8,22,32.34,35.469
2014,8,23,31.612,37.323
2014,8,24,32.008,39.401
2014,8,25,32.967,38.478
2014,8,26,34.707,36.376
2014,8,27,35.096,35.833
2014,8,28,35.403,35.991
2014,8,29,35.891,34.964
2014,8,30,36.101,32.729
2014,8,31,36.629,31.167
2014,9,1,37.611,29.293
2014,9,2,38.376,26.679
2014,9,3,34.683,25.352
2014,9,4,35.48,28.037
2014,9,5,31.449,26.996
2014,9,6,26.022,26.825
2014,9,7,33.633,27.386
2014,9,8,30.102,23.384
2014,9,9,27.25,22.756
2014,9,10,27.894,23.225
2014,9,11,31.716,24.835
2014,9,12,37.811,26.059
2014,9,13,37.982,27.926
2014,9,14,34.052,27.013
2014,9,15,31.049,25.107
2014,9,16,32.68,23.571
2014,9,17,28.322,24.326
2014,9,18,26.773,25.326
2014,9,19,25.427,30.88
2014,9,20,24.744,32.369
2014,9,21,23.207,32.412
2014,9,22,30.8,32.034
2014,9,23,35.05,33.674
2014,9,24,33.865,36.002
2014,9,25,36.058,38.017
2014,9,26,38.38,36.128
2014,9,27,37.095,34.126
2014,9,28,36.213,31.773
2014,9,29,32.589,31.875
2014,9,30,29.415,34.411
2014,10,1,32.119,33.446
2014,10,2,33.057,34.176
2014,10,3,30.542,31.096
2014,10,4,30.262,27.542
2014,10,5,29.899,29.975
2014,10,6,29.722,29.074
2014,10,7,31.151,29.732
2014,10,8,32.298,27.02
2014,10,9,29.351,28.402
2014,10,10,25.367,25.333
2014,10,11,18.775,29.149
2014,10,12,16.274,29.069
2014,10,13,18.271,29.033
2014,10,14,19.916,25.923
2014,10,15,24.251,28.153
2014,10,16,24.942,29.625
2014,10,17,25.548,27.14
2014,10,18,25.905,28.083
2014,10,19,25.209,28.025
2014,10,20,28.231,24.737
2014,10,21,27.804,23.421
2014,10,22,28.183,21.506
2014,10,23,29.187,17.761
2014,10,24,28.916,19.134
2014,10,25,30.529,21.912
2014,10,26,27.229,21.219
2014,10,27,23.452,19.388
2014,10,28,20.793,19.357
2014,10,29,19.923,19.094
2014,10,30,20.101,17.898
2014,10,31,20.57,16.902
2014,11,1,16.966,16.156
2014,11,2,16.025,16.414
2014,11,3,13.796,14.366
2014,11,4,13.956,15.213
2014,11,5,12.927,16.902
2014,11,6,14.233,20.054
2014,11,7,18.079,20.975
2014,11,8,20.887,23.256
2014,11,9,20.117,19.328
2014,11,10,21.324,15.879
2014,11,11,12.584,15.731
2014,11,12,13.128,16.951
2014,11,13,17.341,18.03
2014,11,14,18.75,18.606
2014,11,15,16.383,17.195
2014,11,16,17.475,16.433
2014,11,17,15.321,19.347
2014,11,18,14.608,20.301
2014,11,19,14.192,17.18
2014,11,20,14.83,17.482
2014,11,21,14.293,19.773
2014,11,22,15.086,16.318
2014,11,23,15.677,13.744
2014,11,24,17.382,15.522
2014,11,25,18.196,14.117
2014,11,26,16.197,17.413
2014,11,27,14.961,16.303
2014,11,28,10.549,14.835
2014,11,29,11.642,14.431
2014,11,30,12.324,12.888
2014,12,1,16.187,15.249
2014,12,2,17.538,9.974
2014,12,3,17.168,9.604
2014,12,4,18.026,12.581
2014,12,5,16.388,14.531
2014,12,6,15.384,12.465
2014,12,7,17.087,13.589
2014,12,8,14.975,13.933
2014,12,9,17.566,18.011
2014,12,10,16.87,17.875
2014,12,11,15.819,18.278
2014,12,12,13.16,19.434
2014,12,13,14.824,21.433
2014,12,14,16.035,19.716
2014,12,15,16.184,16.857
2014,12,16,17.786,17.964
2014,12,17,18.537,13.366
2014,12,18,19.938,13.803
2014,12,19,20.647,17.733
2014,12,20,20.743,15.682
2014,12,21,19.336,14.912
2014,12,22,17.996,13.931
2014,12,23,17.186,12.969
2014,12,24,16.791,11.672
2014,12,25,20.105,9.514
2014,12,26,18.761,12.199
2014,12,27,16.116,9.586
2014,12,28,19.593,9.492
2014,12,29,19.67,11.52
2014,12,30,18.782,13.35
2014,12,31,18.119,14.823
2015,1,1,12.602,9.614
2015,1,2,12.433,10.637
2015,1,3,12.415,10.403
2015,1,4,10.491,5.334
2015,1,5,10.065,8.541
2015,1,6,9.691,12.228
2015,1,7,10.137,15.368
2015,1,8,10.254,15.89
2015,1,9,12.622,15.366
2015,1,10,13.552,12.735
2015,1,11,14.607,13.121
2015,1,12,14.523,11.573
2015,1,13,14.292,12.65
2015,1,14,11.607,12.332
2015,1,15,13.166,11.008
2015,1,16,11.13,11.536
2015,1,17,10.786,12.841
2015,1,18,10.867,14.222
2015,1,19,10.668,11.477
2015,1,20,14.474,14.292
2015,1,21,13.486,15.314
2015,1,22,9.3,18.186
2015,1,23,7.847,18.752
2015,1,24,9.945,19.139
2015,1,25,11.288,18.786
2015,1,26,13.347,18.155
2015,1,27,8.213,13.129
2015,1,28,10.076,14.873
2015,1,29,8.12,16.862
2015,1,30,10.117,16.017
2015,1,31,12.009,14.374
2015,2,1,13.353,14.179
2015,2,2,18.23,15.308
2015,2,3,17.984,13.513
2015,2,4,18.31,11.334
2015,2,5,17.621,13.972
2015,2,6,18.634,12.294
2015,2,7,16.626,13.344
2015,2,8,16.978,12.803
2015,2,9,18.134,12.86
2015,2,10,18.343,14.08
2015,2,11,16.913,12.245
2015,2,12,13.93,13.376
2015,2,13,15.066,13.06
2015,2,14,14.423,14.475
2015,2,15,11.9,14.682
2015,2,16,12.44,14.8
2015,2,17,12.697,15.013
2015,2,18,12.79,17.3
2015,2,19,13.844,16.035
2015,2,20,12.932,15.131
2015,2,21,12.481,15.633
2015,2,22,14.564,11.236
2015,2,23,14.663,11.323
2015,2,24,12.861,8.809
2015,2,25,10.479,10.773
2015,2,26,12.793,12.972
2015,2,27,16.226,12.248
2015,2,28,16.036,9.255
2015,3,1,14.602,10.946
2015,3,2,10.153,9.538
2015,3,3,12.381,8.106
2015,3,4,12.087,12.193
2015,3,5,13.074,16.596
2015,3,6,13.934,17.3
2015,3,7,16.618,15.698
2015,3,8,13.458,13.874
2015,3,9,16.321,14.842
2015,3,10,17.549,15.195
2015,3,11,20.013,17.249
2015,3,12,21.773,17.228
2015,3,13,23.175,20.119
2015,3,14,20.757,19.047
2015,3,15,23.908,16.938
2015,3,16,20.008,16.146
2015,3,17,17.028,18.621
2015,3,18,11.504,23.501
2015,3,19,9.577,23.882
2015,3,20,15.294,24.886
2015,3,21,14.186,22.459
2015,3,22,11.284,18.858
2015,3,23,11.825,15.258
2015,3,24,14.632,13.45
2015,3,25,14.663,15.368
2015,3,26,16.808,19.309
2015,3,27,14.892,21.644
2015,3,28,11.619,20.139
2015,3,29,10.202,18.634
2015,3,30,8.422,16.843
2015,3,31,11.445,16.586
2015,4,1,16.784,21.738
2015,4,2,19.191,23.603
2015,4,3,17.068,26.447
2015,4,4,11.874,23.762
2015,4,5,14.878,22.267
2015,4,6,16.29,16.807
2015,4,7,12.173,16.96
2015,4,8,13.805,20.027
2015,4,9,16.108,20.504
2015,4,10,20.548,19.64
2015,4,11,22.395,22.499
2015,4,12,24.688,24.949
2015,4,13,20.1,26.231
2015,4,14,14.739,27.758
2015,4,15,16.447,27.336
2015,4,16,21.221,26.844
2015,4,17,20.24,23.657
2015,4,18,24.172,18.699
2015,4,19,23.41,20.77
2015,4,20,25.773,23.231
2015,4,21,23.778,26.908
2015,4,22,20.449,26.701
2015,4,23,21.178,27.347
2015,4,24,19.344,21.474
2015,4,25,19.519,21.727
2015,4,26,20.306,14.412
2015,4,27,19.454,15.754
2015,4,28,18.237,19.707
2015,4,29,16.136,23.342
2015,4,30,17.877,26.484
2015,5,1,20.735,27.516
2015,5,2,23.77,25.415
2015,5,3,26.763,19.009
2015,5,4,26.637,23.034
2015,5,5,27.351,17.239
2015,5,6,29.198,13.872
2015,5,7,28.354,13.439
2015,5,8,24.847,10.551
2015,5,9,19.638,13.707
2015,5,10,21.528,20.855
2015,5,11,22.153,19.939
2015,5,12,21.883,19.229
2015,5,13,19.359,19.9
2015,5,14,21.961,24.256
2015,5,15,21.446,25.347
2015,5,16,17.959,25.325
2015,5,17,21.747,27.858
2015,5,18,21.945,31.584
2015,5,19,24.848,34.091
2015,5,20,28.99,31.891
2015,5,21,28.077,28.061
2015,5,22,29.176,23.261
2015,5,23,29.688,27.556
2015,5,24,28.502,30.221
2015,5,25,27.749,30.247
2015,5,26,31.495,32.133
2015,5,27,32.237,33.535
2015,5,28,32.574,36.64
2015,5,29,32.425,36.758
2015,5,30,29.804,33.356
2015,5,31,29.398,28.201
2015,6,1,28.482,29.084
2015,6,2,25.253,31.803
2015,6,3,25.446,34.016
2015,6,4,27.261,34.503
2015,6,5,28.485,35.864
2015,6,6,28.713,36.254
2015,6,7,27.154,36.543
2015,6,8,24.377,35.19
2015,6,9,22.75,34.217
2015,6,10,21.515,33.797
2015,6,11,24.557,35.248
2015,6,12,31.523,33.121
2015,6,13,35.33,28.944
2015,6,14,37.865,32.87
2015,6,15,39.129,35.577
2015,6,16,39.612,36.247
2015,6,17,40.372,36.886
2015,6,18,39.645,33.107
2015,6,19,39.505,30.075
2015,6,20,40.509,28.386
2015,6,21,40.648,31.121
2015,6,22,40.461,32.937
2015,6,23,39.247,32.898
2015,6,24,32.939,29.2
2015,6,25,31.013,25.465
2015,6,26,31.454,28.045
2015,6,27,33.919,30.032
2015,6,28,33.871,30.197
2015,6,29,33.481,30.264
2015,6,30,32.398,33.621
2015,7,1,31.596,35.12
2015,7,2,29.806,31.452
2015,7,3,31.97,31.98
2015,7,4,35.156,29.949
2015,7,5,36.488,29.488
2015,7,6,38.566,31.0
2015,7,7,39.786,32.363
2015,7,8,39.856,37.737
2015,7,9,38.902,38.958
2015,7,10,36.596,38.911
2015,7,11,34.879,38.991
2015,7,12,34.992,40.593
2015,7,13,34.748,38.01
2015,7,14,35.668,37.313
2015,7,15,36.175,37.562
2015,7,16,34.87,39.265
2015,7,17,33.499,39.864
2015,7,18,37.355,42.083
2015,7,19,39.052,39.789
2015,7,20,40.901,38.585
2015,7,21,40.597,39.28
2015,7,22,37.041,39.195
2015,7,23,34.413,39.803
2015,7,24,34.623,39.767
2015,7,25,33.115,37.52
2015,7,26,29.953,35.782
2015,7,27,30.591,37.187
2015,7,28,32.432,36.148
2015,7,29,34.735,37.368
2015,7,30,37.196,37.097
2015,7,31,37.306,37.19
2015,8,1,36.046,38.54
2015,8,2,35.303,35.858
2015,8,3,34.966,34.709
2015,8,4,34.076,30.884
2015,8,5,31.14,32.069
2015,8,6,29.505,30.616
2015,8,7,29.398,31.13
2015,8,8,28.936,30.389
2015,8,9,31.322,30.411
2015,8,10,32.322,34.929
2015,8,11,33.215,36.288
2015,8,12,34.236,36.935
2015,8,13,37.866,38.433
2015,8,14,39.225,39.076
2015,8,15,38.672,38.223
2015,8,16,34.524,39.739
2015,8,17,32.773,38.266
2015,8,18,34.019,38.376
2015,8,19,37.848,37.576
2015,8,20,38.734,37.141
2015,8,21,38.935,38.229
2015,8,22,35.216,38.481
2015,8,23,29.796,37.389
2015,8,24,27.853,36.462
2015,8,25,29.347,35.791
2015,8,26,31.056,32.012
2015,8,27,32.352,28.701
2015,8,28,33.365,26.949
2015,8,29,33.073,33.72
2015,8,30,34.677,36.34
2015,8,31,37.091,38.087
2015,9,1,38.757,37.93
2015,9,2,43.639,37.541
2015,9,3,41.166,38.663
2015,9,4,40.055,30.783
2015,9,5,38.685,18.435
2015,9,6,35.897,26.166
2015,9,7,32.478,29.172
2015,9,8,27.566,28.223
2015,9,9,26.16,28.994
2015,9,10,22.836,35.505
2015,9,11,23.329,36.704
2015,9,12,24.991,36.01
2015,9,13,25.86,33.996
2015,9,14,27.335,31.731
2015,9,15,27.365,27.899
2015,9,16,25.501,29.568
2015,9,17,26.245,28.957
2015,9,18,31.284,27.401
2015,9,19,31.457,28.011
2015,9,20,23.095,28.769
2015,9,21,14.721,29.732
2015,9,22,15.33,31.446
2015,9,23,18.835,30.856
2015,9,24,21.324,31.554
2015,9,25,21.06,30.207
2015,9,26,23.222,29.726
2015,9,27,25.344,24.495
2015,9,28,26.066,24.095
2015,9,29,23.347,25.395
2015,9,30,21.018,27.544
2015,10,1,17.015,31.179
2015,10,2,24.073,34.701
2015,10,3,22.189,35.977
2015,10,4,18.959,39.262
2015,10,5,20.459,38.432
2015,10,6,21.692,34.798
2015,10,7,22.167,30.787
2015,10,8,22.762,29.346
2015,10,9,23.208,28.261
2015,10,10,20.014,24.184
2015,10,11,20.853,22.732
2015,10,12,22.449,13.883
2015,10,13,22.154,15.946
2015,10,14,23.296,20.002
2015,10,15,22.055,19.817
2015,10,16,23.245,19.012
2015,10,17,24.594,19.625
2015,10,18,25.807,20.232
2015,10,19,25.556,22.246
2015,10,20,24.17,22.605
2015,10,21,22.383,24.741
2015,10,22,23.063,27.536
2015,10,23,22.906,29.812
2015,10,24,21.325,28.865
2015,10,25,19.303,23.998
2015,10,26,21.139,21.09
2015,10,27,24.267,23.155
2015,10,28,21.587,26.07
2015,10,29,21.334,24.473
2015,10,30,21.494,22.272
2015,10,31,17.835,24.678
2015,11,1,19.1,25.283
2015,11,2,20.368,24.086
2015,11,3,20.23,23.838
2015,11,4,19.939,17.036
2015,11,5,18.921,19.031
2015,11,6,17.373,21.366
2015,11,7,14.5,25.344
2015,11,8,16.224,26.425
2015,11,9,17.402,25.928
2015,11,10,16.647,26.679
2015,11,11,17.456,26.302
2015,11,12,16.385,27.276
2015,11,13,15.87,26.97
2015,11,14,16.299,25.003
2015,11,15,16.273,22.088
2015,11,16,16.266,24.129
2015,11,17,17.981,22.116
2015,11,18,18.936,20.082
2015,11,19,17.512,18.895
2015,11,20,14.479,20.303
2015,11,21,13.361,18.31
2015,11,22,13.328,18.379
2015,11,23,11.539,17.45
2015,11,24,10.467,17.038
2015,11,25,16.091,18.732
2015,11,26,14.748,17.749
2015,11,27,13.071,15.643
2015,11,28,11.47,15.133
2015,11,29,11.376,12.586
2015,11,30,12.746,17.056
2015,12,1,12.653,16.7
2015,12,2,11.49,13.987
2015,12,3,15.448,12.743
2015,12,4,12.845,13.783
2015,12,5,12.298,13.056
2015,12,6,12.678,11.724
2015,12,7,13.535,12.278
2015,12,8,14.522,12.825
2015,12,9,13.406,13.481
2015,12,10,15.081,11.704
2015,12,11,16.682,11.751
2015,12,12,14.62,14.768
2015,12,13,13.361,17.871
2015,12,14,14.786,19.537
2015,12,15,13.212,16.912
2015,12,16,11.17,15.873
2015,12,17,14.539,17.919
2015,12,18,15.936,18.58
2015,12,19,17.815,19.555
2015,12,20,13.325,16.993
2015,12,21,12.299,19.374
2015,12,22,12.865,13.952
2015,12,23,13.088,18.034
2015,12,24,17.43,18.376
2015,12,25,17.302,17.332
2015,12,26,16.798,16.847
2015,12,27,16.722,16.258
2015,12,28,14.854,15.493
2015,12,29,10.876,16.745
2015,12,30,13.905,19.305
2015,12,31,13.556,18.149
2016,1,1,12.417,17.138
2016,1,2,11.995,18.92
2016,1,3,13.752,16.106
2016,1,4,15.721,15.073
2016,1,5,16.445,13.558
2016,1,6,16.477,13.944
2016,1,7,14.12,12.474
2016,1,8,13.579,10.746
2016,1,9,17.293,9.944
2016,1,10,15.294,11.046
2016,1,11,13.694,14.028
2016,1,12,13.831,15.262
2016,1,13,16.182,12.558
2016,1,14,16.855,12.206
2016,1,15,12.329,9.562
2016,1,16,11.951,8.921
2016,1,17,12.002,9.223
2016,1,18,16.071,9.105
2016,1,19,17.926,12.383
2016,1,20,16.249,12.538
2016,1,21,18.076,13.82
2016,1,22,19.634,12.317
2016,1,23,18.538,16.482
2016,1,24,16.882,15.876
2016,1,25,16.337,15.16
2016,1,26,14.268,18.191
2016,1,27,15.694,14.742
2016,1,28,10.68,12.651
2016,1,29,12.985,11.807
2016,1,30,13.445,13.5
2016,1,31,14.867,12.164
2016,2,1,16.485,12.908
2016,2,2,13.634,13.91
2016,2,3,15.726,14.573
2016,2,4,12.984,14.17
2016,2,5,11.525,14.473
2016,2,6,11.499,13.17
2016,2,7,9.723,13.437
2016,2,8,11.375,14.598
2016,2,9,17.218,15.61
2016,2,10,17.541,17.503
2016,2,11,17.404,16.327
2016,2,12,18.874,15.813
2016,2,13,19.051,16.251
2016,2,14,21.508,17.737
2016,2,15,22.508,17.629
2016,2,16,24.082,17.452
2016,2,17,22.551,15.88
2016,2,18,22.359,14.116
2016,2,19,17.276,14.187
2016,2,20,14.898,10.993
2016,2,21,12.393,13.466
2016,2,22,14.023,13.184
2016,2,23,11.985,10.482
2016,2,24,11.23,10.329
2016,2,25,10.884,14.312
2016,2,26,8.018,13.005
2016,2,27,9.225,10.812
2016,2,28,8.692,10.686
2016,2,29,12.491,12.745
2016,3,1,12.833,13.625
2016,3,2,13.944,18.705
2016,3,3,16.6,17.437
2016,3,4,19.873,19.347
2016,3,5,24.284,20.728
2016,3,6,20.317,22.648
2016,3,7,20.38,22.327
2016,3,8,19.983,22.681
2016,3,9,17.426,22.249
2016,3,10,17.55,22.164
2016,3,11,17.799,19.763
2016,3,12,18.68,21.299
2016,3,13,13.244,19.843
2016,3,14,15.968,19.423
2016,3,15,17.042,19.46
2016,3,16,17.838,15.83
2016,3,17,19.686,14.277
2016,3,18,20.949,12.49
2016,3,19,17.868,14.285
2016,3,20,19.049,14.501
2016,3,21,18.044,15.875
2016,3,22,16.398,18.468
2016,3,23,19.676,17.245
2016,3,24,24.537,15.387
2016,3,25,26.677,15.789
2016,3,26,23.7,15.799
2016,3,27,18.437,15.936
2016,3,28,15.305,16.008
2016,3,29,17.035,16.507
2016,3,30,13.282,14.992
2016,3,31,10.841,14.63
2016,4,1,11.596,12.731
2016,4,2,11.391,15.953
2016,4,3,14.565,13.18
2016,4,4,18.642,11.424
2016,4,5,20.942,13.916
2016,4,6,22.759,17.139
2016,4,7,21.236,18.947
2016,4,8,18.034,23.454
2016,4,9,13.341,23.549
2016,4,10,10.748,23.838
2016,4,11,11.404,19.679
2016,4,12,10.827,21.646
2016,4,13,13.958,24.739
2016,4,14,18.285,27.38
2016,4,15,20.602,28.004
2016,4,16,25.801,29.203
2016,4,17,23.51,29.212
2016,4,18,22.336,25.38
2016,4,19,22.521,19.02
2016,4,20,22.529,15.218
2016,4,21,21.129,19.1
2016,4,22,20.407,19.075
2016,4,23,20.339,22.224
2016,4,24,23.521,21.266
2016,4,25,19.274,16.527
2016,4,26,15.235,12.817
2016,4,27,19.415,17.427
2016,4,28,23.316,20.522
2016,4,29,25.23,24.809
2016,4,30,21.581,24.643
2016,5,1,18.052,19.654
2016,5,2,12.61,17.692
2016,5,3,16.573,20.564
2016,5,4,19.265,22.184
2016,5,5,24.657,25.195
2016,5,6,28.583,29.508
2016,5,7,31.89,30.77
2016,5,8,31.685,27.245
2016,5,9,24.138,23.334
2016,5,10,18.012,23.507
2016,5,11,16.53,25.196
2016,5,12,18.991,27.488
2016,5,13,23.264,28.366
2016,5,14,21.462,28.984
2016,5,15,20.53,31.684
2016,5,16,22.545,34.156
2016,5,17,29.063,35.943
2016,5,18,30.924,33.533
2016,5,19,26.028,32.999
2016,5,20,28.256,33.851
2016,5,21,29.217,34.455
2016,5,22,32.652,35.574
2016,5,23,34.103,33.959
2016,5,24,34.095,29.81
2016,5,25,28.741,30.975
2016,5,26,18.363,28.503
2016,5,27,20.496,26.89
2016,5,28,25.47,32.587
2016,5,29,28.929,35.552
2016,5,30,31.142,38.23
2016,5,31,30.599,40.125
2016,6,1,29.679,35.962
2016,6,2,26.642,32.492
2016,6,3,23.756,33.246
2016,6,4,25.325,34.345
2016,6,5,31.608,33.592
2016,6,6,30.749,35.998
2016,6,7,32.016,38.913
2016,6,8,30.578,38.858
2016,6,9,32.344,36.297
2016,6,10,32.616,35.145
2016,6,11,32.355,37.705
2016,6,12,26.572,39.547
2016,6,13,33.192,39.64
2016,6,14,35.007,38.017
2016,6,15,34.819,35.004
2016,6,16,33.321,28.393
2016,6,17,33.94,30.827
2016,6,18,34.089,32.03
2016,6,19,32.734,32.776
2016,6,20,35.085,34.005
2016,6,21,31.643,34.041
2016,6,22,30.546,31.701
2016,6,23,32.312,32.462
2016,6,24,35.261,35.914
2016,6,25,33.735,37.788
2016,6,26,36.066,36.454
2016,6,27,35.887,36.969
2016,6,28,34.604,37.313
2016,6,29,32.848,35.569
2016,6,30,32.135,36.408
2016,7,1,32.722,31.424
2016,7,2,35.872,31.819
2016,7,3,36.389,33.565
2016,7,4,35.288,34.631
2016,7,5,36.359,36.768
2016,7,6,37.053,36.419
2016,7,7,36.728,38.453
2016,7,8,36.495,37.304
2016,7,9,35.225,36.876
2016,7,10,33.591,35.311
2016,7,11,31.907,34.146
2016,7,12,32.331,33.699
2016,7,13,32.652,35.137
2016,7,14,30.863,37.34
2016,7,15,33.201,37.43
2016,7,16,32.899,37.538
2016,7,17,37.524,37.769
2016,7,18,38.276,38.138
2016,7,19,40.204,38.422
2016,7,20,41.993,38.954
2016,7,21,40.55,40.508
2016,7,22,41.601,43.699
2016,7,23,37.346,42.669
2016,7,24,38.547,41.676
2016,7,25,36.454,39.695
2016,7,26,35.627,36.824
2016,7,27,37.474,38.192
2016,7,28,37.732,37.778
2016,7,29,36.886,33.739
2016,7,30,35.585,32.08
2016,7,31,33.839,35.77
2016,8,1,31.435,35.92
2016,8,2,32.881,37.305
2016,8,3,33.372,40.091
2016,8,4,32.218,40.173
2016,8,5,30.247,40.465
2016,8,6,30.73,36.595
2016,8,7,31.544,36.129
2016,8,8,35.028,35.445
2016,8,9,35.175,37.034
2016,8,10,35.987,39.2
2016,8,11,37.929,38.741
2016,8,12,37.241,38.853
2016,8,13,33.764,38.834
2016,8,14,32.798,38.604
2016,8,15,33.095,39.236
2016,8,16,31.917,40.075
2016,8,17,31.506,40.045
2016,8,18,34.66,39.811
2016,8,19,35.414,37.952
2016,8,20,34.359,36.817
2016,8,21,34.204,34.079
2016,8,22,37.728,31.373
2016,8,23,38.413,33.509
2016,8,24,36.479,33.956
2016,8,25,35.901,34.644
2016,8,26,32.756,33.716
2016,8,27,30.722,32.582
2016,8,28,31.131,35.997
2016,8,29,34.534,37.365
2016,8,30,34.556,37.636
2016,8,31,34.541,37.248
2016,9,1,32.786,32.263
2016,9,2,32.023,27.316
2016,9,3,31.969,29.33
2016,9,4,35.601,26.742
2016,9,5,32.668,25.709
2016,9,6,30.653,25.412
2016,9,7,25.698,24.988
2016,9,8,25.37,23.116
2016,9,9,26.077,20.717
2016,9,10,25.625,18.523
2016,9,11,30.372,20.303
2016,9,12,33.551,19.888
2016,9,13,33.125,23.61
2016,9,14,31.032,23.984
2016,9,15,32.309,27.156
2016,9,16,32.058,30.53
2016,9,17,34.33,29.868
2016,9,18,34.067,30.807
2016,9,19,32.1,31.548
2016,9,20,31.665,34.197
2016,9,21,37.177,33.603
2016,9,22,38.003,34.114
2016,9,23,35.067,34.231
2016,9,24,32.39,32.406
2016,9,25,31.797,29.47
2016,9,26,35.287,28.668
2016,9,27,36.309,24.612
2016,9,28,35.182,31.211
2016,9,29,35.324,33.435
2016,9,30,34.358,33.244
2016,10,1,33.503,32.054
2016,10,2,34.096,29.89
2016,10,3,35.984,32.638
2016,10,4,35.879,36.362
2016,10,5,32.444,35.776
2016,10,6,32.012,35.553
2016,10,7,29.146,35.108
2016,10,8,29.737,33.758
2016,10,9,27.13,31.81
2016,10,10,27.326,25.084
2016,10,11,28.27,24.659
2016,10,12,32.389,30.186
2016,10,13,33.848,28.334
2016,10,14,32.612,29.162
2016,10,15,33.908,28.679
2016,10,16,34.495,25.026
2016,10,17,33.166,18.656
2016,10,18,32.002,26.313
2016,10,19,29.153,17.657
2016,10,20,30.125,18.342
2016,10,21,29.899,20.014
2016,10,22,25.984,24.714
2016,10,23,24.389,27.372
2016,10,24,23.486,30.768
2016,10,25,26.391,31.631
2016,10,26,27.423,29.335
2016,10,27,25.633,25.402
2016,10,28,21.658,23.337
2016,10,29,16.312,23.781
2016,10,30,16.19,21.17
2016,10,31,19.07,19.549
2016,11,1,19.307,19.039
2016,11,2,16.695,17.237
2016,11,3,15.369,17.045
2016,11,4,14.762,17.088
2016,11,5,16.383,18.65
2016,11,6,16.92,18.584
2016,11,7,16.73,18.831
2016,11,8,19.518,18.385
2016,11,9,18.12,16.546
2016,11,10,19.078,17.082
2016,11,11,21.511,18.26
2016,11,12,20.959,17.337
2016,11,13,21.699,15.706
2016,11,14,19.456,15.467
2016,11,15,18.288,16.179
2016,11,16,19.849,14.296
2016,11,17,19.321,16.249
2016,11,18,15.062,15.3
2016,11,19,17.704,13.305
2016,11,20,20.88,16.382
2016,11,21,17.209,16.242
2016,11,22,17.407,11.131
2016,11,23,17.766,10.945
2016,11,24,17.762,12.811
2016,11,25,17.901,15.27
2016,11,26,20.207,13.145
2016,11,27,18.785,14.467
2016,11,28,20.759,11.622
2016,11,29,22.361,10.804
2016,11,30,21.335,10.648
2016,12,1,20.423,15.002
2016,12,2,19.048,14.301
2016,12,3,15.565,11.432
2016,12,4,15.948,12.346
2016,12,5,16.369,13.665
2016,12,6,13.378,12.875
2016,12,7,16.416,11.563
2016,12,8,15.438,10.836
2016,12,9,13.727,12.355
2016,12,10,15.925,15.088
2016,12,11,18.172,14.412
2016,12,12,19.464,13.831
2016,12,13,14.078,12.352
2016,12,14,15.384,8.864
2016,12,15,13.281,8.562
2016,12,16,12.2,9.199
2016,12,17,13.918,9.014
2016,12,18,16.129,9.718
2016,12,19,14.25,8.296
2016,12,20,13.143,7.79
2016,12,21,14.001,8.435
2016,12,22,13.297,9.855
2016,12,23,16.158,14.047
2016,12,24,16.091,13.657
2016,12,25,15.381,14.717
2016,12,26,15.351,10.53
2016,12,27,8.466,15.349
2016,12,28,7.88,18.151
2016,12,29,10.074,19.363
2016,12,30,10.633,20.231
2016,12,31,10.353,20.098
2017,1,1,7.983,16.255
2017,1,2,6.716,14.857
2017,1,3,10.026,12.413
2017,1,4,11.566,15.128
2017,1,5,12.077,13.741
2017,1,6,12.353,11.862
2017,1,7,12.903,12.275
2017,1,8,10.651,11.303
2017,1,9,13.818,10.331
2017,1,10,13.363,13.109
2017,1,11,14.054,15.641
2017,1,12,12.706,15.55
2017,1,13,14.593,15.741
2017,1,14,15.838,13.159
2017,1,15,12.659,10.722
2017,1,16,13.096,8.667
2017,1,17,11.584,9.668
2017,1,18,12.641,10.692
2017,1,19,11.281,12.116
2017,1,20,12.838,11.862
2017,1,21,16.107,13.092
2017,1,22,15.501,13.724
2017,1,23,14.897,14.165
2017,1,24,13.029,11.436
2017,1,25,12.901,12.483
2017,1,26,10.424,12.334
2017,1,27,10.796,11.699
2017,1,28,11.563,12.624
2017,1,29,13.419,10.862
2017,1,30,11.855,12.311
2017,1,31,14.966,14.392
2017,2,1,15.555,16.396
2017,2,2,15.613,16.858
2017,2,3,16.255,18.719
2017,2,4,16.673,14.03
2017,2,5,16.97,15.658
2017,2,6,16.274,12.615
2017,2,7,16.075,15.853
2017,2,8,14.801,16.328
2017,2,9,13.448,18.091
2017,2,10,13.731,18.285
2017,2,11,13.952,12.52
2017,2,12,13.325,13.088
2017,2,13,12.83,16.167
2017,2,14,13.882,18.973
2017,2,15,12.896,20.105
2017,2,16,13.198,18.086
2017,2,17,17.193,14.826
2017,2,18,18.993,15.35
2017,2,19,17.395,19.21
2017,2,20,17.75,14.872
2017,2,21,18.42,20.395
2017,2,22,19.913,13.112
2017,2,23,21.647,14.079
2017,2,24,21.512,17.305
2017,2,25,20.792,18.159
2017,2,26,21.59,20.387
2017,2,27,21.573,21.49
2017,2,28,23.302,22.923
2017,3,1,23.612,19.63
2017,3,2,19.357,17.595
2017,3,3,13.665,20.073
2017,3,4,13.016,20.53
2017,3,5,13.964,20.952
2017,3,6,18.776,20.538
2017,3,7,19.484,19.071
2017,3,8,17.735,16.487
2017,3,9,15.459,20.907
2017,3,10,12.153,21.356
2017,3,11,15.642,20.109
2017,3,12,17.583,20.889
2017,3,13,20.944,20.231
2017,3,14,19.165,21.735
2017,3,15,20.343,20.061
2017,3,16,18.195,19.198
2017,3,17,15.797,20.751
2017,3,18,18.361,20.663
2017,3,19,16.585,18.879
2017,3,20,14.069,19.121
2017,3,21,19.745,17.553
2017,3,22,18.523,20.119
2017,3,23,17.155,19.993
2017,3,24,17.366,16.808
2017,3,25,14.27,17.92
2017,3,26,12.299,20.868
2017,3,27,17.075,23.18
2017,3,28,19.541,21.75
2017,3,29,20.455,21.791
2017,3,30,21.4,21.09
2017,3,31,25.459,23.518
2017,4,1,26.846,23.086
2017,4,2,27.5,21.205
2017,4,3,23.306,23.502
2017,4,4,22.918,23.142
2017,4,5,23.621,22.066
2017,4,6,25.863,19.712
2017,4,7,26.962,16.866
2017,4,8,29.37,17.641
2017,4,9,29.262,19.739
2017,4,10,26.098,21.773
2017,4,11,20.139,23.284
2017,4,12,15.067,26.435
2017,4,13,18.793,21.077
2017,4,14,19.535,19.567
2017,4,15,17.683,18.686
2017,4,16,18.276,22.429
2017,4,17,23.051,24.791
2017,4,18,24.954,22.227
2017,4,19,23.819,22.098
2017,4,20,25.326,26.897
2017,4,21,26.312,29.197
2017,4,22,29.632,28.052
2017,4,23,30.574,21.309
2017,4,24,31.79,15.858
2017,4,25,31.344,12.526
2017,4,26,27.929,14.46
2017,4,27,25.653,17.023
2017,4,28,19.586,18.734
2017,4,29,16.074,21.702
2017,4,30,20.379,20.875
2017,5,1,22.249,16.423
2017,5,2,25.188,13.603
2017,5,3,26.569,14.258
2017,5,4,29.401,18.256
2017,5,5,29.631,21.297
2017,5,6,27.89,25.307
2017,5,7,28.756,26.323
2017,5,8,26.824,26.95
2017,5,9,23.744,26.303
2017,5,10,25.309,25.512
2017,5,11,30.475,22.794
2017,5,12,33.799,20.726
2017,5,13,34.543,18.861
2017,5,14,35.03,23.013
2017,5,15,32.276,27.81
2017,5,16,26.842,27.747
2017,5,17,26.402,23.701
2017,5,18,28.161,21.958
2017,5,19,30.002,20.918
2017,5,20,32.928,19.738
2017,5,21,36.255,17.682
2017,5,22,38.934,19.018
2017,5,23,38.678,22.772
2017,5,24,36.083,20.877
2017,5,25,32.549,19.083
2017,5,26,31.77,17.832
2017,5,27,31.267,19.929
2017,5,28,33.529,20.845
2017,5,29,27.112,21.234
2017,5,30,20.518,25.053
2017,5,31,21.64,27.231
2017,6,1,23.755,24.919
2017,6,2,18.326,23.147
2017,6,3,20.838,24.495
2017,6,4,20.874,24.28
2017,6,5,23.872,18.336
2017,6,6,25.522,24.434
2017,6,7,24.646,19.049
2017,6,8,23.757,18.958
2017,6,9,21.994,23.068
2017,6,10,22.735,26.125
2017,6,11,24.144,29.296
2017,6,12,23.971,34.237
2017,6,13,18.477,34.548
2017,6,14,12.381,32.228
2017,6,15,16.476,34.659
2017,6,16,23.005,34.72
2017,6,17,27.578,37.088
2017,6,18,30.062,39.663
2017,6,19,32.226,39.193
2017,6,20,32.228,40.303
2017,6,21,31.214,40.448
2017,6,22,30.763,40.608
2017,6,23,30.637,39.117
2017,6,24,30.994,38.462
2017,6,25,29.076,34.954
2017,6,26,27.553,31.807
2017,6,27,27.667,32.083
2017,6,28,28.839,30.892
2017,6,29,29.28,30.0
2017,6,30,30.023,30.118
2017,7,1,29.384,30.651
2017,7,2,31.133,29.951
2017,7,3,32.052,33.259
2017,7,4,32.376,34.798
2017,7,5,33.713,37.053
2017,7,6,34.089,36.401
2017,7,7,36.691,36.078
2017,7,8,38.367,37.558
2017,7,9,39.424,39.806
2017,7,10,38.996,40.434
2017,7,11,41.688,39.862
2017,7,12,38.232,40.398
2017,7,13,36.117,39.362
2017,7,14,34.604,37.349
2017,7,15,35.742,32.704
2017,7,16,35.317,30.328
2017,7,17,35.571,30.087
2017,7,18,36.267,27.659
2017,7,19,35.922,28.687
2017,7,20,37.746,30.218
2017,7,21,40.065,31.62
2017,7,22,41.205,32.145
2017,7,23,41.123,30.523
2017,7,24,40.35,30.767
2017,7,25,34.629,31.772
2017,7,26,32.775,37.721
2017,7,27,33.447,38.718
2017,7,28,34.159,38.417
2017,7,29,35.834,37.742
2017,7,30,36.406,38.658
2017,7,31,37.942,38.675
2017,8,1,40.394,37.544
2017,8,2,39.451,38.3
2017,8,3,40.75,36.751
2017,8,4,39.806,36.357
2017,8,5,38.492,36.925
2017,8,6,32.923,37.62
2017,8,7,30.94,36.503
2017,8,8,30.596,36.818
2017,8,9,30.361,37.331
2017,8,10,31.969,40.502
2017,8,11,34.267,40.593
2017,8,12,32.977,38.32
2017,8,13,33.789,38.393
2017,8,14,34.597,38.179
2017,8,15,33.196,38.487
2017,8,16,34.117,40.168
2017,8,17,30.811,38.86
2017,8,18,33.837,37.128
2017,8,19,34.581,35.594
2017,8,20,36.149,35.973
2017,8,21,37.41,34.996
2017,8,22,38.146,26.769
2017,8,23,39.933,21.406
2017,8,24,38.228,22.067
2017,8,25,42.429,26.279
2017,8,26,39.483,26.445
2017,8,27,35.949,27.608
2017,8,28,32.161,30.342
2017,8,29,33.127,32.417
2017,8,30,32.22,38.084
2017,8,31,30.865,39.734
2017,9,1,29.774,38.014
2017,9,2,29.007,35.673
2017,9,3,32.124,30.68
2017,9,4,31.428,26.98
2017,9,5,34.683,26.298
2017,9,6,34.289,27.43
2017,9,7,30.319,28.376
2017,9,8,30.912,26.644
2017,9,9,34.853,25.82
2017,9,10,33.686,27.834
2017,9,11,33.769,25.841
2017,9,12,33.719,27.493
2017,9,13,33.48,33.067
2017,9,14,33.01,35.648
2017,9,15,33.603,36.826
2017,9,16,36.891,39.534
2017,9,17,33.732,39.974
2017,9,18,31.699,39.021
2017,9,19,28.168,40.524
2017,9,20,27.56,39.34
2017,9,21,27.831,28.563
2017,9,22,23.377,30.064
2017,9,23,25.973,36.891
2017,9,24,28.27,34.781
2017,9,25,28.699,33.41
2017,9,26,26.348,22.482
2017,9,27,25.038,25.546
2017,9,28,22.823,28.928
2017,9,29,22.588,27.156
2017,9,30,20.524,22.581
2017,10,1,25.534,23.37
2017,10,2,26.648,23.706
2017,10,3,30.391,26.163
2017,10,4,31.674,27.203
2017,10,5,32.447,28.685
2017,10,6,34.389,26.466
2017,10,7,34.858,26.224
2017,10,8,34.628,25.533
2017,10,9,34.064,28.525
2017,10,10,33.16,29.531
2017,10,11,31.278,29.057
2017,10,12,30.618,26.591
2017,10,13,30.6,28.85
2017,10,14,31.377,27.647
2017,10,15,32.003,25.042
2017,10,16,32.081,25.307
2017,10,17,31.827,23.913
2017,10,18,31.616,18.85
2017,10,19,29.835,18.02
2017,10,20,25.461,19.3
2017,10,21,27.411,20.721
2017,10,22,23.432,22.49
2017,10,23,20.546,22.228
2017,10,24,18.402,22.172
2017,10,25,20.037,25.317
2017,10,26,21.75,24.306
2017,10,27,22.64,24.195
2017,10,28,22.945,22.931
2017,10,29,24.096,20.228
2017,10,30,26.116,18.839
2017,10,31,25.143,20.393
2017,11,1,26.041,19.971
2017,11,2,23.586,20.531
2017,11,3,18.871,17.965
2017,11,4,18.641,18.17
2017,11,5,19.892,15.974
2017,11,6,17.513,14.647
2017,11,7,17.101,16.991
2017,11,8,19.952,21.437
2017,11,9,18.136,21.439
2017,11,10,16.956,21.704
2017,11,11,18.626,23.128
2017,11,12,19.548,28.354
2017,11,13,20.794,23.018
2017,11,14,21.334,26.712
2017,11,15,17.106,25.541
2017,11,16,13.137,23.229
2017,11,17,14.251,21.415
2017,11,18,17.191,24.405
2017,11,19,18.484,23.423
2017,11,20,15.561,24.278
2017,11,21,12.592,24.394
2017,11,22,10.593,21.816
2017,11,23,10.941,19.859
2017,11,24,11.43,16.391
2017,11,25,14.463,15.601
2017,11,26,15.453,14.859
2017,11,27,15.601,13.56
2017,11,28,19.13,14.126
2017,11,29,15.193,13.785
2017,11,30,15.594,14.849
2017,12,1,17.608,12.669
2017,12,2,14.841,9.029
2017,12,3,14.724,11.253
2017,12,4,13.378,14.304
2017,12,5,13.359,16.403
2017,12,6,13.818,16.475
2017,12,7,14.224,15.66
2017,12,8,10.933,15.22
2017,12,9,11.72,11.011
2017,12,10,13.554,11.984
2017,12,11,16.693,14.029
2017,12,12,16.887,14.445
2017,12,13,15.889,13.842
2017,12,14,13.095,12.646
2017,12,15,9.842,9.532
2017,12,16,8.541,14.39
2017,12,17,9.659,14.416
2017,12,18,11.293,11.991
2017,12,19,12.412,12.462
2017,12,20,13.092,12.147
2017,12,21,12.529,10.202
2017,12,22,12.607,8.98
2017,12,23,17.604,11.657
2017,12,24,18.1,12.554
2017,12,25,14.958,12.409
2017,12,26,14.453,15.939
2017,12,27,13.017,17.203
2017,12,28,10.488,16.203
2017,12,29,13.143,19.029
2017,12,30,13.713,15.934
2017,12,31,13.373,15.188
2018,1,1,14.323,14.418
2018,1,2,14.708,15.845
2018,1,3,12.992,18.169
2018,1,4,14.71,16.642
2018,1,5,12.541,14.833
2018,1,6,13.702,13.15
2018,1,7,15.625,13.974
2018,1,8,14.768,13.476
2018,1,9,13.964,12.103
2018,1,10,14.027,12.004
2018,1,11,13.711,9.703
2018,1,12,13.742,9.939
2018,1,13,15.72,9.961
2018,1,14,15.139,11.658
2018,1,15,11.321,12.08
2018,1,16,11.144,13.148
2018,1,17,12.161,12.311
2018,1,18,9.415,14.335
2018,1,19,12.397,14.44
2018,1,20,13.237,13.655
2018,1,21,13.849,11.214
2018,1,22,13.492,8.863
2018,1,23,14.104,10.538
2018,1,24,13.44,10.483
2018,1,25,13.48,9.433
2018,1,26,13.305,9.602
2018,1,27,14.575,10.111
2018,1,28,14.259,11.688
2018,1,29,12.512,12.365
2018,1,30,11.302,14.285
2018,1,31,13.18,14.455
2018,2,1,13.177,13.221
2018,2,2,12.076,12.391
2018,2,3,12.338,10.885
2018,2,4,14.804,14.283
2018,2,5,15.088,17.755
2018,2,6,14.803,19.656
2018,2,7,10.287,19.303
2018,2,8,11.948,17.064
2018,2,9,17.066,13.834
2018,2,10,18.383,17.683
2018,2,11,19.016,20.839
2018,2,12,12.994,20.62
2018,2,13,12.691,18.306
2018,2,14,14.12,19.538
2018,2,15,13.811,20.76
2018,2,16,16.698,19.647
2018,2,17,18.977,19.143
2018,2,18,20.765,17.375
2018,2,19,20.178,16.794
2018,2,20,17.731,16.355
2018,2,21,15.401,16.291
2018,2,22,18.33,12.372
2018,2,23,18.95,14.087
2018,2,24,16.97,12.893
2018,2,25,16.861,13.101
2018,2,26,15.443,13.553
2018,2,27,15.187,13.734
2018,2,28,16.253,12.575
2018,3,1,15.697,13.005
2018,3,2,14.76,12.408
2018,3,3,14.229,14.47
2018,3,4,15.328,14.198
2018,3,5,10.631,13.462
2018,3,6,13.127,14.575
2018,3,7,11.851,17.027
2018,3,8,14.203,17.114
2018,3,9,12.977,19.586
2018,3,10,18.507,19.398
2018,3,11,22.784,18.001
2018,3,12,17.196,19.958
2018,3,13,17.05,21.222
2018,3,14,19.213,19.637
2018,3,15,14.93,15.62
2018,3,16,11.157,13.652
2018,3,17,11.44,16.535
2018,3,18,15.494,16.192
2018,3,19,19.281,15.05
2018,3,20,20.555,13.991
2018,3,21,20.128,15.946
2018,3,22,15.169,16.851
2018,3,23,14.391,16.398
2018,3,24,13.193,16.359
2018,3,25,8.023,21.509
2018,3,26,9.367,25.183
2018,3,27,10.016,20.462
2018,3,28,14.183,15.633
2018,3,29,18.358,16.684
2018,3,30,19.206,15.133
2018,3,31,17.517,11.249
2018,4,1,17.293,17.197
2018,4,2,19.458,21.631
2018,4,3,19.087,18.235
2018,4,4,18.273,23.473
2018,4,5,19.081,24.716
2018,4,6,18.394,23.136
2018,4,7,17.391,17.141
2018,4,8,17.206,18.192
2018,4,9,15.408,23.2
2018,4,10,16.233,25.694
2018,4,11,16.847,29.335
2018,4,12,16.187,25.014
2018,4,13,17.058,20.755
2018,4,14,19.099,21.948
2018,4,15,24.943,22.893
2018,4,16,26.981,25.286
2018,4,17,28.449,24.661
2018,4,18,28.15,26.192
2018,4,19,26.895,27.264
2018,4,20,23.926,27.59
2018,4,21,18.839,28.854
2018,4,22,18.461,27.962
2018,4,23,17.655,25.519
2018,4,24,18.888,21.225
2018,4,25,21.362,21.433
2018,4,26,24.077,23.718
2018,4,27,26.168,25.078
2018,4,28,24.906,27.159
2018,4,29,21.596,28.689
2018,4,30,19.752,28.938
2018,5,1,23.817,28.459
2018,5,2,27.77,26.36
2018,5,3,27.033,28.446
2018,5,4,27.449,29.829
2018,5,5,26.331,31.934
2018,5,6,20.809,33.435
2018,5,7,20.63,33.218
2018,5,8,18.232,33.556
2018,5,9,21.884,34.712
2018,5,10,23.431,34.536
2018,5,11,23.886,28.82
2018,5,12,28.65,26.025
2018,5,13,29.207,26.292
2018,5,14,26.616,24.557
2018,5,15,22.77,21.709
2018,5,16,24.183,22.562
2018,5,17,26.472,28.494
2018,5,18,30.474,30.261
2018,5,19,30.869,28.854
2018,5,20,34.974,28.713
2018,5,21,32.777,21.455
2018,5,22,33.873,16.206
2018,5,23,34.02,22.834
2018,5,24,34.811,24.018
2018,5,25,36.31,22.268
2018,5,26,38.085,25.095
2018,5,27,36.557,28.727
2018,5,28,35.845,34.026
2018,5,29,33.891,32.174
2018,5,30,34.345,27.097
2018,5,31,36.868,22.554
2018,6,1,33.161,25.188
2018,6,2,33.681,30.805
2018,6,3,37.341,34.117
2018,6,4,39.03,37.911
2018,6,5,31.517,39.417
2018,6,6,36.069,38.911
2018,6,7,37.53,37.665
2018,6,8,38.439,33.383
2018,6,9,33.21,33.911
2018,6,10,27.7,33.326
2018,6,11,27.273,31.266
2018,6,12,27.808,28.918
2018,6,13,33.65,20.41
2018,6,14,34.408,19.491
2018,6,15,34.431,26.689
2018,6,16,34.16,32.506
2018,6,17,32.725,32.627
2018,6,18,28.528,33.659
2018,6,19,28.575,35.028
2018,6,20,30.947,35.609
2018,6,21,34.175,38.244
2018,6,22,35.904,39.978
2018,6,23,38.472,40.317
2018,6,24,41.159,39.435
2018,6,25,41.578,39.882
2018,6,26,41.608,38.618
2018,6,27,39.033,38.743
2018,6,28,39.107,38.888
2018,6,29,37.563,38.503
2018,6,30,36.844,37.156
2018,7,1,35.391,34.38
2018,7,2,34.653,38.14
2018,7,3,34.96,38.205
2018,7,4,36.856,35.977
2018,7,5,39.542,33.502
2018,7,6,40.54,33.332
2018,7,7,40.831,33.872
2018,7,8,40.141,36.218
2018,7,9,35.748,37.349
2018,7,10,33.307,38.666
2018,7,11,30.549,39.203
2018,7,12,31.212,39.254
2018,7,13,32.347,39.689
2018,7,14,32.919,38.19
2018,7,15,35.344,36.903
2018,7,16,37.335,36.441
2018,7,17,37.696,38.131
2018,7,18,38.371,38.749
2018,7,19,38.959,39.104
2018,7,20,37.652,39.026
2018,7,21,36.157,36.501
2018,7,22,37.387,34.722
2018,7,23,38.123,34.885
2018,7,24,37.904,33.876
2018,7,25,38.158,36.849
2018,7,26,40.271,38.754
2018,7,27,40.651,42.414
2018,7,28,37.42,41.236
2018,7,29,38.771,40.657
2018,7,30,37.916,39.445
2018,7,31,40.611,37.959
2018,8,1,41.652,37.656
2018,8,2,41.365,37.179
2018,8,3,38.15,36.358
2018,8,4,36.358,35.0
2018,8,5,39.201,33.922
2018,8,6,39.817,32.761
2018,8,7,38.568,31.956
2018,8,8,38.036,31.589
2018,8,9,35.891,36.296
2018,8,10,33.151,38.414
2018,8,11,32.892,38.009
2018,8,12,36.525,37.834
2018,8,13,35.721,37.812
2018,8,14,34.228,38.294
2018,8,15,34.965,38.821
2018,8,16,35.004,39.023
2018,8,17,35.681,38.606
2018,8,18,38.638,36.861
2018,8,19,39.189,37.498
2018,8,20,37.54,37.234
2018,8,21,36.226,36.191
2018,8,22,34.647,33.587
2018,8,23,34.12,30.404
2018,8,24,36.474,35.474
2018,8,25,31.992,37.139
2018,8,26,31.82,36.295
2018,8,27,31.255,31.125
2018,8,28,33.659,31.868
2018,8,29,31.203,32.182
2018,8,30,32.483,36.822
2018,8,31,31.45,37.504
2018,9,1,29.155,38.203
2018,9,2,25.558,38.484
2018,9,3,24.99,38.038
2018,9,4,23.497,37.208
2018,9,5,24.212,35.75
2018,9,6,23.878,33.059
2018,9,7,23.24,34.695
2018,9,8,23.905,36.333
2018,9,9,27.591,37.245
2018,9,10,27.054,36.05
2018,9,11,32.683,35.623
2018,9,12,35.831,36.071
2018,9,13,35.622,37.119
2018,9,14,34.46,35.424
2018,9,15,35.022,31.409
2018,9,16,31.334,29.327
2018,9,17,31.805,22.787
2018,9,18,31.16,26.863
2018,9,19,30.051,29.401
2018,9,20,26.059,28.14
2018,9,21,22.156,30.397
2018,9,22,20.203,36.135
2018,9,23,23.935,36.608
2018,9,24,29.446,36.307
2018,9,25,32.993,32.685
2018,9,26,34.518,23.992
2018,9,27,34.667,21.607
2018,9,28,35.263,19.231
2018,9,29,37.804,16.505
2018,9,30,36.091,19.317
2018,10,1,32.64,22.436
2018,10,2,30.643,22.64
2018,10,3,30.389,21.373
2018,10,4,32.681,19.765
2018,10,5,32.956,21.636
2018,10,6,31.273,27.285
2018,10,7,26.572,28.854
2018,10,8,21.863,27.837
2018,10,9,20.856,25.229
2018,10,10,21.279,22.389
2018,10,11,22.84,26.369
2018,10,12,23.797,30.21
2018,10,13,27.402,31.087
2018,10,14,25.199,30.399
2018,10,15,24.959,30.365
2018,10,16,26.707,31.604
2018,10,17,24.79,33.326
2018,10,18,25.748,31.563
2018,10,19,19.986,29.314
2018,10,20,22.608,30.494
2018,10,21,23.424,28.025
2018,10,22,25.199,25.841
2018,10,23,22.536,23.966
2018,10,24,22.937,21.423
2018,10,25,24.165,22.316
2018,10,26,26.682,23.002
2018,10,27,26.238,25.716
2018,10,28,24.281,27.393
2018,10,29,19.307,29.163
2018,10,30,20.498,29.161
2018,10,31,19.248,28.374
2018,11,1,19.003,29.041
2018,11,2,20.78,27.829
2018,11,3,22.181,27.129
2018,11,4,21.672,24.717
2018,11,5,24.065,22.042
2018,11,6,20.377,23.201
2018,11,7,21.918,25.079
2018,11,8,20.126,24.526
2018,11,9,19.815,23.946
2018,11,10,19.73,23.6
2018,11,11,19.875,20.898
2018,11,12,16.901,19.144
2018,11,13,17.972,16.694
2018,11,14,17.379,13.944
2018,11,15,17.258,15.636
2018,11,16,16.44,13.178
2018,11,17,16.78,12.705
2018,11,18,14.89,15.231
2018,11,19,12.911,16.901
2018,11,20,13.296,13.63
2018,11,21,11.774,12.054
2018,11,22,12.211,12.557
2018,11,23,13.004,12.206
2018,11,24,13.188,14.05
2018,11,25,11.716,11.321
2018,11,26,13.021,11.335
2018,11,27,14.052,12.485
2018,11,28,14.019,11.399
2018,11,29,15.89,9.698
2018,11,30,10.631,12.193
2018,12,1,13.318,12.998
2018,12,2,12.975,11.376
2018,12,3,9.86,13.633
2018,12,4,10.396,13.363
2018,12,5,12.366,14.39
2018,12,6,11.61,18.74
2018,12,7,14.317,19.237
2018,12,8,15.443,20.495
2018,12,9,13.117,19.13
2018,12,10,15.229,16.925
2018,12,11,17.337,18.089
2018,12,12,11.82,16.494
2018,12,13,10.188,14.601
2018,12,14,9.892,14.113
2018,12,15,8.98,10.908
2018,12,16,10.017,12.382
2018,12,17,11.471,14.397
2018,12,18,9.336,17.019
2018,12,19,9.907,18.719
2018,12,20,13.095,17.678
2018,12,21,16.766,16.729
2018,12,22,16.084,13.873
2018,12,23,15.861,12.222
2018,12,24,15.564,8.873
2018,12,25,17.764,7.227
2018,12,26,17.351,10.758
2018,12,27,13.269,9.294
2018,12,28,12.47,9.797
2018,12,29,13.271,7.272
2018,12,30,14.598,13.54
2018,12,31,13.534,13.927
2019,1,1,8.496,12.464
2019,1,2,10.001,16.789
2019,1,3,8.04,16.799
2019,1,4,11.899,18.524
2019,1,5,11.034,15.05
2019,1,6,11.201,15.93
2019,1,7,11.229,12.926
2019,1,8,13.096,11.998
2019,1,9,12.186,12.522
2019,1,10,17.286,11.951
2019,1,11,19.039,8.771
2019,1,12,19.134,13.026
2019,1,13,19.053,12.488
2019,1,14,16.838,12.561
2019,1,15,14.741,9.524
2019,1,16,19.634,15.459
2019,1,17,20.88,11.77
2019,1,18,22.918,10.543
2019,1,19,21.995,9.356
2019,1,20,21.222,10.21
2019,1,21,21.376,12.917
2019,1,22,21.295,12.488
2019,1,23,21.003,13.285
2019,1,24,21.241,17.295
2019,1,25,18.058,21.802
2019,1,26,14.738,20.734
2019,1,27,17.623,19.701
2019,1,28,16.084,20.317
2019,1,29,18.188,23.266
2019,1,30,18.737,22.095
2019,1,31,17.948,19.567
2019,2,1,13.018,20.131
2019,2,2,13.831,18.278
2019,2,3,15.449,18.354
2019,2,4,13.829,18.462
2019,2,5,14.649,15.483
2019,2,6,15.029,18.577
2019,2,7,16.82,17.933
2019,2,8,17.529,17.063
2019,2,9,18.055,16.909
2019,2,10,20.151,18.608
2019,2,11,16.595,18.362
2019,2,12,16.989,17.616
2019,2,13,13.119,17.316
2019,2,14,15.054,15.713
2019,2,15,17.121,15.919
2019,2,16,17.676,13.55
2019,2,17,17.521,17.36
2019,2,18,17.623,14.168
2019,2,19,18.767,14.652
2019,2,20,18.327,13.527
2019,2,21,15.347,15.001
2019,2,22,19.212,17.631
2019,2,23,19.944,17.296
2019,2,24,23.174,20.418
2019,2,25,21.931,18.613
2019,2,26,16.638,18.545
2019,2,27,13.785,20.225
2019,2,28,16.555,19.567
2019,3,1,14.696,18.525
2019,3,2,19.138,18.456
2019,3,3,18.192,13.138
2019,3,4,13.933,12.731
2019,3,5,16.473,11.887
2019,3,6,19.06,13.648
2019,3,7,19.076,13.468
2019,3,8,21.019,15.564
2019,3,9,20.711,15.047
2019,3,10,19.371,16.901
2019,3,11,18.731,21.089
2019,3,12,19.422,21.062
2019,3,13,19.625,20.489
2019,3,14,21.171,19.613
2019,3,15,25.653,23.012
2019,3,16,21.796,24.776
2019,3,17,16.973,25.293
2019,3,18,13.731,26.25
2019,3,19,11.775,26.148
2019,3,20,14.063,26.225
2019,3,21,18.71,22.665
2019,3,22,17.763,20.307
2019,3,23,13.698,19.376
2019,3,24,15.727,18.757
2019,3,25,20.509,21.52
2019,3,26,18.55,23.474
2019,3,27,18.579,22.613
2019,3,28,15.567,20.645
2019,3,29,15.439,19.892
2019,3,30,19.368,19.894
2019,3,31,18.506,20.209
2019,4,1,16.07,22.334
2019,4,2,13.793,24.137
2019,4,3,16.106,24.749
2019,4,4,19.976,19.807
2019,4,5,19.979,15.473
2019,4,6,21.771,17.776
2019,4,7,24.733,15.921
2019,4,8,24.65,19.165
2019,4,9,19.824,19.798
2019,4,10,18.052,19.394
2019,4,11,19.581,16.922
2019,4,12,18.815,16.541
2019,4,13,20.17,14.424
2019,4,14,17.499,11.869
2019,4,15,15.112,12.439
2019,4,16,9.07,12.497
2019,4,17,10.222,12.149
2019,4,18,15.098,14.135
2019,4,19,11.595,16.299
2019,4,20,9.067,22.107
2019,4,21,15.804,26.812
2019,4,22,16.651,26.496
2019,4,23,19.184,21.155
2019,4,24,19.564,22.598
2019,4,25,21.441,23.542
2019,4,26,24.516,21.71
2019,4,27,26.061,25.063
2019,4,28,27.349,24.214
2019,4,29,28.865,21.004
2019,4,30,26.929,19.432
2019,5,1,26.582,21.054
2019,5,2,23.666,13.651
2019,5,3,18.934,12.683
2019,5,4,22.36,17.469
2019,5,5,23.139,22.184
2019,5,6,20.048,29.594
2019,5,7,17.559,31.789
2019,5,8,20.28,31.865
2019,5,9,15.782,25.696
2019,5,10,16.182,19.863
2019,5,11,17.762,22.142
2019,5,12,20.1,20.346
2019,5,13,25.448,22.645
2019,5,14,28.511,25.77
2019,5,15,25.917,27.915
2019,5,16,31.183,24.025
2019,5,17,32.917,28.199
2019,5,18,29.758,29.117
2019,5,19,23.613,22.894
2019,5,20,26.994,20.907
2019,5,21,28.082,19.511
2019,5,22,23.16,20.004
2019,5,23,20.397,23.715
2019,5,24,20.846,24.502
2019,5,25,21.85,25.892
2019,5,26,24.008,26.759
2019,5,27,24.176,25.06
2019,5,28,24.77,26.268
2019,5,29,25.025,27.021
2019,5,30,25.518,28.81
2019,5,31,25.776,31.288
2019,6,1,26.554,32.1
2019,6,2,27.517,26.247
2019,6,3,24.977,25.406
2019,6,4,23.625,26.55
2019,6,5,24.244,29.424
2019,6,6,20.615,30.379
2019,6,7,19.358,31.563
2019,6,8,18.344,32.785
2019,6,9,16.294,27.234
2019,6,10,18.056,23.758
2019,6,11,17.725,22.859
2019,6,12,13.44,21.747
2019,6,13,19.752,20.348
2019,6,14,22.986,21.883
2019,6,15,21.621,27.712
2019,6,16,24.763,30.153
2019,6,17,26.746,33.085
2019,6,18,29.048,33.721
2019,6,19,30.602,35.64
2019,6,20,30.147,35.502
2019,6,21,28.455,35.787
2019,6,22,25.141,35.539
2019,6,23,22.345,34.914
2019,6,24,25.931,35.221
2019,6,25,28.472,32.719
2019,6,26,31.326,34.696
2019,6,27,29.768,32.939
2019,6,28,27.581,31.99
2019,6,29,31.122,30.128
2019,6,30,31.333,30.168
2019,7,1,30.889,30.208
2019,7,2,29.392,30.627
2019,7,3,29.69,30.773
2019,7,4,30.143,31.811
2019,7,5,28.22,34.061
2019,7,6,26.233,34.056
2019,7,7,24.877,33.213
2019,7,8,26.867,33.208
2019,7,9,27.868,33.463
2019,7,10,25.774,33.092
2019,7,11,27.876,33.346
2019,7,12,29.429,34.926
2019,7,13,31.344,37.459
2019,7,14,35.352,37.318
2019,7,15,36.593,39.281
2019,7,16,38.407,40.162
2019,7,17,36.87,40.78
2019,7,18,35.263,40.386
2019,7,19,36.64,39.203
2019,7,20,39.583,39.148
2019,7,21,39.295,37.649
2019,7,22,37.209,36.006
2019,7,23,34.24,33.403
2019,7,24,32.041,33.233
2019,7,25,35.598,34.304
2019,7,26,36.431,32.664
2019,7,27,36.22,32.409
2019,7,28,37.467,32.844
2019,7,29,40.141,33.534
2019,7,30,41.976,33.896
2019,7,31,40.835,31.141
2019,8,1,42.018,30.43
2019,8,2,40.567,30.609
2019,8,3,39.641,30.53
2019,8,4,38.401,30.955
2019,8,5,39.761,31.361
2019,8,6,38.881,34.405
2019,8,7,38.787,35.728
2019,8,8,39.507,36.708
2019,8,9,38.696,32.471
2019,8,10,38.436,31.382
2019,8,11,38.637,32.511
2019,8,12,38.92,30.392
2019,8,13,37.084,31.525
2019,8,14,39.698,31.125
2019,8,15,41.843,28.932
2019,8,16,41.433,30.461
2019,8,17,40.661,31.184
2019,8,18,41.476,30.574
2019,8,19,39.873,29.696
2019,8,20,38.14,31.872
2019,8,21,37.122,33.249
2019,8,22,34.009,33.558
2019,8,23,33.2,34.864
2019,8,24,33.3,33.678
2019,8,25,35.059,32.896
2019,8,26,36.635,31.058
2019,8,27,39.213,30.404
2019,8,28,40.547,27.359
2019,8,29,39.539,32.468
2019,8,30,34.936,35.231
2019,8,31,33.829,37.681
2019,9,1,35.932,36.62
2019,9,2,36.275,36.854
2019,9,3,34.67,34.57
2019,9,4,33.211,34.15
2019,9,5,31.521,36.8
2019,9,6,32.893,38.075
2019,9,7,32.534,39.389
2019,9,8,30.285,40.231
2019,9,9,31.928,37.946
2019,9,10,34.082,34.903
2019,9,11,36.825,30.576
2019,9,12,35.761,29.829
2019,9,13,35.013,28.45
2019,9,14,36.137,33.304
2019,9,15,37.365,35.981
2019,9,16,36.185,36.087
2019,9,17,36.554,34.821
2019,9,18,29.419,31.283
2019,9,19,30.158,33.638
2019,9,20,29.77,33.729
2019,9,21,31.607,33.457
2019,9,22,28.625,33.129
2019,9,23,23.628,32.208
2019,9,24,19.954,33.824
2019,9,25,17.774,30.759
2019,9,26,21.841,34.935
2019,9,27,23.101,33.357
2019,9,28,23.5,31.599
2019,9,29,27.415,28.201
2019,9,30,29.305,26.209
2019,10,1,31.24,25.611
2019,10,2,32.869,26.504
2019,10,3,32.329,26.656
2019,10,4,32.12,29.637
2019,10,5,31.721,26.319
2019,10,6,33.814,30.417
2019,10,7,33.663,27.448
2019,10,8,31.365,27.813
2019,10,9,30.011,25.242
2019,10,10,31.619,28.017
2019,10,11,33.015,28.749
2019,10,12,32.849,29.267
2019,10,13,31.472,31.695
2019,10,14,31.838,27.594
2019,10,15,32.174,22.184
2019,10,16,33.481,25.265
2019,10,17,33.465,26.656
2019,10,18,32.923,29.545
2019,10,19,32.688,30.4
2019,10,20,32.883,33.523
2019,10,21,32.949,31.43
2019,10,22,32.717,30.493
2019,10,23,32.419,29.274
2019,10,24,32.336,28.105
2019,10,25,29.155,30.125
2019,10,26,23.269,28.462
2019,10,27,25.694,29.242
2019,10,28,25.712,27.013
2019,10,29,21.022,19.679
2019,10,30,18.269,18.304
2019,10,31,14.286,16.015
2019,11,1,16.473,18.206
2019,11,2,14.901,19.808
2019,11,3,16.345,20.434
2019,11,4,18.495,17.911
2019,11,5,19.375,16.8
2019,11,6,20.979,17.848
2019,11,7,19.678,18.547
2019,11,8,20.178,17.627
2019,11,9,14.815,18.205
2019,11,10,13.807,16.625
2019,11,11,15.643,17.337
2019,11,12,17.168,14.884
2019,11,13,18.565,14.964
2019,11,14,16.909,11.839
2019,11,15,18.056,20.607
2019,11,16,14.506,21.212
2019,11,17,17.096,18.789
2019,11,18,13.957,21.647
2019,11,19,13.65,19.862
2019,11,20,15.837,19.799
2019,11,21,17.379,20.064
2019,11,22,21.344,20.074
2019,11,23,17.249,18.354
2019,11,24,12.775,12.485
2019,11,25,13.154,11.109
2019,11,26,13.513,10.438
2019,11,27,14.068,11.143
2019,11,28,16.471,13.424
2019,11,29,19.361,12.393
2019,11,30,17.763,14.309
2019,12,1,15.038,13.108
2019,12,2,15.876,14.03
2019,12,3,14.987,15.372
2019,12,4,13.47,12.11
2019,12,5,17.925,12.864
2019,12,6,17.323,15.749
2019,12,7,12.133,18.019
2019,12,8,14.048,16.994
2019,12,9,15.929,16.255
2019,12,10,17.182,16.629
2019,12,11,19.25,17.092
2019,12,12,21.108,17.517
2019,12,13,20.266,16.47
2019,12,14,18.043,13.883
2019,12,15,16.99,12.212
2019,12,16,15.824,11.981
2019,12,17,18.496,11.965
2019,12,18,19.241,10.309
2019,12,19,19.735,9.591
2019,12,20,17.876,11.266
2019,12,21,18.105,10.068
2019,12,22,17.546,10.679
2019,12,23,18.69,11.707
2019,12,24,19.435,11.306
2019,12,25,17.579,10.958
2019,12,26,15.531,14.131
2019,12,27,16.188,13.24
2019,12,28,11.877,18.117
2019,12,29,9.688,19.728
2019,12,30,11.399,18.08
2019,12,31,12.686,16.585
2020,1,1,14.707,17.878
2020,1,2,13.698,19.171
2020,1,3,13.396,17.719
2020,1,4,10.302,17.182
2020,1,5,8.812,15.202
2020,1,6,12.765,16.613
2020,1,7,12.696,15.417
2020,1,8,12.221,15.523
2020,1,9,10.519,18.709
2020,1,10,10.845,17.277
2020,1,11,12.31,16.202
2020,1,12,10.461,13.904
2020,1,13,12.848,12.608
2020,1,14,11.837,11.156
2020,1,15,10.978,13.304
2020,1,16,9.936,13.492
2020,1,17,10.028,15.422
2020,1,18,11.533,14.062
2020,1,19,11.607,11.392
2020,1,20,7.793,11.412
2020,1,21,11.042,14.424
2020,1,22,11.587,12.57
2020,1,23,11.61,14.066
2020,1,24,15.179,15.53
2020,1,25,10.832,19.388
2020,1,26,12.613,18.796
2020,1,27,13.788,16.258
2020,1,28,13.796,15.617
2020,1,29,17.696,17.465
2020,1,30,14.415,15.544
2020,1,31,11.745,17.406
2020,2,1,11.464,16.919
2020,2,2,12.357,17.242
2020,2,3,11.639,16.648
2020,2,4,10.952,15.022
2020,2,5,13.939,17.142
2020,2,6,16.515,18.691
2020,2,7,15.887,17.488
2020,2,8,12.577,16.799
2020,2,9,10.734,15.68
2020,2,10,10.181,17.855
2020,2,11,11.482,16.714
2020,2,12,12.71,17.285
2020,2,13,13.042,17.194
2020,2,14,15.245,16.141
2020,2,15,17.533,17.308
2020,2,16,21.805,15.193
2020,2,17,20.679,11.091
2020,2,18,20.052,10.166
2020,2,19,21.008,10.38
2020,2,20,21.23,9.228
2020,2,21,20.456,12.271
2020,2,22,25.116,11.957
2020,2,23,25.536,14.526
2020,2,24,23.99,17.35
2020,2,25,16.031,19.449
2020,2,26,12.733,21.647
2020,2,27,12.369,19.034
2020,2,28,14.513,21.076
2020,2,29,19.826,20.247
2020,3,1,20.822,19.058
2020,3,2,19.932,19.023
2020,3,3,20.404,21.355
2020,3,4,17.376,22.629
2020,3,5,17.333,23.07
2020,3,6,21.892,19.954
2020,3,7,19.4,16.461
2020,3,8,19.69,15.363
2020,3,9,22.351,14.76
2020,3,10,24.574,16.006
2020,3,11,24.106,15.406
2020,3,12,23.09,15.122
2020,3,13,21.744,11.796
2020,3,14,20.342,13.44
2020,3,15,18.942,12.324
2020,3,16,18.985,14.759
2020,3,17,16.135,15.804
2020,3,18,23.764,18.126
2020,3,19,27.557,18.009
2020,3,20,26.441,12.506
2020,3,21,23.321,16.275
2020,3,22,17.325,19.496
2020,3,23,13.591,21.392
2020,3,24,18.47,22.766
2020,3,25,20.698,25.766
2020,3,26,18.027,25.036
2020,3,27,17.859,25.243
2020,3,28,13.551,25.043
2020,3,29,17.692,26.475
2020,3,30,16.74,24.022
2020,3,31,18.987,19.715
2020,4,1,22.1,15.846
2020,4,2,26.98,16.627
2020,4,3,29.256,20.442
2020,4,4,31.866,17.427
2020,4,5,29.373,16.022
2020,4,6,29.268,15.785
2020,4,7,28.502,17.088
2020,4,8,31.872,19.766
2020,4,9,28.222,21.173
2020,4,10,30.018,23.863
2020,4,11,28.284,24.514
2020,4,12,25.168,26.311
2020,4,13,23.128,29.245
2020,4,14,18.966,29.539
2020,4,15,22.612,26.313
2020,4,16,18.19,26.484
2020,4,17,10.743,27.799
2020,4,18,12.181,25.928
2020,4,19,14.345,25.986
2020,4,20,17.639,26.448
2020,4,21,21.012,27.246
2020,4,22,22.433,26.792
2020,4,23,22.099,27.174
2020,4,24,23.652,23.901
2020,4,25,20.276,25.926
2020,4,26,22.007,24.914
2020,4,27,27.276,25.54
2020,4,28,29.789,24.068
2020,4,29,32.052,25.662
2020,4,30,31.577,25.462
2020,5,1,26.096,23.942
2020,5,2,18.76,21.602
2020,5,3,21.475,19.168
2020,5,4,25.022,19.178
2020,5,5,29.642,16.29
2020,5,6,34.172,14.384
2020,5,7,34.203,17.218
2020,5,8,33.525,14.629
2020,5,9,32.693,16.36
2020,5,10,30.194,15.377
2020,5,11,30.94,14.038
2020,5,12,28.079,16.013
2020,5,13,23.24,20.339
2020,5,14,23.979,25.388
2020,5,15,31.477,22.006
2020,5,16,29.798,18.176
2020,5,17,23.239,20.759
2020,5,18,17.68,26.249
2020,5,19,19.59,24.934
2020,5,20,22.394,24.348
2020,5,21,28.423,28.368
2020,5,22,29.461,27.858
2020,5,23,29.776,25.114
2020,5,24,32.593,25.921
2020,5,25,33.33,27.244
2020,5,26,34.622,30.526
2020,5,27,35.262,31.577
2020,5,28,35.645,33.445
2020,5,29,31.774,35.395
2020,5,30,31.121,33.353
2020,5,31,31.798,28.27
2020,6,1,32.078,34.194
2020,6,2,30.132,34.279
2020,6,3,31.795,31.933
2020,6,4,32.02,35.292
2020,6,5,30.545,35.519
2020,6,6,33.24,37.789
2020,6,7,34.763,36.544
2020,6,8,32.468,37.542
2020,6,9,30.841,36.556
2020,6,10,25.735,35.821
2020,6,11,28.051,33.049
2020,6,12,32.067,28.624
2020,6,13,30.036,25.025
2020,6,14,27.99,30.126
2020,6,15,27.999,32.952
2020,6,16,27.71,32.011
2020,6,17,28.173,32.524
2020,6,18,29.986,33.137
2020,6,19,33.222,34.181
2020,6,20,32.716,29.093
2020,6,21,31.642,28.674
2020,6,22,32.315,31.859
2020,6,23,35.913,35.568
2020,6,24,38.106,36.367
2020,6,25,40.86,39.527
2020,6,26,39.044,38.584
2020,6,27,39.067,36.331
2020,6,28,39.266,35.504
2020,6,29,38.607,33.452
2020,6,30,39.452,33.811
2020,7,1,37.441,33.522
2020,7,2,36.283,33.638
2020,7,3,34.45,35.02
2020,7,4,32.322,33.527
2020,7,5,31.805,31.57
2020,7,6,33.471,29.529
2020,7,7,30.55,31.861
2020,7,8,31.378,33.565
2020,7,9,34.191,35.733
2020,7,10,35.331,37.599
2020,7,11,35.713,37.198
2020,7,12,39.472,34.771
2020,7,13,40.164,34.677
2020,7,14,41.496,35.96
2020,7,15,40.853,38.669
2020,7,16,39.918,40.041
2020,7,17,35.841,39.59
2020,7,18,34.77,39.879
2020,7,19,38.221,40.024
2020,7,20,37.272,41.168
2020,7,21,40.691,40.824
2020,7,22,40.892,41.709
2020,7,23,38.457,41.223
2020,7,24,36.192,39.966
2020,7,25,32.313,38.209
2020,7,26,30.913,38.138
2020,7,27,29.909,35.961
2020,7,28,31.123,36.775
2020,7,29,29.416,35.601
2020,7,30,26.431,34.645
2020,7,31,30.572,37.889
2020,8,1,31.855,39.5
2020,8,2,30.481,41.512
2020,8,3,28.846,41.55
2020,8,4,29.626,41.472
2020,8,5,33.095,39.017
2020,8,6,36.179,35.729
2020,8,7,36.315,36.11
2020,8,8,37.666,36.098
2020,8,9,38.598,37.048
2020,8,10,40.561,38.767
2020,8,11,40.094,38.953
2020,8,12,34.777,37.388
2020,8,13,36.004,35.962
2020,8,14,37.819,32.854
2020,8,15,36.556,30.97
2020,8,16,35.569,31.207
2020,8,17,33.423,31.474
2020,8,18,33.854,26.239
2020,8,19,34.543,29.789
2020,8,20,35.283,29.056
2020,8,21,37.811,31.598
2020,8,22,40.543,33.474
2020,8,23,40.198,35.871
2020,8,24,39.35,35.92
2020,8,25,37.234,33.98
2020,8,26,39.313,33.276
2020,8,27,38.534,33.081
2020,8,28,39.714,34.366
2020,8,29,38.778,34.938
2020,8,30,35.953,33.798
2020,8,31,33.186,33.862
2020,9,1,34.879,31.108
2020,9,2,33.416,29.908
2020,9,3,33.727,28.849
2020,9,4,27.265,29.325
2020,9,5,33.982,32.543
2020,9,6,35.161,34.244
2020,9,7,35.063,35.205
2020,9,8,34.882,35.517
2020,9,9,34.69,35.664
2020,9,10,36.59,34.0
2020,9,11,36.772,33.397
2020,9,12,35.292,35.193
2020,9,13,34.973,34.846
2020,9,14,34.97,35.583
2020,9,15,35.394,37.84
2020,9,16,35.115,38.32
2020,9,17,35.511,37.89
2020,9,18,34.312,37.074
2020,9,19,34.11,31.848
2020,9,20,30.376,28.654
2020,9,21,28.578,26.885
2020,9,22,28.741,24.984
2020,9,23,30.493,19.859
2020,9,24,29.08,20.436
2020,9,25,27.295,20.343
2020,9,26,29.009,23.57
2020,9,27,28.47,22.021
2020,9,28,28.13,25.607
2020,9,29,31.098,23.955
2020,9,30,33.651,20.792
2020,10,1,37.403,19.103
2020,10,2,33.851,21.809
2020,10,3,36.17,27.558
2020,10,4,31.296,31.299
2020,10,5,25.399,32.882
2020,10,6,34.582,29.619
2020,10,7,34.232,29.182
2020,10,8,25.012,31.471
2020,10,9,29.036,32.821
2020,10,10,30.079,32.028
2020,10,11,29.711,30.082
2020,10,12,27.508,23.295
2020,10,13,28.84,21.922
2020,10,14,27.902,19.398
2020,10,15,26.338,20.625
2020,10,16,24.281,22.222
2020,10,17,24.791,20.619
2020,10,18,24.338,20.662
2020,10,19,24.322,21.029
2020,10,20,25.186,21.042
2020,10,21,25.763,23.097
2020,10,22,25.971,25.077
2020,10,23,20.653,27.992
2020,10,24,18.312,27.307
2020,10,25,22.027,27.368
2020,10,26,21.19,27.127
2020,10,27,22.95,26.567
2020,10,28,23.269,26.188
2020,10,29,21.938,24.361
2020,10,30,19.476,20.292
2020,10,31,21.198,18.821
2020,11,1,24.485,18.613
2020,11,2,25.657,18.835
2020,11,3,26.485,17.587
2020,11,4,26.291,17.763
2020,11,5,24.167,15.981
2020,11,6,25.018,19.927
2020,11,7,21.362,20.126
2020,11,8,18.152,20.036
2020,11,9,17.894,24.03
2020,11,10,19.441,21.24
2020,11,11,17.617,22.643
2020,11,12,18.471,19.558
2020,11,13,16.437,14.286
2020,11,14,13.238,16.265
2020,11,15,12.476,15.203
2020,11,16,11.334,16.565
2020,11,17,10.824,17.571
2020,11,18,13.87,18.749
2020,11,19,16.648,17.803
2020,11,20,17.364,16.139
2020,11,21,16.207,12.608
2020,11,22,12.73,14.511
2020,11,23,17.313,14.624
2020,11,24,19.801,13.434
2020,11,25,16.726,13.532
2020,11,26,14.922,13.677
2020,11,27,12.654,9.614
2020,11,28,13.55,10.219
2020,11,29,13.54,13.604
2020,11,30,13.854,14.415
2020,12,1,10.266,14.358
2020,12,2,11.353,11.898
2020,12,3,10.356,14.967
2020,12,4,13.183,13.653
2020,12,5,13.779,12.749
2020,12,6,13.773,16.035
2020,12,7,12.918,11.842
2020,12,8,8.672,10.298
2020,12,9,11.31,12.581
2020,12,10,8.094,13.606
2020,12,11,7.397,13.518
2020,12,12,6.806,17.431
2020,12,13,4.669,17.57
2020,12,14,6.813,15.4
2020,12,15,11.166,15.13
2020,12,16,14.054,14.206
2020,12,17,12.476,15.654
2020,12,18,15.372,15.368
2020,12,19,14.815,18.886
2020,12,20,12.753,17.394
2020,12,21,13.049,18.055
2020,12,22,12.67,14.642
2020,12,23,9.998,15.924
2020,12,24,12.309,17.811
2020,12,25,6.753,16.881
2020,12,26,6.606,17.061
2020,12,27,7.992,16.998
2020,12,28,7.671,14.371
2020,12,29,3.127,16.106
2020,12,30,6.388,16.481
2020,12,31,2.993,15.92
2021,1,1,6.557,11.819
2021,1,2,7.776,14.615
2021,1,3,9.336,14.198
2021,1,4,9.353,15.708
2021,1,5,10.049,12.297
2021,1,6,10.831,13.568
2021,1,7,9.617,15.478
2021,1,8,7.751,13.512
2021,1,9,11.517,17.956
2021,1,10,14.208,17.701
2021,1,11,15.348,19.116
2021,1,12,13.747,18.222
2021,1,13,13.221,15.076
2021,1,14,13.752,17.976
2021,1,15,11.691,17.679
2021,1,16,8.448,15.368
2021,1,17,5.869,12.711
2021,1,18,7.271,15.814
2021,1,19,10.282,15.801
2021,1,20,7.492,16.796
2021,1,21,8.628,17.59
2021,1,22,12.677,16.329
2021,1,23,13.607,13.898
2021,1,24,16.732,12.19
2021,1,25,18.094,11.217
2021,1,26,20.211,12.56
2021,1,27,20.823,14.595
2021,1,28,20.434,18.343
2021,1,29,20.845,18.537
2021,1,30,20.585,19.238
2021,1,31,18.562,20.423
2021,2,1,18.193,20.225
2021,2,2,17.852,19.775
2021,2,3,15.103,20.259
2021,2,4,11.44,19.584
2021,2,5,9.829,15.642
2021,2,6,9.929,18.927
2021,2,7,10.446,19.635
2021,2,8,10.49,15.788
2021,2,9,11.87,15.885
2021,2,10,11.783,20.403
2021,2,11,8.913,17.815
2021,2,12,12.545,14.789
2021,2,13,13.533,12.076
2021,2,14,15.415,16.139
2021,2,15,20.802,16.573
2021,2,16,21.848,10.931
2021,2,17,24.593,12.075
2021,2,18,24.854,12.781
2021,2,19,23.18,19.702
2021,2,20,21.735,20.406
2021,2,21,18.335,16.655
2021,2,22,16.246,13.889
2021,2,23,13.982,14.187
2021,2,24,14.159,13.299
2021,2,25,13.757,17.626
2021,2,26,12.638,16.362
2021,2,27,12.408,14.533
2021,2,28,10.585,14.898
2021,3,1,9.141,15.424
2021,3,2,11.094,15.031
2021,3,3,8.672,23.233
2021,3,4,11.429,21.963
2021,3,5,14.19,20.394
2021,3,6,12.178,18.834
2021,3,7,12.992,17.414
2021,3,8,13.595,19.081
2021,3,9,16.323,20.999
2021,3,10,17.092,16.727
2021,3,11,14.304,16.84
2021,3,12,16.879,13.795
2021,3,13,19.732,12.889
2021,3,14,17.968,13.324
2021,3,15,13.035,14.774
2021,3,16,11.253,16.328
2021,3,17,13.712,19.424
2021,3,18,11.457,18.308
2021,3,19,14.061,16.031
2021,3,20,13.456,13.02
2021,3,21,17.095,15.434
2021,3,22,18.376,15.183
2021,3,23,13.824,17.976
2021,3,24,12.794,20.421
2021,3,25,12.895,17.121
2021,3,26,17.477,15.731
2021,3,27,19.272,14.59
2021,3,28,23.727,18.812
2021,3,29,23.402,17.672
2021,3,30,26.973,16.554
2021,3,31,29.237,19.226
2021,4,1,29.027,23.368
2021,4,2,29.405,21.633
2021,4,3,27.829,24.49
2021,4,4,21.869,26.44
2021,4,5,21.226,25.832
2021,4,6,18.593,22.465
2021,4,7,17.721,20.824
2021,4,8,19.404,24.102
2021,4,9,18.44,26.129
2021,4,10,17.413,27.091
2021,4,11,14.142,30.602
2021,4,12,14.009,31.805
2021,4,13,14.296,28.238
2021,4,14,20.031,26.109
2021,4,15,24.122,23.187
2021,4,16,24.821,18.525
2021,4,17,26.892,16.355
2021,4,18,26.955,14.476
2021,4,19,28.46,14.399
2021,4,20,23.712,18.939
2021,4,21,24.677,20.338
2021,4,22,26.452,18.599
2021,4,23,26.33,24.698
2021,4,24,24.145,23.083
2021,4,25,23.28,21.842
2021,4,26,24.075,22.802
2021,4,27,22.834,20.267
2021,4,28,21.841,18.353
2021,4,29,19.52,20.213
2021,4,30,24.321,24.375
2021,5,1,26.441,26.471
2021,5,2,29.342,30.167
2021,5,3,27.752,32.693
2021,5,4,32.476,32.196
2021,5,5,30.432,25.433
2021,5,6,31.417,19.686
2021,5,7,32.445,15.752
2021,5,8,34.251,18.292
2021,5,9,34.407,20.77
2021,5,10,32.695,20.553
2021,5,11,24.086,20.348
2021,5,12,22.069,22.436
2021,5,13,25.806,21.354
2021,5,14,28.471,21.202
2021,5,15,24.414,19.342
2021,5,16,25.668,21.237
2021,5,17,26.4,21.917
2021,5,18,30.287,26.025
2021,5,19,34.733,30.571
2021,5,20,33.471,32.07
2021,5,21,31.697,31.682
2021,5,22,31.519,27.676
2021,5,23,31.883,30.697
2021,5,24,35.598,34.153
2021,5,25,35.178,33.765
2021,5,26,35.042,32.338
2021,5,27,36.239,31.9
2021,5,28,36.837,32.743
2021,5,29,36.403,32.981
2021,5,30,34.839,33.358
2021,5,31,33.006,31.282
2021,6,1,28.022,27.582
2021,6,2,29.786,27.514
2021,6,3,32.794,26.634
2021,6,4,33.807,26.134
2021,6,5,31.752,25.981
2021,6,6,29.932,24.968
2021,6,7,35.392,20.998
2021,6,8,37.216,23.076
2021,6,9,37.284,21.147
2021,6,10,34.061,23.712
2021,6,11,33.109,26.386
2021,6,12,35.637,25.59
2021,6,13,33.507,25.667
2021,6,14,32.16,26.677
2021,6,15,31.762,24.44
2021,6,16,30.287,23.964
2021,6,17,34.957,21.593
2021,6,18,37.696,19.955
2021,6,19,36.313,17.2
2021,6,20,38.231,14.419
2021,6,21,39.449,14.61
2021,6,22,35.126,25.078
2021,6,23,31.778,26.87
2021,6,24,32.221,30.948
2021,6,25,33.142,32.159
2021,6,26,31.66,31.95
2021,6,27,31.349,28.934
2021,6,28,31.47,30.375
2021,6,29,26.983,29.33
2021,6,30,31.189,31.041
2021,7,1,33.165,32.594
2021,7,2,38.34,36.975
2021,7,3,39.955,36.72
2021,7,4,39.334,38.743
2021,7,5,38.89,39.196
2021,7,6,36.512,38.293
2021,7,7,34.994,39.356
2021,7,8,33.642,40.311
2021,7,9,35.608,39.198
2021,7,10,38.328,39.59
2021,7,11,39.291,37.576
2021,7,12,38.102,35.829
2021,7,13,36.854,34.692
2021,7,14,37.968,33.793
2021,7,15,34.349,33.916
2021,7,16,32.496,34.134
2021,7,17,33.493,34.594
2021,7,18,33.74,36.311
2021,7,19,32.822,36.366
2021,7,20,32.88,36.954
2021,7,21,33.865,35.521
2021,7,22,35.908,36.19
2021,7,23,39.305,38.616
2021,7,24,39.779,41.641
2021,7,25,38.316,43.409
2021,7,26,37.466,43.041
2021,7,27,39.44,41.63
2021,7,28,39.064,40.284
2021,7,29,37.553,38.73
2021,7,30,36.629,38.327
2021,7,31,37.172,38.598
2021,8,1,37.006,36.61
2021,8,2,38.205,35.659
2021,8,3,38.988,36.501
2021,8,4,40.933,39.754
2021,8,5,40.141,41.804
2021,8,6,38.353,41.395
2021,8,7,36.925,36.662
2021,8,8,34.206,35.481
2021,8,9,31.819,37.084
2021,8,10,30.007,34.92
2021,8,11,31.435,34.812
2021,8,12,31.029,35.716
2021,8,13,36.293,36.751
2021,8,14,35.532,34.827
2021,8,15,35.655,35.852
2021,8,16,34.606,35.825
2021,8,17,32.933,36.052
2021,8,18,30.867,38.534
2021,8,19,29.075,37.53
2021,8,20,33.368,37.276
2021,8,21,35.091,36.146
2021,8,22,34.422,36.375
2021,8,23,35.888,34.469
2021,8,24,36.242,33.405
2021,8,25,36.835,32.901
2021,8,26,37.457,34.79
2021,8,27,35.933,33.732
2021,8,28,33.281,33.001
2021,8,29,29.714,32.969
2021,8,30,33.249,32.527
2021,8,31,33.258,28.35
2021,9,1,30.635,27.012
2021,9,2,31.547,28.423
2021,9,3,34.397,29.992
2021,9,4,34.134,29.699
2021,9,5,31.425,32.833
2021,9,6,35.488,37.809
2021,9,7,37.277,38.02
2021,9,8,40.97,36.799
2021,9,9,39.414,34.928
2021,9,10,39.017,36.178
2021,9,11,35.123,34.007
2021,9,12,34.841,26.318
2021,9,13,37.361,25.557
2021,9,14,34.918,25.884
2021,9,15,34.062,30.844
2021,9,16,37.269,32.66
2021,9,17,35.974,36.698
2021,9,18,34.301,40.899
2021,9,19,33.47,39.629
2021,9,20,24.829,37.446
2021,9,21,27.574,33.371
2021,9,22,26.157,32.065
2021,9,23,24.143,31.717
2021,9,24,24.802,30.541
2021,9,25,26.004,28.425
2021,9,26,28.901,28.818
2021,9,27,28.727,28.204
2021,9,28,27.336,26.073
2021,9,29,20.178,25.603
2021,9,30,18.302,25.948
2021,10,1,20.99,24.286
2021,10,2,23.475,26.283
2021,10,3,30.053,30.106
2021,10,4,30.616,33.09
2021,10,5,31.514,32.427
2021,10,6,26.745,27.156
2021,10,7,23.978,24.091
2021,10,8,23.384,20.614
2021,10,9,18.483,27.444
2021,10,10,16.841,28.767
2021,10,11,17.405,30.629
2021,10,12,15.285,31.12
2021,10,13,15.915,30.782
2021,10,14,18.789,30.148
2021,10,15,20.53,29.991
2021,10,16,22.552,28.809
2021,10,17,19.017,31.712
2021,10,18,17.855,31.988
2021,10,19,20.637,31.042
2021,10,20,23.348,32.945
2021,10,21,23.045,30.805
2021,10,22,22.534,29.457
2021,10,23,23.275,29.089
2021,10,24,21.672,28.743
2021,10,25,24.008,25.973
2021,10,26,22.83,23.06
2021,10,27,19.57,24.214
2021,10,28,20.955,26.905
2021,10,29,26.063,27.779
2021,10,30,24.727,30.536
2021,10,31,25.803,32.296
2021,11,1,21.432,32.051
2021,11,2,20.206,31.861
2021,11,3,17.853,31.819
2021,11,4,19.278,30.361
2021,11,5,17.014,29.74
2021,11,6,16.732,28.562
2021,11,7,13.698,27.899
2021,11,8,17.336,27.114
2021,11,9,16.079,28.326
2021,11,10,19.044,30.105
2021,11,11,19.137,28.898
2021,11,12,19.141,26.202
2021,11,13,18.453,25.161
2021,11,14,22.717,25.647
2021,11,15,22.756,22.977
2021,11,16,21.36,23.367
2021,11,17,14.622,18.611
2021,11,18,16.754,17.621
2021,11,19,11.118,14.77
2021,11,20,11.229,16.931
2021,11,21,13.363,17.383
2021,11,22,13.862,17.427
2021,11,23,11.9,18.153
2021,11,24,15.316,21.792
2021,11,25,17.957,24.794
2021,11,26,15.471,20.923
2021,11,27,15.28,22.576
2021,11,28,12.811,20.19
2021,11,29,15.608,18.642
2021,11,30,17.944,18.265
2021,12,1,17.549,14.726
2021,12,2,17.7,14.058
2021,12,3,16.599,11.547
2021,12,4,12.066,13.898
2021,12,5,13.207,12.803
2021,12,6,11.112,11.832
2021,12,7,12.991,15.476
2021,12,8,10.941,15.08
2021,12,9,10.74,16.319
2021,12,10,7.713,17.35
2021,12,11,9.65,18.874
2021,12,12,10.57,19.224
2021,12,13,9.049,18.241
2021,12,14,12.324,17.778
2021,12,15,9.748,12.062
2021,12,16,12.592,12.731
2021,12,17,10.134,16.057
2021,12,18,10.813,14.886
2021,12,19,12.713,12.522
2021,12,20,10.744,13.993
2021,12,21,11.079,10.923
2021,12,22,15.405,10.667
2021,12,23,12.624,12.354
2021,12,24,11.675,10.222
2021,12,25,10.448,13.755
2021,12,26,10.186,15.584
2021,12,27,14.435,12.801
2021,12,28,12.572,9.695
2021,12,29,11.054,12.71
2021,12,30,8.523,11.345
2021,12,31,8.216,12.91
2022,1,1,9.413,13.782
2022,1,2,10.113,14.157
2022,1,3,13.163,14.854
2022,1,4,14.838,15.647
2022,1,5,15.501,15.835
2022,1,6,15.196,16.945
2022,1,7,16.592,17.735
2022,1,8,19.181,14.956
2022,1,9,20.343,17.753
2022,1,10,18.655,18.232
2022,1,11,17.374,14.593
2022,1,12,16.513,11.437
2022,1,13,12.867,14.513
2022,1,14,12.539,13.455
2022,1,15,10.297,11.197
2022,1,16,10.559,11.385
2022,1,17,13.211,12.375
2022,1,18,15.83,10.183
2022,1,19,13.618,15.387
2022,1,20,13.991,14.856
2022,1,21,14.955,14.791
2022,1,22,12.479,16.971
2022,1,23,10.272,19.646
2022,1,24,11.438,15.015
2022,1,25,11.761,15.344
2022,1,26,9.851,16.671
2022,1,27,10.66,14.259
2022,1,28,11.065,16.569
2022,1,29,10.926,14.533
2022,1,30,11.271,13.426
2022,1,31,11.497,15.9
2022,2,1,13.554,15.301
2022,2,2,14.631,14.663
2022,2,3,12.088,12.849
2022,2,4,13.34,13.0
2022,2,5,13.822,14.533
2022,2,6,15.076,14.091
2022,2,7,16.364,12.565
2022,2,8,15.332,12.493
2022,2,9,14.519,14.103
2022,2,10,12.357,14.115
2022,2,11,12.102,14.327
2022,2,12,12.825,15.477
2022,2,13,11.67,16.45
2022,2,14,10.705,14.335
2022,2,15,11.921,16.377
2022,2,16,13.493,15.733
2022,2,17,17.895,14.627
2022,2,18,18.945,16.447
2022,2,19,17.883,10.422
2022,2,20,20.455,9.665
2022,2,21,19.562,12.143
2022,2,22,18.833,12.014
2022,2,23,15.986,12.051
2022,2,24,15.392,13.311
2022,2,25,15.821,16.012
2022,2,26,18.005,17.739
2022,2,27,14.182,18.31
2022,2,28,19.319,17.211
2022,3,1,20.064,15.102
2022,3,2,20.331,15.772
2022,3,3,21.465,20.725
2022,3,4,21.1,19.027
2022,3,5,17.795,22.001
2022,3,6,17.476,22.139
2022,3,7,17.959,21.093
2022,3,8,19.732,20.986
2022,3,9,21.872,20.754
2022,3,10,21.145,21.437
2022,3,11,17.179,16.804
2022,3,12,13.572,14.21
2022,3,13,15.44,14.331
2022,3,14,20.355,16.213
2022,3,15,20.809,21.174
2022,3,16,19.852,23.019
2022,3,17,17.844,24.336
2022,3,18,18.862,23.714
2022,3,19,15.503,21.257
2022,3,20,14.313,20.787
2022,3,21,12.75,11.478
2022,3,22,9.218,11.671
2022,3,23,9.328,13.03
2022,3,24,16.728,12.145
2022,3,25,18.418,10.378
2022,3,26,22.838,15.687
2022,3,27,20.638,19.687
2022,3,28,21.687,21.934
2022,3,29,21.88,22.322
2022,3,30,19.509,17.409
2022,3,31,20.713,14.056
2022,4,1,23.369,13.682
2022,4,2,29.486,17.077
2022,4,3,30.725,20.209
2022,4,4,28.393,21.411
2022,4,5,24.363,19.495
2022,4,6,24.549,20.338
2022,4,7,24.882,20.076
2022,4,8,19.198,20.241
2022,4,9,25.484,21.436
2022,4,10,25.565,24.071
2022,4,11,22.593,19.852
2022,4,12,17.787,19.721
2022,4,13,16.583,22.603
2022,4,14,12.793,20.153
2022,4,15,13.222,17.102
2022,4,16,14.637,23.961
2022,4,17,17.33,25.297
2022,4,18,19.093,24.267
2022,4,19,17.098,23.604
2022,4,20,10.299,21.81
2022,4,21,10.081,20.21
2022,4,22,13.961,21.01
2022,4,23,15.198,20.169
2022,4,24,18.269,19.479
2022,4,25,21.391,20.572
2022,4,26,21.848,20.857
2022,4,27,22.884,19.218
2022,4,28,23.344,20.598
2022,4,29,23.965,21.108
2022,4,30,22.355,22.616
2022,5,1,21.007,24.747
2022,5,2,18.307,26.16
2022,5,3,18.449,27.36
2022,5,4,21.515,27.679
2022,5,5,25.64,29.128
2022,5,6,25.78,25.721
2022,5,7,26.022,20.887
2022,5,8,20.187,22.392
2022,5,9,20.939,19.691
2022,5,10,23.458,24.671
2022,5,11,23.98,28.079
2022,5,12,20.248,30.263
2022,5,13,19.407,32.048
2022,5,14,22.109,31.965
2022,5,15,27.083,30.888
2022,5,16,28.199,25.176
2022,5,17,27.872,27.937
2022,5,18,27.776,27.728
2022,5,19,30.324,27.48
2022,5,20,30.438,27.746
2022,5,21,25.973,22.413
2022,5,22,24.806,22.055
2022,5,23,21.586,27.366
2022,5,24,19.921,30.244
2022,5,25,26.007,31.61
2022,5,26,31.189,32.057
2022,5,27,31.631,32.863
2022,5,28,31.346,28.346
2022,5,29,27.415,24.298
2022,5,30,25.345,27.7
2022,5,31,19.887,27.744
2022,6,1,18.076,21.639
2022,6,2,18.18,19.33
2022,6,3,15.645,25.66
2022,6,4,20.772,24.755
2022,6,5,25.831,27.774
2022,6,6,26.189,32.061
2022,6,7,31.423,32.026
2022,6,8,33.822,36.863
2022,6,9,36.086,34.575
2022,6,10,36.986,30.646
2022,6,11,35.675,32.723
2022,6,12,33.735,31.91
2022,6,13,33.055,32.233
2022,6,14,34.13,35.808
2022,6,15,33.718,39.117
2022,6,16,35.406,40.594
2022,6,17,34.703,41.107
2022,6,18,31.578,38.289
2022,6,19,37.14,35.253
2022,6,20,37.794,31.861
2022,6,21,32.35,30.381
2022,6,22,34.442,29.03
2022,6,23,35.173,29.304
2022,6,24,34.741,27.3
2022,6,25,34.738,33.846
2022,6,26,36.07,33.188
2022,6,27,36.33,28.844
2022,6,28,35.777,27.043
2022,6,29,34.077,31.691
2022,6,30,30.338,35.804
2022,7,1,28.579,36.958
2022,7,2,28.774,38.224
2022,7,3,27.42,37.469
2022,7,4,28.903,37.584
2022,7,5,28.435,37.808
2022,7,6,29.297,39.149
2022,7,7,30.298,40.356
2022,7,8,33.2,39.398
2022,7,9,35.526,39.208
2022,7,10,36.128,35.733
2022,7,11,38.101,35.166
2022,7,12,34.945,38.274
2022,7,13,36.539,38.134
2022,7,14,35.147,38.178
2022,7,15,36.157,35.943
2022,7,16,37.6,36.191
2022,7,17,36.546,35.779
2022,7,18,36.927,36.14
2022,7,19,36.978,35.289
2022,7,20,39.121,34.085
2022,7,21,39.847,34.111
2022,7,22,38.195,34.272
2022,7,23,38.933,33.91
2022,7,24,39.297,33.399
2022,7,25,41.375,33.847
2022,7,26,42.505,36.248
2022,7,27,42.731,36.124
2022,7,28,42.081,37.507
2022,7,29,40.911,32.889
2022,7,30,42.958,32.156
2022,7,31,41.206,31.35
2022,8,1,39.913,29.924
2022,8,2,37.104,32.962
2022,8,3,37.833,35.359
2022,8,4,39.035,37.469
2022,8,5,37.766,40.86
2022,8,6,36.062,42.432
2022,8,7,36.673,41.372
2022,8,8,36.636,39.644
2022,8,9,36.212,40.458
2022,8,10,36.475,39.658
2022,8,11,37.449,34.542
2022,8,12,40.507,33.262
2022,8,13,41.909,32.997
2022,8,14,42.13,35.88
2022,8,15,41.08,35.898
2022,8,16,41.463,35.148
2022,8,17,42.741,34.556
2022,8,18,40.155,32.307
2022,8,19,38.659,35.088
2022,8,20,35.156,36.982
2022,8,21,32.002,35.975
2022,8,22,36.793,36.564
2022,8,23,36.498,39.695
2022,8,24,36.237,38.831
2022,8,25,39.45,37.152
2022,8,26,36.719,32.549
2022,8,27,35.898,33.729
2022,8,28,30.386,35.779
2022,8,29,33.062,36.065
2022,8,30,34.921,38.459
2022,8,31,34.959,39.998
2022,9,1,34.687,37.989
2022,9,2,34.332,34.498
2022,9,3,34.938,35.03
2022,9,4,36.05,34.039
2022,9,5,37.437,31.843
2022,9,6,37.427,29.447
2022,9,7,38.455,29.142
2022,9,8,38.348,29.331
2022,9,9,36.583,29.281
2022,9,10,35.953,24.814
2022,9,11,36.741,19.834
2022,9,12,35.549,22.956
2022,9,13,33.302,25.722
2022,9,14,32.878,27.464
2022,9,15,30.109,31.589
2022,9,16,28.155,33.782
2022,9,17,29.445,33.186
2022,9,18,30.277,30.895
2022,9,19,29.315,27.842
2022,9,20,27.011,32.267
2022,9,21,25.629,30.181
2022,9,22,25.704,25.921
2022,9,23,20.981,23.124
2022,9,24,24.686,18.648
2022,9,25,22.009,17.945
2022,9,26,24.953,19.999
2022,9,27,28.394,27.779
2022,9,28,27.779,33.823
2022,9,29,27.685,34.842
2022,9,30,25.251,34.669
2022,10,1,21.149,31.201
2022,10,2,23.545,31.121
2022,10,3,24.632,33.418
2022,10,4,26.161,32.527
2022,10,5,29.052,32.829
2022,10,6,31.223,33.423
2022,10,7,28.882,33.122
2022,10,8,24.816,29.009
2022,10,9,28.88,27.886
2022,10,10,22.406,26.179
2022,10,11,22.718,21.862
2022,10,12,20.668,26.569
2022,10,13,20.652,30.729
2022,10,14,20.432,29.658
2022,10,15,23.399,26.239
2022,10,16,23.082,24.268
2022,10,17,22.664,23.966
2022,10,18,24.09,25.071
2022,10,19,24.077,24.831
2022,10,20,28.457,23.16
2022,10,21,29.821,21.369
2022,10,22,30.134,19.201
2022,10,23,30.979,16.782
2022,10,24,28.704,18.97
2022,10,25,26.885,20.442
2022,10,26,26.269,19.842
2022,10,27,24.357,17.508
2022,10,28,24.831,15.37
2022,10,29,26.723,14.222
2022,10,30,27.321,16.583
2022,10,31,27.338,19.379
2022,11,1,29.422,20.073
2022,11,2,29.361,16.818
2022,11,3,26.788,17.257
2022,11,4,24.516,17.596
2022,11,5,26.263,14.296
2022,11,6,26.182,17.618
2022,11,7,24.378,20.639
2022,11,8,24.697,19.428
2022,11,9,19.93,17.534
2022,11,10,20.799,20.487
2022,11,11,18.37,16.275
2022,11,12,17.865,18.963
2022,11,13,19.125,18.807
2022,11,14,18.338,18.181
2022,11,15,13.53,18.689
2022,11,16,16.242,18.749
2022,11,17,12.089,23.276
2022,11,18,11.924,23.012
2022,11,19,16.298,21.194
2022,11,20,18.274,17.349
2022,11,21,17.53,17.125
2022,11,22,16.336,16.781
2022,11,23,17.552,15.816
2022,11,24,19.399,20.822
2022,11,25,19.139,20.224
2022,11,26,16.155,16.933
2022,11,27,17.677,15.149
2022,11,28,16.038,15.606
2022,11,29,13.813,14.879
2022,11,30,14.394,14.061
2022,12,1,15.461,13.252
2022,12,2,12.963,13.13
2022,12,3,12.977,13.944
2022,12,4,14.247,13.542
2022,12,5,14.314,13.438
2022,12,6,15.152,14.763
2022,12,7,14.43,15.595
2022,12,8,11.906,17.549
2022,12,9,13.131,17.515
2022,12,10,11.191,16.564
2022,12,11,11.419,16.054
2022,12,12,6.098,14.836
2022,12,13,5.249,13.876
2022,12,14,11.725,14.446
2022,12,15,12.263,15.326
2022,12,16,14.004,11.574
2022,12,17,15.276,10.139
2022,12,18,11.554,11.659
2022,12,19,13.175,14.616
2022,12,20,9.486,15.381
2022,12,21,10.221,12.717
2022,12,22,8.819,13.035
2022,12,23,12.548,13.593
2022,12,24,10.666,13.871
2022,12,25,13.574,14.018
2022,12,26,13.879,17.374
2022,12,27,13.864,16.06
2022,12,28,16.603,14.836
2022,12,29,12.484,14.535
2022,12,30,14.915,15.413
2022,12,31,13.153,17.387
2023,1,1,15.62,16.878
2023,1,2,17.233,15.908
2023,1,3,14.19,15.48
2023,1,4,10.14,13.063
2023,1,5,9.889,10.175
2023,1,6,9.595,10.778
2023,1,7,9.048,9.344
2023,1,8,12.171,10.175
2023,1,9,11.076,12.9
2023,1,10,13.757,15.3
2023,1,11,14.23,14.466
2023,1,12,15.836,15.855
2023,1,13,15.763,15.597
2023,1,14,17.593,13.584
2023,1,15,15.178,13.456
2023,1,16,10.416,12.632
2023,1,17,12.921,11.521
2023,1,18,16.799,12.764
2023,1,19,16.692,12.415
2023,1,20,16.916,10.269
2023,1,21,15.316,9.871
2023,1,22,12.29,9.421
2023,1,23,12.518,8.576
2023,1,24,11.997,8.03
2023,1,25,14.057,7.49
2023,1,26,12.462,8.025
2023,1,27,8.459,12.16
2023,1,28,11.265,12.523
2023,1,29,13.79,14.036
2023,1,30,13.427,15.203
2023,1,31,12.854,15.749
2023,2,1,17.815,17.772
2023,2,2,17.28,15.351
2023,2,3,17.021,15.99
2023,2,4,17.354,16.577
2023,2,5,16.853,18.925
2023,2,6,16.935,17.049
2023,2,7,14.935,15.698
2023,2,8,12.252,13.105
2023,2,9,12.267,13.39
2023,2,10,11.501,15.649
2023,2,11,10.697,14.39
2023,2,12,11.865,12.266
2023,2,13,10.575,11.783
2023,2,14,12.577,9.508
2023,2,15,15.384,10.784
2023,2,16,19.555,11.371
2023,2,17,17.139,14.568
2023,2,18,13.948,14.463
2023,2,19,11.688,19.192
2023,2,20,13.161,18.141
2023,2,21,14.517,21.34
2023,2,22,16.242,19.746
2023,2,23,18.425,19.496
2023,2,24,20.066,18.016
2023,2,25,18.034,18.891
2023,2,26,18.446,20.832
2023,2,27,15.495,21.826
2023,2,28,13.284,23.41
2023,3,1,16.573,19.304
2023,3,2,15.637,19.284
2023,3,3,14.427,21.212
2023,3,4,15.373,20.534
2023,3,5,19.988,16.881
2023,3,6,19.587,14.67
2023,3,7,15.634,15.34
2023,3,8,13.769,14.279
2023,3,9,14.762,15.205
2023,3,10,12.53,15.147
2023,3,11,16.092,9.929
2023,3,12,18.283,10.45
2023,3,13,21.011,14.184
2023,3,14,20.751,13.046
2023,3,15,19.78,14.64
2023,3,16,22.241,14.758
2023,3,17,19.958,15.664
2023,3,18,16.988,16.913
2023,3,19,18.556,19.589
2023,3,20,22.873,18.277
2023,3,21,22.607,16.521
2023,3,22,21.195,13.621
2023,3,23,22.835,13.197
2023,3,24,23.191,14.561
2023,3,25,22.964,14.387
2023,3,26,22.85,12.941
2023,3,27,19.833,13.564
2023,3,28,20.41,18.949
2023,3,29,25.886,22.39
2023,3,30,28.681,24.104
2023,3,31,31.314,24.9
2023,4,1,28.208,21.884
2023,4,2,23.904,17.908
2023,4,3,23.97,13.991
2023,4,4,26.794,13.04
2023,4,5,24.201,18.124
2023,4,6,22.793,22.693
2023,4,7,19.752,23.102
2023,4,8,24.798,21.566
2023,4,9,29.433,18.034
2023,4,10,29.994,17.694
2023,4,11,28.776,16.525
2023,4,12,28.183,17.859
2023,4,13,24.972,17.038
2023,4,14,22.516,18.203
2023,4,15,16.799,15.059
2023,4,16,10.7,11.614
2023,4,17,14.072,15.307
2023,4,18,15.343,16.944
2023,4,19,15.267,21.645
2023,4,20,19.718,22.219
2023,4,21,23.316,19.205
2023,4,22,21.038,11.612
2023,4,23,20.947,12.845
2023,4,24,20.453,18.639
2023,4,25,22.31,23.261
2023,4,26,28.462,25.436
2023,4,27,30.142,28.205
2023,4,28,31.025,27.44
2023,4,29,29.358,27.331
2023,4,30,29.848,22.728
2023,5,1,30.504,19.78
2023,5,2,26.311,20.764
2023,5,3,20.622,24.064
2023,5,4,19.977,19.533
2023,5,5,24.084,20.355
2023,5,6,26.408,21.479
2023,5,7,24.424,24.549
2023,5,8,23.904,26.06
2023,5,9,25.716,28.469
2023,5,10,26.944,30.68
2023,5,11,28.536,29.238
2023,5,12,30.024,29.579
2023,5,13,30.307,31.219
2023,5,14,29.983,32.124
2023,5,15,32.165,30.719
2023,5,16,30.648,26.048
2023,5,17,30.084,25.857
2023,5,18,34.078,26.491
2023,5,19,34.6,26.494
2023,5,20,34.875,25.905
2023,5,21,35.014,26.433
2023,5,22,37.607,28.844
2023,5,23,37.693,27.908
2023,5,24,37.696,26.562
2023,5,25,36.904,26.199
2023,5,26,31.947,24.855
2023,5,27,35.102,21.342
2023,5,28,36.215,19.432
2023,5,29,35.194,21.045
2023,5,30,32.534,24.128
2023,5,31,31.416,24.384
2023,6,1,29.596,24.343
2023,6,2,28.608,24.912
2023,6,3,30.584,27.753
2023,6,4,33.627,30.732
2023,6,5,34.468,31.374
2023,6,6,36.07,31.969
2023,6,7,38.553,32.307
2023,6,8,38.548,33.046
2023,6,9,35.725,30.285
2023,6,10,33.629,33.012
2023,6,11,28.838,33.341
2023,6,12,27.711,31.001
2023,6,13,30.621,30.927
2023,6,14,30.5,30.929
2023,6,15,31.441,35.356
2023,6,16,33.075,35.384
2023,6,17,34.221,36.676
2023,6,18,31.4,36.249
2023,6,19,30.84,34.665
2023,6,20,32.952,30.046
2023,6,21,34.781,30.201
2023,6,22,34.985,29.72
2023,6,23,36.702,29.85
2023,6,24,38.909,30.746
2023,6,25,38.13,30.122
2023,6,26,37.015,29.847
2023,6,27,37.689,31.013
2023,6,28,34.352,33.091
2023,6,29,33.962,30.967
2023,6,30,36.476,32.967
2023,7,1,36.155,34.42
2023,7,2,37.656,32.733
2023,7,3,38.191,30.667
2023,7,4,38.268,29.393
2023,7,5,39.8,28.693
2023,7,6,41.13,29.443
2023,7,7,40.718,30.81
2023,7,8,38.777,32.365
2023,7,9,39.678,33.123
2023,7,10,40.087,34.872
2023,7,11,40.722,37.208
2023,7,12,37.671,36.846
2023,7,13,38.335,38.95
2023,7,14,37.523,37.485
2023,7,15,37.911,37.155
2023,7,16,38.582,38.691
2023,7,17,39.951,36.351
2023,7,18,40.307,39.465
2023,7,19,39.199,39.812
2023,7,20,37.958,37.628
2023,7,21,33.779,35.798
2023,7,22,35.578,36.727
2023,7,23,38.697,38.919
2023,7,24,38.258,39.36
2023,7,25,40.351,35.996
2023,7,26,39.717,35.581
2023,7,27,38.008,32.27
2023,7,28,34.089,30.929
2023,7,29,33.235,32.769
2023,7,30,31.937,37.896
2023,7,31,31.446,39.986
2023,8,1,31.981,39.81
2023,8,2,32.387,38.74
2023,8,3,35.098,38.088
2023,8,4,35.12,35.455
2023,8,5,37.5,34.415
2023,8,6,37.637,34.979
2023,8,7,37.492,35.843
2023,8,8,36.253,33.742
2023,8,9,37.207,32.155
2023,8,10,37.86,33.58
2023,8,11,38.917,35.879
2023,8,12,37.528,36.748
2023,8,13,34.398,37.864
2023,8,14,33.582,39.613
2023,8,15,32.709,39.158
2023,8,16,30.947,36.907
2023,8,17,29.961,36.593
2023,8,18,30.949,33.355
2023,8,19,33.838,32.216
2023,8,20,35.344,30.349
2023,8,21,39.685,29.136
2023,8,22,40.649,27.41
2023,8,23,40.82,29.779
2023,8,24,39.127,28.197
2023,8,25,40.534,26.827
2023,8,26,37.874,28.655
2023,8,27,36.713,30.041
2023,8,28,31.599,28.377
2023,8,29,35.094,26.273
2023,8,30,35.54,25.794
2023,8,31,35.995,30.878
2023,9,1,33.525,34.394
2023,9,2,32.65,36.951
2023,9,3,33.12,37.235
2023,9,4,33.914,36.129
2023,9,5,36.297,30.077
2023,9,6,37.19,27.729
2023,9,7,38.699,27.991
2023,9,8,39.428,28.583
2023,9,9,38.72,31.038
2023,9,10,38.409,32.363
2023,9,11,37.118,33.345
2023,9,12,37.025,34.884
2023,9,13,35.385,35.305
2023,9,14,32.102,35.051
2023,9,15,33.098,32.852
2023,9,16,34.664,30.382
2023,9,17,34.846,29.983
2023,9,18,34.847,30.977
2023,9,19,33.815,33.395
2023,9,20,27.912,34.467
2023,9,21,23.05,30.431
2023,9,22,25.139,32.622
2023,9,23,28.735,36.017
2023,9,24,28.849,35.608
2023,9,25,26.117,33.997
2023,9,26,26.405,33.407
2023,9,27,23.149,27.54
2023,9,28,23.976,27.383
2023,9,29,22.829,28.535
2023,9,30,23.111,33.069
2023,10,1,26.259,31.924
2023,10,2,27.191,33.862
2023,10,3,28.778,31.604
2023,10,4,26.099,32.22
2023,10,5,30.624,30.872
2023,10,6,32.585,26.751
2023,10,7,31.57,23.947
2023,10,8,31.246,25.933
2023,10,9,30.09,27.271
2023,10,10,25.009,29.704
2023,10,11,22.99,29.568
2023,10,12,24.76,28.435
2023,10,13,25.832,25.631
2023,10,14,23.229,28.705
2023,10,15,19.611,29.888
2023,10,16,21.431,30.201
2023,10,17,24.472,29.805
2023,10,18,26.933,30.669
2023,10,19,26.212,32.201
2023,10,20,23.05,35.018
2023,10,21,22.378,35.107
2023,10,22,22.805,30.196
2023,10,23,24.907,27.042
2023,10,24,19.095,26.9
2023,10,25,16.972,25.403
2023,10,26,16.477,22.657
2023,10,27,15.427,21.23
2023,10,28,15.546,19.039
2023,10,29,17.131,19.203
2023,10,30,18.396,16.067
2023,10,31,22.033,17.234
2023,11,1,20.539,20.687
2023,11,2,21.871,21.492
2023,11,3,23.055,22.341
2023,11,4,24.153,25.417
2023,11,5,23.718,26.144
2023,11,6,23.532,25.051
2023,11,7,15.632,25.891
2023,11,8,14.799,25.207
2023,11,9,16.777,24.56
2023,11,10,16.174,24.18
2023,11,11,19.786,23.299
2023,11,12,17.206,20.667
2023,11,13,18.083,22.25
2023,11,14,21.192,21.25
2023,11,15,23.437,20.635
2023,11,16,23.476,20.101
2023,11,17,22.184,21.258
2023,11,18,20.249,19.354
2023,11,19,22.861,15.987
2023,11,20,25.165,15.01
2023,11,21,22.659,15.77
2023,11,22,22.985,18.542
2023,11,23,22.453,18.601
2023,11,24,23.476,16.022
2023,11,25,23.581,18.089
2023,11,26,22.975,19.1
2023,11,27,23.959,19.553
2023,11,28,19.923,17.62
2023,11,29,19.56,17.376
2023,11,30,19.39,13.947
2023,12,1,15.084,12.93
2023,12,2,13.266,14.595
2023,12,3,17.383,12.169
2023,12,4,17.488,10.149
2023,12,5,17.789,12.112
2023,12,6,17.497,13.499
2023,12,7,16.597,15.057
2023,12,8,13.388,15.99
2023,12,9,10.637,15.911
2023,12,10,10.717,15.588
2023,12,11,11.186,14.205
2023,12,12,10.967,18.24
2023,12,13,9.909,15.629
2023,12,14,10.889,15.593
2023,12,15,14.311,19.06
2023,12,16,12.479,19.415
2023,12,17,7.695,15.823
2023,12,18,4.876,13.542
2023,12,19,5.931,15.152
2023,12,20,10.894,15.711
2023,12,21,13.12,13.795
2023,12,22,14.757,15.61
2023,12,23,12.612,16.636
2023,12,24,14.812,12.277
2023,12,25,16.198,13.25
2023,12,26,15.075,13.52
2023,12,27,13.843,12.641
2023,12,28,13.272,14.176
2023,12,29,13.464,13.52
2023,12,30,16.539,12.023
2023,12,31,18.913,11.024
2024,1,1,16.907,12.945
2024,1,2,16.565,13.533
2024,1,3,14.636,15.206
2024,1,4,18.29,12.522
2024,1,5,18.094,7.772
2024,1,6,15.592,9.151
2024,1,7,17.285,10.463
2024,1,8,13.65,8.241
2024,1,9,14.315,10.951
2024,1,10,12.267,10.412
2024,1,11,12.785,7.3
2024,1,12,11.273,7.271
2024,1,13,9.262,10.332
2024,1,14,5.796,11.389
2024,1,15,9.714,12.064
2024,1,16,13.392,10.732
2024,1,17,15.509,15.364
2024,1,18,16.003,12.656
2024,1,19,14.343,10.796
2024,1,20,11.504,8.692
2024,1,21,15.221,7.898
2024,1,22,13.927,12.424
2024,1,23,11.57,14.989
2024,1,24,10.868,11.442
2024,1,25,12.546,11.231
2024,1,26,14.736,14.262
2024,1,27,17.051,15.087
2024,1,28,17.712,14.946
2024,1,29,14.089,15.985
2024,1,30,12.442,15.758
2024,1,31,12.214,16.3
2024,2,1,12.178,16.173
2024,2,2,13.831,12.835
2024,2,3,11.904,15.442
2024,2,4,11.447,19.047
2024,2,5,13.533,18.258
2024,2,6,15.28,15.009
2024,2,7,17.223,13.279
2024,2,8,19.167,15.038
2024,2,9,18.195,14.17
2024,2,10,19.064,13.245
2024,2,11,21.413,10.396
2024,2,12,23.456,8.938
2024,2,13,22.633,11.019
2024,2,14,23.101,11.657
2024,2,15,17.908,13.387
2024,2,16,20.176,12.547
2024,2,17,23.908,8.6
2024,2,18,24.049,13.189
2024,2,19,22.327,11.031
2024,2,20,24.408,14.83
2024,2,21,21.423,15.455
2024,2,22,19.385,17.699
2024,2,23,15.804,14.903
2024,2,24,17.935,14.239
2024,2,25,16.501,13.785
2024,2,26,20.334,16.349
2024,2,27,11.03,19.03
2024,2,28,10.085,20.425
2024,2,29,12.526,22.296
2024,3,1,15.8,23.107
2024,3,2,18.534,24.152
2024,3,3,20.727,23.682
2024,3,4,17.371,25.412
2024,3,5,13.395,20.839
2024,3,6,12.055,19.411
2024,3,7,13.052,19.824
2024,3,8,12.38,19.271
2024,3,9,13.167,14.867
2024,3,10,13.06,14.858
2024,3,11,16.251,14.324
2024,3,12,17.15,15.448
2024,3,13,14.319,16.464
2024,3,14,15.059,16.938
2024,3,15,16.615,18.203
2024,3,16,21.558,19.768
2024,3,17,19.313,21.227
2024,3,18,20.064,20.382
2024,3,19,20.359,19.772
2024,3,20,21.014,23.022
2024,3,21,22.458,21.736
2024,3,22,22.959,18.328
2024,3,23,23.036,26.115
2024,3,24,25.263,22.294
2024,3,25,28.17,23.962
2024,3,26,29.445,23.401
2024,3,27,29.936,23.105
2024,3,28,28.892,19.753
2024,3,29,27.882,17.38
2024,3,30,22.036,19.884
2024,3,31,18.346,24.34
2024,4,1,17.109,23.342
2024,4,2,14.575,24.779
2024,4,3,10.482,23.371
2024,4,4,16.005,19.319
2024,4,5,17.185,15.387
2024,4,6,20.009,16.184
2024,4,7,18.151,15.197
2024,4,8,12.884,15.604
2024,4,9,14.006,14.607
2024,4,10,18.274,13.924
2024,4,11,19.255,11.788
2024,4,12,19.769,13.884
2024,4,13,19.372,15.058
2024,4,14,18.828,13.644
2024,4,15,23.739,13.061
2024,4,16,26.327,14.566
2024,4,17,28.866,20.819
2024,4,18,29.691,22.176
2024,4,19,28.304,20.769
2024,4,20,26.056,19.073
2024,4,21,28.397,17.546
2024,4,22,29.424,20.245
2024,4,23,28.706,21.234
2024,4,24,27.51,17.344
2024,4,25,30.118,18.639
2024,4,26,31.664,23.04
2024,4,27,34.425,25.95
2024,4,28,33.874,28.877
2024,4,29,31.295,28.321
2024,4,30,29.549,23.622
2024,5,1,28.816,21.97
2024,5,2,28.086,24.709
2024,5,3,26.368,26.324
2024,5,4,23.47,31.488
2024,5,5,19.808,34.07
2024,5,6,22.42,30.549
2024,5,7,23.524,23.297
2024,5,8,24.671,24.473
2024,5,9,26.263,27.254
2024,5,10,23.538,28.074
2024,5,11,19.711,27.385
2024,5,12,21.12,26.684
2024,5,13,24.978,20.778
2024,5,14,23.117,17.675
2024,5,15,22.362,21.19
2024,5,16,22.044,17.856
2024,5,17,26.426,19.07
2024,5,18,29.589,18.191
2024,5,19,30.316,17.602
2024,5,20,31.847,15.76
2024,5,21,33.907,18.686
2024,5,22,34.136,22.266
2024,5,23,31.286,22.104
2024,5,24,31.639,20.345
2024,5,25,27.852,20.353
2024,5,26,31.348,26.046
2024,5,27,31.312,30.964
2024,5,28,32.509,33.368
2024,5,29,36.7,28.834
2024,5,30,35.218,26.432
2024,5,31,33.867,26.059
2024,6,1,33.984,27.496
2024,6,2,33.947,23.43
2024,6,3,35.77,23.974
2024,6,4,39.224,26.82
2024,6,5,40.883,27.425
2024,6,6,41.258,28.999
2024,6,7,40.322,30.121
2024,6,8,42.869,33.43
2024,6,9,42.71,33.762
2024,6,10,40.676,32.357
2024,6,11,40.091,32.074
2024,6,12,41.164,25.628
2024,6,13,43.652,23.215
2024,6,14,42.865,26.078
2024,6,15,39.408,30.676
2024,6,16,36.013,31.821
2024,6,17,35.905,34.018
2024,6,18,36.576,33.689
2024,6,19,36.956,31.294
2024,6,20,35.586,30.315
2024,6,21,37.478,29.952
2024,6,22,39.331,31.772
2024,6,23,38.985,30.33
2024,6,24,36.186,30.842
2024,6,25,35.77,31.117
2024,6,26,32.407,33.553
2024,6,27,34.03,35.049
2024,6,28,32.641,36.686
2024,6,29,31.279,34.557
2024,6,30,27.177,33.193
2024,7,1,25.154,29.603
2024,7,2,25.998,29.827
2024,7,3,26.12,33.787
2024,7,4,28.782,34.561
2024,7,5,28.854,34.64
2024,7,6,28.594,36.892
2024,7,7,30.623,40.672
2024,7,8,29.687,40.027
2024,7,9,29.322,41.114
2024,7,10,26.944,41.852
2024,7,11,31.548,40.69
2024,7,12,30.545,39.896
2024,7,13,33.776,40.911
2024,7,14,34.291,39.697
2024,7,15,34.117,40.487
2024,7,16,34.14,39.922
2024,7,17,32.202,39.579
2024,7,18,33.392,33.879
2024,7,19,34.052,34.817
2024,7,20,37.764,33.613
2024,7,21,38.046,35.206
2024,7,22,37.404,33.737
2024,7,23,36.573,35.861
2024,7,24,35.673,33.198
2024,7,25,34.958,29.963
2024,7,26,37.757,29.655
2024,7,27,39.304,32.433
2024,7,28,38.824,32.087
2024,7,29,40.524,35.295
2024,7,30,42.064,36.692
2024,7,31,42.061,40.47
2024,8,1,40.208,43.191
2024,8,2,39.839,44.447
2024,8,3,37.804,41.317
2024,8,4,34.873,39.86
2024,8,5,34.171,39.695
2024,8,6,32.141,39.278
2024,8,7,32.078,37.609
2024,8,8,32.609,35.038
2024,8,9,32.953,33.201
2024,8,10,32.7,30.705
2024,8,11,33.226,28.674
2024,8,12,35.437,23.725
2024,8,13,37.629,29.285
2024,8,14,37.741,26.848
2024,8,15,38.103,25.9
2024,8,16,37.072,26.963
2024,8,17,34.065,28.623
2024,8,18,35.025,29.574
2024,8,19,36.656,31.796
2024,8,20,36.123,33.077
2024,8,21,35.542,31.88
2024,8,22,35.935,34.637
2024,8,23,34.385,34.507
2024,8,24,34.999,36.414
2024,8,25,35.053,38.394
2024,8,26,35.461,39.874
2024,8,27,36.337,38.776
2024,8,28,33.538,36.218
2024,8,29,33.061,32.577
2024,8,30,30.961,36.94
2024,8,31,32.178,38.231
2024,9,1,32.092,38.94
2024,9,2,30.052,38.395
2024,9,3,34.472,37.636
2024,9,4,32.941,31.842
2024,9,5,32.47,30.585
2024,9,6,32.676,28.043
2024,9,7,27.395,24.264
2024,9,8,30.607,24.452
2024,9,9,33.767,27.228
2024,9,10,33.929,28.427
2024,9,11,34.636,29.666
2024,9,12,30.708,30.743
2024,9,13,32.776,26.371
2024,9,14,27.932,23.768
2024,9,15,26.789,23.199
2024,9,16,24.054,26.904
2024,9,17,25.644,34.004
2024,9,18,26.237,35.311
2024,9,19,26.953,35.019
2024,9,20,27.083,30.202
2024,9,21,26.038,31.286
2024,9,22,26.014,32.618
2024,9,23,30.27,30.025
2024,9,24,32.538,30.088
2024,9,25,29.78,29.147
2024,9,26,28.218,22.019
2024,9,27,25.209,21.499
2024,9,28,24.086,19.235
2024,9,29,28.681,22.907
2024,9,30,31.354,17.472
2024,10,1,30.366,22.259
2024,10,2,30.241,22.651
2024,10,3,30.213,26.878
2024,10,4,33.328,26.066
2024,10,5,34.303,28.979
2024,10,6,33.25,29.248
2024,10,7,34.862,30.642
2024,10,8,36.572,33.049
2024,10,9,35.332,34.92
2024,10,10,31.311,34.53
2024,10,11,23.121,33.531
2024,10,12,23.534,30.947
2024,10,13,23.303,28.681
2024,10,14,23.255,27.684
2024,10,15,25.732,27.019
2024,10,16,23.17,26.643
2024,10,17,22.317,23.93
2024,10,18,24.573,22.819
2024,10,19,21.893,25.306
2024,10,20,22.055,23.89
2024,10,21,24.002,17.409
2024,10,22,23.611,17.933
2024,10,23,23.573,20.597
2024,10,24,26.122,19.645
2024,10,25,25.602,20.754
2024,10,26,27.618,22.908
2024,10,27,26.678,23.251
2024,10,28,29.87,24.372
2024,10,29,28.235,23.183
2024,10,30,23.642,18.575
2024,10,31,21.832,18.394
2024,11,1,23.93,16.37
2024,11,2,22.431,12.907
2024,11,3,20.379,14.078
2024,11,4,16.031,15.194
2024,11,5,15.026,14.497
2024,11,6,12.23,13.663
2024,11,7,10.904,12.109
2024,11,8,13.829,15.052
2024,11,9,12.286,12.76
2024,11,10,12.442,11.969
2024,11,11,12.271,13.311
2024,11,12,11.09,15.724
2024,11,13,15.056,17.027
2024,11,14,14.971,16.724
2024,11,15,16.525,15.644
2024,11,16,17.272,15.702
2024,11,17,18.802,17.5
2024,11,18,17.21,15.58
2024,11,19,14.362,19.645
2024,11,20,12.525,17.286
2024,11,21,13.472,16.559
2024,11,22,13.665,13.872
2024,11,23,14.894,13.377
2024,11,24,13.374,17.43
2024,11,25,14.0,18.466
2024,11,26,14.379,16.509
2024,11,27,14.924,13.107
2024,11,28,19.645,16.247
2024,11,29,18.02,14.734
2024,11,30,18.327,17.822
2024,12,1,18.055,16.354
2024,12,2,16.426,19.554
2024,12,3,13.852,22.536
2024,12,4,9.637,25.1
2024,12,5,7.731,22.189
2024,12,6,9.649,20.082
2024,12,7,9.878,17.142
2024,12,8,8.859,12.492
2024,12,9,9.939,13.404
2024,12,10,5.152,15.526
2024,12,11,14.144,16.397
2024,12,12,16.13,14.518
2024,12,13,16.765,13.682
2024,12,14,15.219,13.028
2024,12,15,17.663,9.152
2024,12,16,15.494,18.012
2024,12,17,12.013,16.038
2024,12,18,8.051,14.677
2024,12,19,9.313,16.851
2024,12,20,6.949,17.552
2024,12,21,8.337,16.385
2024,12,22,13.231,19.35
2024,12,23,14.805,18.13
2024,12,24,15.315,19.193
2024,12,25,13.008,18.965
2024,12,26,11.998,18.541
2024,12,27,9.674,19.269
2024,12,28,7.823,18.439
2024,12,29,8.521,16.61
2024,12,30,8.184,16.6
2024,12,31,9.301,14.637
2025,1,1,9.676,11.618
2025,1,2,10.393,11.771
2025,1,3,10.701,11.188
2025,1,4,13.492,12.269
2025,1,5,12.83,11.754
2025,1,6,15.913,10.033
2025,1,7,15.396,9.886
2025,1,8,13.934,12.093
2025,1,9,13.988,11.702
2025,1,10,15.064,10.491
2025,1,11,17.691,12.972
2025,1,12,13.41,11.906
2025,1,13,10.818,11.953
2025,1,14,10.783,9.114
2025,1,15,13.011,10.89
2025,1,16,13.929,11.376
2025,1,17,14.307,12.508
2025,1,18,16.663,13.311
2025,1,19,15.842,13.474
2025,1,20,12.846,16.712
2025,1,21,12.637,16.922
2025,1,22,10.723,13.081
2025,1,23,10.595,14.43
2025,1,24,14.037,13.785
2025,1,25,16.924,12.566
2025,1,26,20.951,14.439
2025,1,27,20.492,13.515
2025,1,28,17.296,7.627
2025,1,29,15.944,10.739
2025,1,30,15.109,11.214
2025,1,31,15.505,13.61
2025,2,1,13.466,15.359
2025,2,2,14.67,16.547
2025,2,3,13.796,17.097
2025,2,4,13.991,18.917
2025,2,5,15.88,19.621
2025,2,6,12.047,13.972
2025,2,7,12.606,15.352
2025,2,8,15.218,16.441
2025,2,9,12.596,11.295
2025,2,10,14.258,12.611
2025,2,11,11.253,15.01
2025,2,12,12.063,15.724
2025,2,13,11.71,16.613
2025,2,14,11.89,16.367
2025,2,15,13.647,11.2
2025,2,16,15.438,11.583
2025,2,17,15.599,10.52
2025,2,18,14.272,11.715
2025,2,19,9.991,14.664
2025,2,20,10.872,17.735
2025,2,21,11.854,18.692
2025,2,22,11.687,21.544
2025,2,23,6.651,21.586
2025,2,24,9.857,19.268
2025,2,25,11.778,19.597
2025,2,26,11.052,18.7
2025,2,27,11.668,20.249
2025,2,28,10.337,22.363
2025,3,1,8.904,21.021
2025,3,2,10.728,16.432
2025,3,3,11.909,13.158
2025,3,4,15.737,13.683
2025,3,5,14.212,7.027
2025,3,6,10.541,10.249
2025,3,7,10.3,14.592
2025,3,8,17.311,14.1
2025,3,9,20.08,13.93
2025,3,10,23.559,13.832
2025,3,11,24.722,14.737
2025,3,12,23.364,13.2
2025,3,13,22.324,15.729
2025,3,14,17.713,16.911
2025,3,15,15.278,14.777
2025,3,16,13.532,10.677
2025,3,17,10.399,12.576
2025,3,18,11.315,12.902
2025,3,19,11.289,14.801
2025,3,20,10.564,16.529
2025,3,21,14.799,17.827
2025,3,22,14.017,15.652
2025,3,23,15.632,11.873
2025,3,24,16.203,12.342
2025,3,25,23.113,12.908
2025,3,26,22.481,16.587
2025,3,27,21.288,14.129
2025,3,28,21.146,12.016
2025,3,29,22.427,12.005
2025,3,30,25.469,11.92
2025,3,31,28.474,14.716
2025,4,1,28.414,11.531
2025,4,2,23.893,15.422
2025,4,3,23.563,17.873
2025,4,4,21.687,22.77
2025,4,5,21.462,27.022
2025,4,6,20.43,24.392
2025,4,7,21.185,19.586
2025,4,8,22.14,19.349
2025,4,9,25.567,21.905
2025,4,10,25.431,26.083
2025,4,11,25.104,25.979
2025,4,12,26.1,29.333
2025,4,13,27.584,29.248
2025,4,14,24.537,26.605
2025,4,15,23.467,18.301
2025,4,16,22.612,23.285
2025,4,17,21.315,26.666
2025,4,18,21.753,26.436
2025,4,19,24.073,27.516
2025,4,20,22.779,29.259
2025,4,21,23.996,29.055
2025,4,22,27.255,29.534
2025,4,23,27.671,28.496
2025,4,24,31.157,26.521
2025,4,25,30.254,19.012
2025,4,26,25.075,14.332
2025,4,27,24.283,11.199
2025,4,28,27.022,16.943
2025,4,29,25.648,20.445
2025,4,30,23.205,20.779
2025,5,1,25.267,14.686
2025,5,2,25.686,15.62
2025,5,3,21.485,14.553
2025,5,4,20.31,11.915
2025,5,5,21.295,8.515
2025,5,6,20.788,14.005
2025,5,7,23.398,22.466
2025,5,8,27.224,25.094
2025,5,9,29.434,27.791
2025,5,10,33.332,26.56
2025,5,11,31.782,26.654
2025,5,12,34.099,20.878
2025,5,13,34.255,20.913
2025,5,14,35.931,24.481
2025,5,15,34.44,26.401
2025,5,16,29.45,26.827
2025,5,17,27.205,26.774
2025,5,18,26.903,28.528
2025,5,19,27.584,32.01
2025,5,20,25.1,33.648
2025,5,21,23.687,35.123
2025,5,22,15.64,34.466
2025,5,23,21.667,36.621
2025,5,24,22.789,35.077
2025,5,25,23.897,37.093
2025,5,26,24.765,35.33
2025,5,27,24.434,31.143
2025,5,28,24.794,28.727
2025,5,29,25.243,31.428
2025,5,30,25.925,31.672
2025,5,31,28.836,34.267
2025,6,1,32.231,34.258
2025,6,2,30.817,35.767
2025,6,3,30.55,34.929
2025,6,4,27.844,37.738
2025,6,5,27.765,36.71
2025,6,6,27.833,33.786
2025,6,7,25.078,36.576
2025,6,8,22.035,38.607
2025,6,9,20.885,37.183
2025,6,10,20.849,38.708
2025,6,11,19.128,36.398
2025,6,12,26.45,39.744
2025,6,13,27.046,43.35
2025,6,14,29.536,40.107
2025,6,15,29.146,34.22
2025,6,16,26.322,31.558
2025,6,17,27.944,31.99
2025,6,18,29.709,32.271
2025,6,19,31.542,31.018
2025,6,20,36.254,33.401
2025,6,21,37.781,36.307
2025,6,22,38.583,37.802
2025,6,23,38.888,38.255
2025,6,24,39.723,35.83
2025,6,25,38.016,36.113
2025,6,26,36.67,34.684
2025,6,27,36.933,31.861
2025,6,28,38.37,36.029
2025,6,29,39.093,37.787
2025,6,30,39.841,39.857
2025,7,1,38.392,39.895
2025,7,2,39.355,36.831
2025,7,3,39.532,34.583
2025,7,4,32.009,36.575
2025,7,5,33.334,34.462
2025,7,6,32.537,33.344
2025,7,7,30.952,31.042
2025,7,8,26.444,27.756
2025,7,9,26.747,29.697
2025,7,10,29.021,29.852
2025,7,11,31.003,29.908
2025,7,12,29.661,32.638
2025,7,13,29.555,33.853
2025,7,14,31.398,37.711
2025,7,15,31.757,34.832
2025,7,16,32.733,38.054
2025,7,17,34.054,41.422
2025,7,18,33.449,43.2
2025,7,19,35.263,43.657
2025,7,20,38.614,43.845
2025,7,21,38.597,44.111
2025,7,22,39.807,42.259
2025,7,23,39.816,42.015
2025,7,24,35.181,42.419
2025,7,25,31.98,41.813
2025,7,26,29.46,41.649
2025,7,27,34.186,42.159
2025,7,28,36.004,41.506
2025,7,29,38.063,40.422
2025,7,30,39.708,41.064
2025,7,31,42.533,41.961
2025,8,1,40.778,40.951
2025,8,2,42.322,40.511
2025,8,3,41.003,37.483
2025,8,4,34.513,37.005
2025,8,5,33.818,38.616
2025,8,6,37.114,41.539
2025,8,7,35.292,42.707
2025,8,8,34.855,41.071
2025,8,9,37.254,41.706
2025,8,10,38.261,39.851
2025,8,11,40.492,38.27
2025,8,12,39.651,36.454
2025,8,13,37.678,33.452
2025,8,14,35.329,33.371
2025,8,15,33.013,35.107
2025,8,16,33.818,35.549
2025,8,17,34.034,36.987
2025,8,18,34.761,36.451
2025,8,19,33.339,36.054
2025,8,20,30.58,35.897
2025,8,21,31.612,33.995
2025,8,22,35.432,32.076
2025,8,23,35.942,33.671
2025,8,24,38.857,36.032
2025,8,25,38.597,36.289
2025,8,26,36.507,36.763
2025,8,27,39.392,36.248
2025,8,28,41.118,31.559
2025,8,29,40.516,28.875
2025,8,30,38.245,31.256
2025,8,31,36.877,30.766
2025,9,1,32.876,29.382
2025,9,2,32.585,27.728
2025,9,3,35.182,28.674
2025,9,4,30.791,28.723
2025,9,5,32.934,30.186
2025,9,6,35.175,29.915
2025,9,7,34.679,29.943
2025,9,8,34.939,33.616
2025,9,9,35.745,36.396
2025,9,10,37.922,37.245
2025,9,11,33.969,36.969
2025,9,12,33.497,36.788
2025,9,13,33.027,34.675
2025,9,14,33.74,33.864
2025,9,15,35.518,33.518
2025,9,16,33.284,32.185
2025,9,17,33.076,31.743
2025,9,18,34.074,30.456
2025,9,19,33.61,33.427
2025,9,20,33.813,34.103
2025,9,21,33.88,26.332
2025,9,22,33.184,27.159
2025,9,23,30.438,26.355
2025,9,24,31.419,28.368
2025,9,25,24.489,31.534
2025,9,26,27.313,25.316
2025,9,27,31.897,21.014
2025,9,28,36.329,22.728
2025,9,29,31.095,26.585
2025,9,30,30.612,27.54
2025,10,1,29.512,31.812
2025,10,2,32.695,26.416
2025,10,3,30.393,23.41
2025,10,4,33.122,20.7
2025,10,5,34.829,17.597
2025,10,6,37.057,19.068
2025,10,7,36.334,21.676
2025,10,8,35.529,24.841
2025,10,9,31.361,24.008
2025,10,10,20.208,24.983
2025,10,11,17.159,22.665
2025,10,12,16.492,25.436
2025,10,13,17.892,27.429
2025,10,14,19.805,26.303
2025,10,15,19.271,23.861
2025,10,16,16.072,21.885
2025,10,17,16.01,22.279
2025,10,18,17.691,20.092
2025,10,19,18.676,16.365
2025,10,20,18.217,18.57
2025,10,21,18.174,22.526
2025,10,22,17.828,25.084
2025,10,23,15.63,28.154
2025,10,24,19.22,22.83
2025,10,25,21.104,20.028
2025,10,26,20.319,21.047
2025,10,27,18.382,21.706
2025,10,28,17.97,20.062
2025,10,29,16.876,18.047
2025,10,30,15.97,12.973
2025,10,31,17.465,15.591
2025,11,1,18.754,19.824
2025,11,2,19.757,18.671
2025,11,3,19.956,20.782
2025,11,4,23.147,22.062
2025,11,5,23.811,19.002
2025,11,6,23.76,17.998
2025,11,7,22.693,18.226
2025,11,8,23.553,19.491
2025,11,9,21.087,21.218
2025,11,10,20.582,23.331
2025,11,11,22.877,23.695
2025,11,12,24.176,24.018
2025,11,13,23.383,22.47
2025,11,14,25.413,22.092
2025,11,15,19.745,16.836
2025,11,16,21.046,15.698
2025,11,17,21.268,13.058
2025,11,18,17.379,11.286
2025,11,19,9.257,12.957
2025,11,20,9.295,14.149
2025,11,21,13.292,16.597
2025,11,22,10.611,16.413
2025,11,23,11.104,18.72
2025,11,24,11.065,20.731
2025,11,25,9.368,16.284
2025,11,26,10.535,17.427
2025,11,27,9.462,17.92
2025,11,28,11.814,19.008
2025,11,29,11.586,20.004
2025,11,30,12.002,21.519
2025,12,1,9.177,18.836
2025,12,2,8.133,20.452
2025,12,3,9.351,20.977
2025,12,4,10.088,13.923
2025,12,5,10.347,12.13
2025,12,6,9.473,14.482
2025,12,7,11.039,12.393
2025,12,8,13.942,12.306
2025,12,9,13.176,12.911
2025,12,10,11.543,12.067
2025,12,11,11.898,11.037
2025,12,12,13.601,9.429
2025,12,13,11.959,10.833
2025,12,14,10.648,11.528
2025,12,15,8.407,12.638
2025,12,16,11.109,13.419
2025,12,17,14.058,15.411
2025,12,18,15.582,14.203
2025,12,19,17.481,14.698
2025,12,20,17.371,15.398
2025,12,21,17.078,15.738
2025,12,22,14.983,18.764
2025,12,23,15.145,18.047
2025,12,24,12.455,17.282
2025,12,25,10.386,14.195
2025,12,26,13.843,14.52
2025,12,27,12.37,16.41
2025,12,28,12.101,14.546
2025,12,29,9.182,10.797
2025,12,30,11.094,12.998
2025,12,31,12.719,9.028
2026,1,1,11.053,14.697
2026,1,2,14.254,11.511
2026,1,3,15.014,11.513
2026,1,4,16.92,12.487
2026,1,5,16.904,10.258
2026,1,6,14.126,10.354
2026,1,7,11.559,8.511
2026,1,8,13.871,8.943
2026,1,9,15.152,12.398
2026,1,10,14.469,12.45
2026,1,11,12.857,13.413
2026,1,12,13.567,12.545
2026,1,13,17.074,12.566
2026,1,14,21.111,12.212
2026,1,15,17.995,13.757
2026,1,16,10.531,12.134
2026,1,17,10.444,14.519
2026,1,18,11.635,13.048
2026,1,19,14.113,13.867
2026,1,20,13.657,19.252
2026,1,21,14.12,17.692
2026,1,22,16.344,21.025
2026,1,23,19.934,18.147
2026,1,24,19.531,16.341
2026,1,25,19.476,9.557
2026,1,26,18.992,10.272
2026,1,27,16.76,12.637
2026,1,28,18.122,16.045
2026,1,29,15.328,16.105
2026,1,30,16.663,15.684
2026,1,31,20.467,12.067
2026,2,1,19.89,13.041
2026,2,2,19.157,11.038
2026,2,3,19.328,10.181
2026,2,4,19.628,10.297
2026,2,5,18.894,14.204
2026,2,6,21.29,13.47
2026,2,7,22.087,13.409
2026,2,8,21.353,13.973
2026,2,9,20.521,12.97
2026,2,10,18.37,14.332
2026,2,11,17.288,11.811
2026,2,12,20.51,13.201
2026,2,13,18.466,13.937
2026,2,14,18.947,12.663
2026,2,15,19.123,11.753
2026,2,16,18.517,11.398
2026,2,17,21.06,14.394
2026,2,18,20.97,18.112
2026,2,19,20.563,16.803
2026,2,20,16.299,17.11
2026,2,21,12.906,12.727
2026,2,22,14.864,13.629
2026,2,23,19.666,14.19
2026,2,24,21.06,12.755
2026,2,25,22.249,13.306
2026,2,26,17.833,13.604
2026,2,27,19.229,14.564
2026,2,28,17.527,16.849
2026,3,1,19.339,16.387
2026,3,2,18.819,17.988
2026,3,3,19.733,22.422
2026,3,4,18.229,21.373
2026,3,5,14.739,22.177
2026,3,6,15.812,21.003
2026,3,7,19.645,22.119
2026,3,8,20.359,19.225
2026,3,9,18.534,19.644
2026,3,10,18.052,19.15
2026,3,11,17.406,12.758
2026,3,12,18.57,15.838
2026,3,13,17.988,17.333
2026,3,14,19.764,17.172
2026,3,15,21.259,19.899
2026,3,16,19.401,20.682
2026,3,17,22.268,20.2
2026,3,18,24.437,22.295
2026,3,19,25.866,23.646
2026,3,20,24.051,22.563
2026,3,21,22.756,17.785
2026,3,22,19.351,15.603
2026,3,23,23.177,15.429
2026,3,24,25.178,12.329
2026,3,25,20.912,11.779
2026,3,26,21.152,18.862
2026,3,27,18.149,18.597
2026,3,28,17.503,19.006
2026,3,29,17.766,15.838
2026,3,30,22.344,13.211
2026,3,31,22.132,14.97
2026,4,1,19.066,16.581
2026,4,2,17.591,18.401
2026,4,3,16.819,19.675
2026,4,4,18.772,17.468
2026,4,5,16.184,22.374
2026,4,6,15.488,26.985
2026,4,7,21.614,26.354
2026,4,8,27.52,23.094
2026,4,9,25.911,19.161
2026,4,10,23.29,14.358
2026,4,11,23.019,12.879
2026,4,12,28.199,12.501
2026,4,13,30.318,14.178
2026,4,14,28.742,17.199
2026,4,15,28.199,17.541
2026,4,16,22.834,21.729
2026,4,17,20.759,25.486
2026,4,18,24.334,29.335
2026,4,19,26.517,29.374
2026,4,20,22.928,24.896
2026,4,21,23.557,16.312
2026,4,22,20.564,14.485
2026,4,23,10.63,15.413
2026,4,24,12.013,18.928
2026,4,25,19.076,16.377
2026,4,26,23.581,14.949
2026,4,27,28.196,15.52
2026,4,28,29.158,21.008
2026,4,29,27.601,24.992
2026,4,30,26.152,26.073
2026,5,1,23.228,28.968
2026,5,2,21.505,29.485
2026,5,3,21.369,25.674
2026,5,4,25.215,23.074
2026,5,5,26.763,26.698
2026,5,6,28.214,27.338
2026,5,7,27.948,22.825
2026,5,8,24.754,20.904
2026,5,9,28.212,29.299
2026,5,10,32.498,29.426
2026,5,11,32.348,26.874
2026,5,12,33.145,26.474
2026,5,13,30.53,25.624
2026,5,14,32.552,21.849
2026,5,15,29.317,24.784
2026,5,16,25.795,28.473
2026,5,17,23.439,29.485
2026,5,18,23.519,28.981
2026,5,19,27.432,28.546
2026,5,20,30.041,30.274
2026,5,21,32.565,30.666
2026,5,22,33.087,30.616
2026,5,23,32.269,28.54
2026,5,24,31.906,31.614
2026,5,25,27.81,34.389
2026,5,26,23.434,34.808
2026,5,27,24.392,33.188
2026,5,28,24.068,23.096
2026,5,29,23.069,27.869
2026,5,30,20.31,28.473
2026,5,31,18.204,26.441
2026,6,1,20.277,26.069
2026,6,2,27.411,30.592
2026,6,3,29.549,34.559
2026,6,4,27.419,33.811
2026,6,5,24.628,27.111
2026,6,6,19.978,22.071
2026,6,7,25.296,26.885
2026,6,8,26.794,31.545
2026,6,9,28.766,32.173
2026,6,10,31.099,32.341
2026,6,11,33.888,32.104
2026,6,12,34.341,27.097
2026,6,13,36.881,26.602
2026,6,14,38.2,28.258
2026,6,15,38.378,30.184
2026,6,16,38.51,30.168
2026,6,17,36.21,33.165
2026,6,18,35.939,32.004
2026,6,19,36.89,29.969
2026,6,20,37.037,27.516
2026,6,21,35.718,27.176
2026,6,22,36.687,26.775
2026,6,23,39.778,26.041
2026,6,24,39.802,23.579
2026,6,25,39.684,24.073
2026,6,26,39.909,26.224
2026,6,27,38.974,28.906
2026,6,28,39.165,30.204
2026,6,29,38.477,30.113
2026,6,30,36.874,29.472
2026,7,1,36.558,32.104
2026,7,2,34.324,31.868
2026,7,3,36.549,29.728
2026,7,4,37.698,30.697
2026,7,5,37.66,32.704
2026,7,6,36.161,32.546
2026,7,7,34.087,32.448
2026,7,8,35.943,33.235
2026,7,9,36.112,35.193
2026,7,10,33.818,38.947
2026,7,11,34.778,39.578
2026,7,12,36.743,37.509
2026,7,13,35.211,36.654
2026,7,14,34.419,36.658
2026,7,15,37.379,35.142
2026,7,16,35.696,36.237
2026,7,17,37.983,35.94
2026,7,18,36.993,38.088
2026,7,19,36.306,36.818
2026,7,20,37.897,35.958
2026,7,21,40.324,33.074
2026,7,22,41.013,37.359
2026,7,23,41.363,40.193
2026,7,24,41.247,41.161
2026,7,25,41.097,42.408
2026,7,26,42.29,41.91
2026,7,27,42.71,41.339
2026,7,28,43.004,42.445
2026,7,29,38.248,42.364
2026,7,30,37.376,40.799
2026,7,31,34.446,41.197
2026,8,1,29.161,41.088
2026,8,2,30.939,41.475
2026,8,3,32.865,44.114
2026,8,4,32.83,43.838
2026,8,5,34.821,39.667
2026,8,6,39.507,39.715
2026,8,7,39.202,39.13
2026,8,8,39.471,36.044
2026,8,9,38.308,31.315
2026,8,10,36.727,31.781
2026,8,11,33.438,30.092
2026,8,12,33.526,30.057
2026,8,13,37.382,27.794
2026,8,14,38.614,27.81
2026,8,15,38.516,28.321
2026,8,16,38.719,29.596
2026,8,17,38.732,33.976
2026,8,18,38.346,39.527
2026,8,19,40.043,41.507
2026,8,20,41.637,42.42
2026,8,21,41.201,41.517
2026,8,22,42.146,37.895
2026,8,23,41.138,38.477
2026,8,24,37.891,37.598
2026,8,25,35.16,37.751
2026,8,26,33.343,37.912
2026,8,27,33.349,35.956
2026,8,28,35.51,31.072
2026,8,29,34.22,35.665
2026,8,30,35.156,33.143
2026,8,31,37.353,33.015
2026,9,1,35.718,35.64
2026,9,2,34.255,34.629
2026,9,3,36.952,32.849
2026,9,4,35.259,32.267
2026,9,5,35.34,36.652
2026,9,6,36.479,31.382
2026,9,7,34.558,30.356
2026,9,8,35.337,36.235
2026,9,9,35.168,36.941
2026,9,10,38.466,38.967
2026,9,11,40.335,39.244
2026,9,12,36.852,38.395
2026,9,13,35.133,39.984
2026,9,14,35.119,38.644
2026,9,15,34.715,38.669
2026,9,16,33.78,37.087
2026,9,17,34.761,35.97
2026,9,18,34.182,36.84
2026,9,19,31.645,38.086
2026,9,20,31.957,36.38
2026,9,21,26.213,32.117
2026,9,22,23.855,29.03
2026,9,23,22.466,29.18
2026,9,24,25.283,28.353
2026,9,25,25.072,26.726
2026,9,26,25.717,28.267
2026,9,27,25.375,34.281
2026,9,28,20.893,34.033
2026,9,29,22.724,35.273
2026,9,30,26.208,37.483
2026,10,1,30.041,37.079
2026,10,2,31.531,36.169
2026,10,3,29.196,34.896
2026,10,4,29.298,34.937
2026,10,5,28.346,36.62
2026,10,6,28.056,35.064
2026,10,7,24.098,33.71
2026,10,8,23.143,29.218
2026,10,9,23.132,26.112
2026,10,10,27.089,27.716
2026,10,11,27.783,29.317
2026,10,12,23.274,29.646
2026,10,13,20.994,29.654
2026,10,14,22.645,31.933
2026,10,15,25.093,31.304
2026,10,16,27.588,25.754
2026,10,17,27.382,23.598
2026,10,18,24.368,25.973
2026,10,19,28.436,26.932
2026,10,20,29.707,26.743
2026,10,21,29.03,28.05
2026,10,22,26.87,25.747
2026,10,23,21.761,22.855
2026,10,24,19.719,20.609
2026,10,25,19.84,22.828
2026,10,26,19.561,26.375
2026,10,27,21.648,26.528
2026,10,28,21.909,25.471
2026,10,29,22.426,24.299
2026,10,30,22.392,24.556
2026,10,31,21.987,25.946
2026,11,1,22.909,27.124
2026,11,2,18.126,25.697
2026,11,3,20.6,20.131
2026,11,4,22.212,17.822
2026,11,5,21.839,16.821
2026,11,6,18.912,17.524
2026,11,7,18.725,17.4
2026,11,8,15.71,19.969
2026,11,9,14.111,19.298
2026,11,10,18.056,19.916
2026,11,11,18.215,21.752
2026,11,12,18.213,19.674
2026,11,13,18.292,17.161
2026,11,14,18.327,16.483
2026,11,15,14.607,17.526
2026,11,16,11.026,18.634
2026,11,17,14.208,23.007
2026,11,18,16.177,21.068
2026,11,19,14.807,18.706
2026,11,20,15.378,20.426
2026,11,21,16.407,16.215
2026,11,22,16.562,14.485
2026,11,23,16.538,11.414
2026,11,24,16.304,13.219
2026,11,25,15.546,13.334
2026,11,26,20.059,15.008
2026,11,27,20.23,12.499
2026,11,28,19.62,14.544
2026,11,29,22.319,13.313
2026,11,30,21.421,15.051
2026,12,1,20.349,11.413
2026,12,2,17.4,11.518
2026,12,3,17.596,13.2
2026,12,4,19.128,19.12
2026,12,5,18.03,15.809
2026,12,6,19.289,15.044
2026,12,7,17.505,10.79
2026,12,8,13.997,9.937
2026,12,9,13.472,12.497
2026,12,10,12.254,9.272
2026,12,11,12.393,10.479
2026,12,12,12.724,10.763
2026,12,13,11.249,11.774
2026,12,14,8.669,11.39
2026,12,15,10.793,9.187
2026,12,16,15.18,12.199
2026,12,17,14.014,9.19
2026,12,18,11.689,9.226
2026,12,19,10.342,11.833
2026,12,20,12.961,11.35
2026,12,21,12.096,15.534
2026,12,22,14.567,14.58
2026,12,23,12.001,13.269
2026,12,24,10.54,17.789
2026,12,25,12.495,13.326
2026,12,26,12.421,12.883
2026,12,27,13.605,16.639
2026,12,28,13.739,14.815
2026,12,29,13.417,13.514
2026,12,30,12.376,13.127
2026,12,31,16.772,13.752
2027,1,1,12.737,13.778
2027,1,2,13.692,14.089
2027,1,3,13.057,14.249
2027,1,4,15.884,13.665
2027,1,5,14.559,13.334
2027,1,6,13.64,15.932
2027,1,7,8.869,16.029
2027,1,8,8.385,17.338
2027,1,9,8.609,14.638
2027,1,10,10.066,15.534
2027,1,11,9.261,14.852
2027,1,12,12.475,11.613
2027,1,13,13.741,12.824
2027,1,14,12.093,7.444
2027,1,15,7.239,8.798
2027,1,16,7.107,8.423
2027,1,17,11.096,10.616
2027,1,18,11.012,10.319
2027,1,19,9.798,9.837
2027,1,20,12.893,13.533
2027,1,21,10.501,13.514
2027,1,22,10.082,13.724
2027,1,23,9.127,14.584
2027,1,24,14.053,15.747
2027,1,25,13.724,14.743
2027,1,26,13.711,18.616
2027,1,27,13.86,18.699
2027,1,28,15.558,18.071
2027,1,29,21.02,19.553
2027,1,30,19.854,17.604
2027,1,31,18.806,12.454
2027,2,1,16.528,11.72
2027,2,2,16.771,9.222
2027,2,3,14.62,10.329
2027,2,4,15.307,9.058
2027,2,5,13.042,10.819
2027,2,6,13.809,12.49
2027,2,7,13.162,11.719
2027,2,8,11.952,11.453
2027,2,9,13.761,14.064
2027,2,10,15.408,16.267
2027,2,11,18.288,14.934
2027,2,12,14.115,15.926
2027,2,13,11.222,16.795
2027,2,14,12.964,11.172
2027,2,15,15.491,10.98
2027,2,16,16.82,12.268
2027,2,17,18.491,12.672
2027,2,18,18.557,15.084
2027,2,19,21.385,17.651
2027,2,20,23.796,19.349
2027,2,21,25.592,20.997
2027,2,22,23.203,20.308
2027,2,23,21.228,23.42
2027,2,24,19.688,22.813
2027,2,25,17.408,17.733
2027,2,26,19.767,14.825
2027,2,27,22.244,14.265
2027,2,28,22.767,12.897
2027,3,1,17.23,13.437
2027,3,2,15.398,14.366
2027,3,3,17.712,15.063
2027,3,4,18.677,12.078
2027,3,5,19.516,11.32
2027,3,6,18.628,13.311
2027,3,7,15.387,14.299
2027,3,8,13.837,16.469
2027,3,9,15.172,20.179
2027,3,10,16.426,20.967
2027,3,11,14.716,23.739
2027,3,12,13.547,23.093
2027,3,13,16.036,22.309
2027,3,14,16.507,18.907
2027,3,15,14.876,15.84
2027,3,16,12.967,14.914
2027,3,17,13.192,13.675
2027,3,18,14.648,14.802
2027,3,19,16.745,20.728
2027,3,20,16.332,22.064
2027,3,21,15.139,20.333
2027,3,22,15.374,17.215
2027,3,23,16.472,19.424
2027,3,24,16.988,18.4
2027,3,25,16.885,16.818
2027,3,26,16.255,16.265
2027,3,27,20.976,18.06
2027,3,28,19.577,20.094
2027,3,29,18.957,22.727
2027,3,30,23.616,20.617
2027,3,31,24.211,19.45
2027,4,1,24.534,13.871
2027,4,2,16.288,18.853
2027,4,3,15.19,19.176
2027,4,4,16.918,21.567
2027,4,5,16.526,21.474
2027,4,6,13.754,27.43
2027,4,7,16.278,28.496
2027,4,8,20.224,23.711
2027,4,9,21.18,24.044
2027,4,10,16.557,19.546
2027,4,11,17.261,17.137
2027,4,12,19.541,16.159
2027,4,13,24.733,14.374
2027,4,14,25.725,16.536
2027,4,15,28.282,15.697
2027,4,16,25.693,13.077
2027,4,17,20.582,14.966
2027,4,18,21.161,18.627
2027,4,19,21.481,17.162
2027,4,20,19.611,18.377
2027,4,21,18.131,15.482
2027,4,22,16.675,9.753
2027,4,23,15.751,11.707
2027,4,24,17.04,14.778
2027,4,25,17.724,18.017
2027,4,26,18.617,19.219
2027,4,27,18.978,14.664
2027,4,28,19.114,19.108
2027,4,29,17.614,22.391
2027,4,30,14.826,23.84
2027,5,1,14.436,23.774
2027,5,2,17.422,24.79
2027,5,3,18.572,27.017
2027,5,4,18.803,25.633
2027,5,5,18.817,22.827
2027,5,6,21.911,23.924
2027,5,7,21.735,20.997
2027,5,8,21.151,20.515
2027,5,9,10.406,21.898
2027,5,10,7.713,24.191
2027,5,11,14.868,27.596
2027,5,12,21.546,30.874
2027,5,13,26.638,30.776
2027,5,14,33.262,33.147
2027,5,15,28.897,31.331
2027,5,16,23.137,26.432
2027,5,17,18.54,23.511
2027,5,18,22.269,25.902
2027,5,19,24.596,27.395
2027,5,20,22.639,28.387
2027,5,21,23.113,30.157
2027,5,22,22.178,28.764
2027,5,23,25.058,26.86
2027,5,24,25.482,27.579
2027,5,25,25.872,29.877
2027,5,26,25.175,30.78
2027,5,27,21.583,30.127
2027,5,28,21.331,31.014
2027,5,29,21.48,28.618
2027,5,30,21.915,27.235
2027,5,31,29.188,27.311
2027,6,1,26.217,27.431
2027,6,2,25.369,28.296
2027,6,3,24.56,30.588
2027,6,4,28.43,34.129
2027,6,5,32.004,38.564
2027,6,6,31.83,38.545
2027,6,7,29.158,39.275
2027,6,8,26.757,41.786
2027,6,9,24.041,41.172
2027,6,10,23.388,40.062
2027,6,11,24.43,38.83
2027,6,12,26.041,37.58
2027,6,13,21.322,36.397
2027,6,14,22.584,37.541
2027,6,15,22.862,38.739
2027,6,16,26.41,38.93
2027,6,17,31.118,36.762
2027,6,18,32.25,36.825
2027,6,19,34.099,36.84
2027,6,20,34.759,36.152
2027,6,21,35.823,35.294
2027,6,22,36.036,35.581
2027,6,23,36.655,36.588
2027,6,24,37.644,37.393
2027,6,25,39.309,38.887
2027,6,26,38.256,33.791
2027,6,27,39.763,32.889
2027,6,28,39.388,27.872
2027,6,29,38.24,33.516
2027,6,30,37.665,32.779
2027,7,1,37.091,36.651
2027,7,2,36.591,38.392
2027,7,3,36.24,38.821
2027,7,4,34.557,40.112
2027,7,5,31.119,40.53
2027,7,6,32.744,39.367
2027,7,7,36.108,39.823
2027,7,8,37.886,40.453
2027,7,9,38.779,40.767
2027,7,10,35.83,37.468
2027,7,11,30.644,38.887
2027,7,12,30.935,38.49
2027,7,13,32.804,37.787
2027,7,14,36.154,38.46
2027,7,15,35.525,35.731
2027,7,16,34.452,36.861
2027,7,17,31.694,36.551
2027,7,18,34.564,37.925
2027,7,19,34.988,39.524
2027,7,20,33.434,38.272
2027,7,21,33.645,37.983
2027,7,22,37.4,34.894
2027,7,23,36.309,34.617
2027,7,24,34.194,35.734
2027,7,25,35.084,32.681
2027,7,26,37.718,29.882
2027,7,27,36.792,33.067
2027,7,28,33.6,36.736
2027,7,29,33.639,39.376
2027,7,30,33.684,42.439
2027,7,31,33.518,40.999
2027,8,1,34.265,44.494
2027,8,2,34.549,41.185
2027,8,3,33.408,40.746
2027,8,4,33.031,39.993
2027,8,5,33.786,40.789
2027,8,6,35.77,42.146
2027,8,7,38.946,43.743
2027,8,8,38.795,43.738
2027,8,9,37.065,44.047
2027,8,10,39.018,41.788
2027,8,11,38.535,40.573
2027,8,12,34.523,36.498
2027,8,13,32.336,32.295
2027,8,14,33.369,30.164
2027,8,15,35.592,31.61
2027,8,16,36.581,31.621
2027,8,17,35.19,31.113
2027,8,18,32.244,28.84
2027,8,19,33.654,29.091
2027,8,20,37.985,30.734
2027,8,21,36.461,30.054
2027,8,22,35.831,28.271
2027,8,23,33.803,25.929
2027,8,24,35.49,24.833
2027,8,25,35.767,26.578
2027,8,26,36.13,30.243
2027,8,27,36.908,31.793
2027,8,28,37.532,35.007
2027,8,29,39.575,38.987
2027,8,30,38.359,40.026
2027,8,31,36.09,38.849
2027,9,1,35.082,36.29
2027,9,2,34.777,33.836
2027,9,3,35.085,36.172
2027,9,4,35.241,36.864
2027,9,5,32.446,37.5
2027,9,6,29.013,38.077
2027,9,7,27.256,42.041
2027,9,8,32.506,44.299
2027,9,9,32.102,41.704
2027,9,10,30.192,40.928
2027,9,11,31.159,38.85
2027,9,12,28.802,37.74
2027,9,13,30.35,36.805
2027,9,14,30.764,39.032
2027,9,15,21.555,38.088
2027,9,16,20.244,34.642
2027,9,17,25.005,31.093
2027,9,18,31.979,28.318
2027,9,19,33.884,25.567
2027,9,20,36.654,22.147
2027,9,21,36.886,21.203
2027,9,22,34.854,23.154
2027,9,23,35.325,20.868
2027,9,24,35.304,21.518
2027,9,25,31.687,23.019
2027,9,26,29.67,25.509
2027,9,27,25.312,27.518
2027,9,28,22.279,27.744
2027,9,29,24.211,27.381
2027,9,30,19.265,30.234
2027,10,1,23.956,30.433
2027,10,2,24.712,27.821
2027,10,3,27.114,26.729
2027,10,4,23.883,26.415
2027,10,5,22.881,28.302
2027,10,6,22.947,28.13
2027,10,7,23.396,28.679
2027,10,8,27.298,27.625
2027,10,9,26.873,22.676
2027,10,10,25.28,21.139
2027,10,11,23.25,19.834
2027,10,12,26.665,17.792
2027,10,13,30.268,18.231
2027,10,14,30.051,19.479
2027,10,15,20.448,24.375
2027,10,16,19.568,25.758
2027,10,17,20.381,27.25
2027,10,18,22.456,28.673
2027,10,19,22.781,29.561
2027,10,20,23.161,27.76
2027,10,21,23.19,23.025
2027,10,22,28.939,20.581
2027,10,23,23.888,19.805
2027,10,24,25.517,21.509
2027,10,25,23.284,22.076
2027,10,26,23.35,24.882
2027,10,27,23.437,28.119
2027,10,28,23.764,30.956
2027,10,29,22.624,32.431
2027,10,30,23.161,31.447
2027,10,31,22.115,29.369
2027,11,1,19.829,27.734
2027,11,2,16.618,24.426
2027,11,3,15.466,18.711
2027,11,4,17.16,17.614
2027,11,5,18.779,18.855
2027,11,6,22.689,18.448
2027,11,7,21.626,13.282
2027,11,8,22.465,13.069
2027,11,9,22.749,16.678
2027,11,10,23.711,17.729
2027,11,11,24.15,16.884
2027,11,12,22.013,17.468
2027,11,13,16.455,18.912
2027,11,14,19.429,18.569
2027,11,15,20.179,17.415
2027,11,16,19.226,13.959
2027,11,17,14.601,13.8
2027,11,18,15.816,16.025
2027,11,19,15.684,17.392
2027,11,20,14.99,17.341
2027,11,21,13.825,15.034
2027,11,22,12.254,17.297
2027,11,23,14.682,17.338
2027,11,24,14.605,19.285
2027,11,25,14.349,18.621
2027,11,26,16.571,18.032
2027,11,27,16.282,13.588
2027,11,28,15.639,11.343
2027,11,29,15.72,12.676
2027,11,30,13.301,11.529
2027,12,1,13.007,9.193
2027,12,2,13.457,12.31
2027,12,3,14.743,12.859
2027,12,4,16.961,14.158
2027,12,5,17.472,12.25
2027,12,6,17.82,11.395
2027,12,7,16.641,9.614
2027,12,8,14.92,9.098
2027,12,9,15.445,11.847
2027,12,10,15.32,15.289
2027,12,11,13.125,14.327
2027,12,12,13.095,15.806
2027,12,13,11.834,15.133
2027,12,14,17.005,12.72
2027,12,15,12.735,13.137
2027,12,16,11.565,13.297
2027,12,17,12.706,14.694
2027,12,18,12.859,12.646
2027,12,19,15.303,16.061
2027,12,20,16.916,16.667
2027,12,21,16.247,18.718
2027,12,22,13.718,18.905
2027,12,23,15.383,20.331
2027,12,24,15.006,17.401
2027,12,25,14.189,19.344
2027,12,26,12.786,19.677
2027,12,27,10.42,18.207
2027,12,28,12.117,14.737
2027,12,29,12.597,15.089
2027,12,30,13.428,15.568
2027,12,31,16.442,16.224
2028,1,1,13.324,15.092
2028,1,2,15.046,15.717
2028,1,3,10.683,18.079
2028,1,4,12.456,18.555
2028,1,5,13.752,16.988
2028,1,6,14.728,18.061
2028,1,7,13.929,15.93
2028,1,8,12.058,14.727
2028,1,9,13.175,14.329
2028,1,10,17.518,14.871
2028,1,11,17.656,13.668
2028,1,12,17.245,14.473
2028,1,13,18.133,12.259
2028,1,14,15.974,12.729
2028,1,15,18.666,13.342
2028,1,16,16.227,11.27
2028,1,17,15.498,11.56
2028,1,18,14.152,12.651
2028,1,19,11.742,14.47
2028,1,20,12.093,15.053
2028,1,21,14.137,9.614
2028,1,22,18.178,10.229
2028,1,23,17.438,10.061
2028,1,24,19.495,11.535
2028,1,25,20.099,12.188
2028,1,26,18.939,10.471
2028,1,27,16.471,12.462
2028,1,28,10.575,13.695
2028,1,29,9.654,16.709
2028,1,30,11.699,16.071
2028,1,31,11.927,14.64
2028,2,1,12.935,11.021
2028,2,2,11.43,12.627
2028,2,3,12.647,13.317
2028,2,4,14.898,16.698
2028,2,5,15.779,17.013
2028,2,6,17.595,13.676
2028,2,7,14.639,12.428
2028,2,8,12.639,8.583
2028,2,9,12.069,8.769
2028,2,10,18.16,10.721
2028,2,11,15.125,10.808
2028,2,12,15.751,11.922
2028,2,13,15.996,11.249
2028,2,14,16.636,10.024
2028,2,15,15.946,10.849
2028,2,16,11.332,11.213
2028,2,17,11.65,10.945
2028,2,18,14.675,14.239
2028,2,19,16.715,13.56
2028,2,20,14.655,18.489
2028,2,21,13.85,19.72
2028,2,22,11.979,22.183
2028,2,23,9.777,23.569
2028,2,24,9.204,22.237
2028,2,25,7.748,21.23
2028,2,26,11.768,16.972
2028,2,27,13.244,14.159
2028,2,28,12.531,14.597
2028,2,29,13.952,13.682
2028,3,1,15.857,15.004
2028,3,2,19.691,15.456
2028,3,3,23.17,15.138
2028,3,4,20.795,14.774
2028,3,5,20.319,16.465
2028,3,6,17.141,18.564
2028,3,7,18.259,20.03
2028,3,8,17.469,20.007
2028,3,9,17.375,20.198
2028,3,10,17.91,20.754
2028,3,11,19.503,21.093
2028,3,12,18.911,21.993
2028,3,13,16.811,22.026
2028,3,14,16.445,20.748
2028,3,15,16.673,21.392
2028,3,16,15.764,25.142
2028,3,17,12.451,24.495
2028,3,18,11.665,20.591
2028,3,19,12.767,18.112
2028,3,20,11.984,17.243
2028,3,21,15.273,15.056
2028,3,22,17.042,10.848
2028,3,23,20.816,11.547
2028,3,24,16.731,16.035
2028,3,25,13.93,18.473
2028,3,26,19.293,18.584
2028,3,27,21.395,18.83
2028,3,28,25.535,16.947
2028,3,29,25.492,16.393
2028,3,30,26.707,17.351
2028,3,31,25.895,20.663
2028,4,1,24.307,21.248
2028,4,2,24.522,18.117
2028,4,3,23.346,13.466
2028,4,4,26.037,19.219
2028,4,5,28.032,20.706
2028,4,6,28.884,23.41
2028,4,7,25.26,25.492
2028,4,8,21.673,28.447
2028,4,9,20.701,23.77
2028,4,10,17.925,20.508
2028,4,11,17.268,16.231
2028,4,12,18.081,14.415
2028,4,13,14.595,18.172
2028,4,14,12.592,23.532
2028,4,15,15.566,23.647
2028,4,16,21.538,24.983
2028,4,17,22.841,24.467
2028,4,18,22.268,22.883
2028,4,19,18.929,19.248
2028,4,20,14.869,20.479
2028,4,21,16.803,17.603
2028,4,22,18.556,16.892
2028,4,23,22.414,16.358
2028,4,24,25.318,18.142
2028,4,25,21.378,9.43
2028,4,26,16.901,8.744
2028,4,27,16.79,9.893
2028,4,28,22.276,8.584
2028,4,29,24.565,7.774
2028,4,30,26.261,17.539
2028,5,1,30.328,18.908
2028,5,2,31.515,19.646
2028,5,3,32.428,14.901
2028,5,4,30.372,12.078
2028,5,5,27.934,18.927
2028,5,6,30.227,22.597
2028,5,7,28.761,22.6
2028,5,8,30.691,25.454
2028,5,9,29.092,27.164
2028,5,10,27.818,27.806
2028,5,11,30.435,28.522
2028,5,12,30.747,26.162
2028,5,13,30.768,26.876
2028,5,14,31.269,24.121
2028,5,15,32.751,21.576
2028,5,16,32.753,22.815
2028,5,17,35.4,21.409
2028,5,18,32.115,20.329
2028,5,19,30.671,17.5
2028,5,20,29.965,18.876
2028,5,21,30.946,19.367
2028,5,22,28.105,22.417
2028,5,23,26.709,25.796
2028,5,24,25.483,27.092
2028,5,25,27.118,29.389
2028,5,26,31.0,28.877
2028,5,27,33.217,21.3
2028,5,28,33.991,20.702
2028,5,29,34.247,24.169
2028,5,30,32.786,24.978
2028,5,31,28.326,26.256
2028,6,1,28.971,24.421
2028,6,2,30.751,25.823
2028,6,3,33.656,24.515
2028,6,4,36.594,23.422
2028,6,5,36.945,24.332
2028,6,6,33.386,25.791
2028,6,7,28.95,27.021
2028,6,8,27.32,25.629
2028,6,9,30.2,23.461
2028,6,10,34.169,27.703
2028,6,11,33.065,32.078
2028,6,12,29.394,33.648
2028,6,13,36.071,33.813
2028,6,14,39.212,34.678
2028,6,15,37.814,35.361
2028,6,16,36.93,33.142
2028,6,17,36.524,31.608
2028,6,18,35.393,28.986
2028,6,19,33.599,25.12
2028,6,20,34.242,20.555
2028,6,21,35.863,22.056
2028,6,22,35.524,30.865
2028,6,23,33.33,29.536
2028,6,24,32.485,25.818
2028,6,25,34.498,30.598
2028,6,26,35.041,32.864
2028,6,27,34.534,33.108
2028,6,28,31.985,32.107
2028,6,29,35.191,31.802
2028,6,30,35.897,30.226
2028,7,1,35.635,30.573
2028,7,2,36.092,31.264
2028,7,3,35.973,38.159
2028,7,4,35.528,40.262
2028,7,5,34.953,41.056
2028,7,6,34.062,40.558
2028,7,7,31.956,39.573
2028,7,8,30.825,34.707
2028,7,9,32.114,36.513
2028,7,10,34.118,40.632
2028,7,11,35.495,40.093
2028,7,12,34.782,40.186
2028,7,13,37.396,38.621
2028,7,14,41.288,37.004
2028,7,15,40.561,35.817
2028,7,16,41.738,38.322
2028,7,17,40.666,39.302
2028,7,18,40.447,40.777
2028,7,19,40.935,42.147
2028,7,20,42.552,40.879
2028,7,21,41.529,39.272
2028,7,22,41.283,41.131
2028,7,23,40.379,39.969
2028,7,24,40.85,39.198
2028,7,25,41.403,40.337
2028,7,26,39.62,40.64
2028,7,27,37.686,41.011
2028,7,28,34.112,39.201
2028,7,29,34.785,34.815
2028,7,30,34.558,29.805
2028,7,31,33.982,30.064
2028,8,1,35.499,33.726
2028,8,2,37.697,33.556
2028,8,3,39.727,33.351
2028,8,4,39.426,33.223
2028,8,5,39.773,33.451
2028,8,6,39.521,38.849
2028,8,7,40.005,41.722
2028,8,8,38.962,38.552
2028,8,9,38.182,30.64
2028,8,10,37.178,31.163
2028,8,11,35.96,30.908
2028,8,12,36.265,32.739
2028,8,13,37.991,37.84
2028,8,14,33.63,38.417
2028,8,15,29.118,38.04
2028,8,16,31.267,36.74
2028,8,17,34.737,37.744
2028,8,18,35.113,35.774
2028,8,19,33.973,35.665
2028,8,20,31.896,36.891
2028,8,21,31.964,36.586
2028,8,22,29.058,35.913
2028,8,23,25.231,35.216
2028,8,24,28.991,33.726
2028,8,25,31.043,33.044
2028,8,26,32.979,35.792
2028,8,27,38.314,34.256
2028,8,28,37.644,35.235
2028,8,29,38.074,33.193
2028,8,30,33.135,34.119
2028,8,31,31.104,34.774
2028,9,1,32.977,34.61
2028,9,2,27.308,35.492
2028,9,3,22.534,31.816
2028,9,4,28.118,30.549
2028,9,5,31.279,33.879
2028,9,6,30.881,35.102
2028,9,7,32.764,35.725
2028,9,8,31.249,37.529
2028,9,9,32.125,36.054
2028,9,10,32.396,35.686
2028,9,11,36.117,37.678
2028,9,12,34.768,35.732
2028,9,13,37.454,34.246
2028,9,14,36.35,33.156
2028,9,15,37.286,34.719
2028,9,16,37.605,37.629
2028,9,17,33.534,37.268
2028,9,18,32.162,38.541
2028,9,19,32.245,36.116
2028,9,20,30.159,32.021
2028,9,21,29.566,31.248
2028,9,22,28.857,30.325
2028,9,23,26.986,30.578
2028,9,24,22.078,28.723
2028,9,25,25.677,28.053
2028,9,26,22.01,28.101
2028,9,27,22.888,29.481
2028,9,28,27.261,27.727
2028,9,29,25.802,29.694
2028,9,30,22.874,29.326
2028,10,1,22.736,25.14
2028,10,2,27.059,27.174
2028,10,3,31.236,28.317
2028,10,4,29.903,28.545
2028,10,5,26.597,22.428
2028,10,6,24.746,20.332
2028,10,7,26.301,21.118
2028,10,8,27.857,24.354
2028,10,9,25.136,25.427
2028,10,10,19.418,25.855
2028,10,11,18.945,27.873
2028,10,12,20.992,29.298
2028,10,13,20.807,28.872
2028,10,14,21.666,26.082
2028,10,15,23.297,19.993
2028,10,16,23.058,23.141
2028,10,17,23.908,22.557
2028,10,18,26.591,23.492
2028,10,19,26.175,22.042
2028,10,20,25.973,16.518
2028,10,21,24.971,16.152
2028,10,22,23.406,15.881
2028,10,23,27.541,14.852
2028,10,24,27.708,11.917
2028,10,25,28.573,13.851
2028,10,26,26.892,13.262
2028,10,27,26.793,16.149
2028,10,28,28.674,16.288
2028,10,29,27.101,13.844
2028,10,30,24.004,18.309
2028,10,31,21.421,20.593
2028,11,1,18.802,18.269
2028,11,2,19.016,19.586
2028,11,3,19.848,18.881
2028,11,4,19.644,20.9
2028,11,5,24.196,20.993
2028,11,6,21.482,22.856
2028,11,7,17.984,22.189
2028,11,8,18.963,20.882
2028,11,9,20.678,20.827
2028,11,10,22.454,20.843
2028,11,11,23.027,21.358
2028,11,12,23.093,22.607
2028,11,13,22.391,23.302
2028,11,14,16.24,21.035
2028,11,15,11.944,22.201
2028,11,16,10.279,20.687
2028,11,17,13.881,18.646
2028,11,18,13.656,19.657
2028,11,19,14.47,14.881
2028,11,20,10.006,13.108
2028,11,21,8.693,11.73
2028,11,22,14.648,14.506
2028,11,23,11.531,15.39
2028,11,24,10.139,17.213
2028,11,25,7.773,15.886
2028,11,26,8.762,15.426
2028,11,27,8.624,16.863
2028,11,28,8.424,14.966
2028,11,29,11.037,14.024
2028,11,30,13.682,12.988
2028,12,1,16.45,14.177
2028,12,2,16.529,14.373
2028,12,3,16.603,14.243
2028,12,4,14.643,16.346
2028,12,5,17.667,17.729
2028,12,6,17.462,18.258
2028,12,7,15.943,16.465
2028,12,8,15.308,13.071
2028,12,9,13.084,9.149
2028,12,10,15.84,9.483
2028,12,11,14.339,8.543
2028,12,12,15.109,10.008
2028,12,13,18.114,11.364
2028,12,14,17.156,13.887
2028,12,15,16.236,13.326
2028,12,16,12.192,15.013
2028,12,17,14.651,15.024
2028,12,18,10.827,14.924
2028,12,19,14.335,15.453
2028,12,20,14.339,14.229
2028,12,21,14.233,14.777
2028,12,22,18.04,17.409
2028,12,23,18.33,20.353
2028,12,24,20.543,17.889
2028,12,25,20.906,15.849
2028,12,26,13.629,18.037
2028,12,27,10.824,18.995
2028,12,28,8.684,14.209
2028,12,29,10.84,15.223
2028,12,30,12.663,15.22
2028,12,31,10.793,16.156
2029,1,1,11.419,17.284
2029,1,2,13.29,14.949
2029,1,3,10.764,13.86
2029,1,4,9.875,11.609
2029,1,5,11.365,7.959
2029,1,6,12.082,9.262
2029,1,7,11.579,11.481
2029,1,8,14.003,13.765
2029,1,9,13.624,12.51
2029,1,10,20.518,14.582
2029,1,11,17.143,12.599
2029,1,12,16.291,12.373
2029,1,13,16.243,10.406
2029,1,14,17.741,9.751
2029,1,15,17.435,9.302
2029,1,16,15.468,9.507
2029,1,17,15.249,10.374
2029,1,18,17.605,11.376
2029,1,19,16.614,12.518
2029,1,20,13.918,14.062
2029,1,21,15.82,13.711
2029,1,22,14.443,14.531
2029,1,23,15.55,11.814
2029,1,24,13.855,11.501
2029,1,25,14.039,14.412
2029,1,26,18.905,17.429
2029,1,27,14.473,17.069
2029,1,28,11.415,14.571
2029,1,29,13.791,16.435
2029,1,30,13.4,19.834
2029,1,31,12.296,19.503
2029,2,1,10.589,19.502
2029,2,2,10.561,11.729
2029,2,3,8.257,9.65
2029,2,4,11.168,11.628
2029,2,5,13.278,14.118
2029,2,6,13.615,13.18
2029,2,7,11.241,12.91
2029,2,8,10.481,13.174
2029,2,9,11.864,14.623
2029,2,10,11.232,13.435
2029,2,11,10.182,16.184
2029,2,12,13.26,14.78
2029,2,13,11.194,14.844
2029,2,14,12.977,16.64
2029,2,15,15.618,19.442
2029,2,16,15.53,18.305
2029,2,17,12.108,18.578
2029,2,18,14.381,15.289
2029,2,19,16.053,15.261
2029,2,20,16.562,9.114
2029,2,21,11.381,11.734
2029,2,22,9.445,11.761
2029,2,23,13.336,14.903
2029,2,24,18.773,18.952
2029,2,25,18.821,20.088
2029,2,26,14.63,18.974
2029,2,27,14.717,16.869
2029,2,28,17.022,18.025
2029,3,1,18.698,18.481
2029,3,2,20.526,16.595
2029,3,3,22.676,15.992
2029,3,4,21.39,17.029
2029,3,5,20.872,16.255
2029,3,6,18.833,16.647
2029,3,7,18.307,17.713
2029,3,8,19.44,21.926
2029,3,9,19.869,21.781
2029,3,10,16.746,18.692
2029,3,11,13.244,16.019
2029,3,12,16.348,14.876
2029,3,13,18.868,16.529
2029,3,14,21.519,15.46
2029,3,15,19.681,18.806
2029,3,16,18.866,18.826
2029,3,17,13.876,20.083
2029,3,18,16.507,19.767
2029,3,19,18.978,14.31
2029,3,20,19.813,14.939
2029,3,21,19.964,16.862
2029,3,22,20.812,20.793
2029,3,23,19.945,24.187
2029,3,24,17.994,20.828
2029,3,25,18.343,18.873
2029,3,26,21.837,18.226
2029,3,27,21.426,18.074
2029,3,28,24.908,21.586
2029,3,29,25.047,23.829
2029,3,30,23.763,26.249
2029,3,31,24.869,25.685
2029,4,1,19.672,23.594
2029,4,2,17.271,25.44
2029,4,3,18.257,25.869
2029,4,4,21.21,26.045
2029,4,5,23.635,25.297
2029,4,6,27.843,24.62
2029,4,7,29.74,22.967
2029,4,8,29.672,20.144
2029,4,9,29.69,25.04
2029,4,10,27.053,27.376
2029,4,11,22.582,26.967
2029,4,12,22.608,21.793
2029,4,13,19.425,18.075
2029,4,14,21.41,15.623
2029,4,15,19.666,17.342
2029,4,16,24.824,18.204
2029,4,17,22.596,13.915
2029,4,18,21.657,7.118
2029,4,19,23.846,10.546
2029,4,20,22.97,12.942
2029,4,21,25.008,18.842
2029,4,22,23.9,22.661
2029,4,23,23.85,24.125
2029,4,24,23.232,22.042
2029,4,25,25.588,21.874
2029,4,26,30.19,22.053
2029,4,27,29.148,24.503
2029,4,28,27.947,23.53
2029,4,29,28.422,24.607
2029,4,30,22.428,27.313
2029,5,1,16.463,28.865
2029,5,2,17.79,30.227
2029,5,3,24.34,28.266
2029,5,4,28.315,30.011
2029,5,5,29.526,30.16
2029,5,6,23.004,29.736
2029,5,7,18.286,30.164
2029,5,8,19.959,30.699
2029,5,9,15.12,25.774
2029,5,10,13.5,25.924
2029,5,11,19.533,23.499
2029,5,12,26.196,24.574
2029,5,13,28.081,31.243
2029,5,14,27.898,29.852
2029,5,15,27.087,31.015
2029,5,16,28.558,33.966
2029,5,17,27.481,34.26
2029,5,18,27.88,30.266
2029,5,19,29.976,30.204
2029,5,20,33.105,25.867
2029,5,21,30.414,22.525
2029,5,22,30.099,24.994
2029,5,23,30.11,29.275
2029,5,24,29.554,28.177
2029,5,25,32.472,28.183
2029,5,26,31.853,26.771
2029,5,27,28.576,23.737
2029,5,28,32.016,20.504
2029,5,29,29.943,21.829
2029,5,30,24.856,25.562
2029,5,31,23.759,33.196
2029,6,1,23.325,38.429
2029,6,2,23.975,40.281
2029,6,3,26.609,40.597
2029,6,4,27.754,38.722
2029,6,5,32.189,38.46
2029,6,6,33.762,39.065
2029,6,7,35.069,29.683
2029,6,8,33.106,28.427
2029,6,9,36.281,29.096
2029,6,10,37.787,30.309
2029,6,11,37.273,30.853
2029,6,12,33.87,30.873
2029,6,13,34.165,28.654
2029,6,14,34.558,26.785
2029,6,15,34.522,27.426
2029,6,16,35.919,21.637
2029,6,17,38.484,22.757
2029,6,18,40.051,30.348
2029,6,19,38.486,31.743
2029,6,20,35.378,33.359
2029,6,21,33.419,32.047
2029,6,22,32.493,36.263
2029,6,23,31.476,38.339
2029,6,24,30.025,38.871
2029,6,25,34.738,38.168
2029,6,26,39.154,39.879
2029,6,27,38.228,40.038
2029,6,28,39.23,39.527
2029,6,29,37.436,38.295
2029,6,30,39.261,37.698
2029,7,1,36.458,34.881
2029,7,2,33.679,36.14
2029,7,3,32.378,39.929
2029,7,4,34.192,41.731
2029,7,5,36.852,42.151
2029,7,6,36.854,40.94
2029,7,7,37.481,39.047
2029,7,8,37.756,35.138
2029,7,9,37.005,33.174
2029,7,10,36.334,33.007
2029,7,11,37.512,37.207
2029,7,12,36.807,36.169
2029,7,13,34.86,34.843
2029,7,14,36.568,32.87
2029,7,15,37.83,31.398
2029,7,16,37.377,33.304
2029,7,17,38.433,35.801
2029,7,18,36.241,37.243
2029,7,19,37.795,37.256
2029,7,20,38.687,38.362
2029,7,21,39.214,38.177
2029,7,22,37.9,35.445
2029,7,23,36.995,31.335
2029,7,24,37.264,30.753
2029,7,25,39.951,34.447
2029,7,26,41.035,34.753
2029,7,27,39.841,36.528
2029,7,28,38.621,33.302
2029,7,29,40.136,33.998
2029,7,30,40.543,35.814
2029,7,31,40.817,33.722
2029,8,1,36.281,35.17
2029,8,2,32.283,35.357
2029,8,3,30.749,32.432
2029,8,4,28.997,34.784
2029,8,5,32.081,36.001
2029,8,6,31.339,37.151
2029,8,7,32.961,35.998
2029,8,8,32.657,37.559
2029,8,9,36.471,37.086
2029,8,10,36.862,38.708
2029,8,11,40.733,40.22
2029,8,12,41.453,41.138
2029,8,13,40.639,38.982
2029,8,14,41.507,39.635
2029,8,15,40.391,36.53
2029,8,16,41.036,36.078
2029,8,17,42.143,37.32
2029,8,18,43.92,32.272
2029,8,19,44.361,24.32
2029,8,20,41.409,27.128
2029,8,21,39.517,31.807
2029,8,22,39.184,34.493
2029,8,23,36.906,35.523
2029,8,24,39.562,37.205
2029,8,25,35.126,40.792
2029,8,26,33.662,40.09
2029,8,27,33.578,36.898
2029,8,28,36.217,36.171
2029,8,29,36.049,35.945
2029,8,30,37.607,33.314
2029,8,31,38.113,31.93
2029,9,1,34.938,32.257
2029,9,2,34.185,33.863
2029,9,3,35.6,26.95
2029,9,4,31.589,35.786
2029,9,5,35.151,36.484
2029,9,6,38.961,38.98
2029,9,7,41.466,39.886
2029,9,8,41.05,40.793
2029,9,9,39.585,41.671
2029,9,10,36.508,42.014
2029,9,11,33.668,40.543
2029,9,12,34.642,32.841
2029,9,13,36.849,23.824
2029,9,14,34.511,22.794
2029,9,15,32.348,29.969
2029,9,16,35.08,28.722
2029,9,17,33.717,31.343
2029,9,18,30.529,26.194
2029,9,19,32.488,23.361
2029,9,20,33.867,24.536
2029,9,21,34.856,28.176
2029,9,22,34.23,25.642
2029,9,23,32.661,21.915
2029,9,24,30.13,15.966
2029,9,25,29.149,24.768
2029,9,26,27.968,29.02
2029,9,27,28.945,32.695
2029,9,28,27.964,34.122
2029,9,29,29.381,34.391
2029,9,30,28.664,32.566
2029,10,1,30.166,32.897
2029,10,2,34.097,32.543
2029,10,3,32.531,32.049
2029,10,4,33.175,28.353
2029,10,5,33.33,24.778
2029,10,6,34.299,27.225
2029,10,7,31.597,29.321
2029,10,8,26.188,34.472
2029,10,9,25.223,32.777
2029,10,10,24.873,26.432
2029,10,11,18.218,26.556
2029,10,12,17.636,24.71
2029,10,13,20.122,23.287
2029,10,14,19.693,24.832
2029,10,15,22.462,29.405
2029,10,16,22.711,32.233
2029,10,17,21.929,34.9
2029,10,18,23.426,32.94
2029,10,19,23.987,33.014
2029,10,20,26.256,32.73
2029,10,21,26.169,33.431
2029,10,22,26.755,33.498
2029,10,23,27.059,33.602
2029,10,24,25.391,30.415
2029,10,25,22.681,27.057
2029,10,26,26.683,26.366
2029,10,27,21.357,24.206
2029,10,28,20.201,20.603
2029,10,29,21.479,18.083
2029,10,30,25.771,18.612
2029,10,31,28.823,18.693
2029,11,1,27.334,17.944
2029,11,2,26.436,17.509
2029,11,3,25.186,16.85
2029,11,4,21.937,17.052
2029,11,5,15.327,16.155
2029,11,6,16.428,14.619
2029,11,7,18.651,16.677
2029,11,8,18.162,17.77
2029,11,9,11.745,19.702
2029,11,10,12.248,19.831
2029,11,11,19.231,19.846
2029,11,12,22.591,15.928
2029,11,13,22.648,14.937
2029,11,14,20.93,13.584
2029,11,15,20.918,15.371
2029,11,16,22.545,16.255
2029,11,17,17.65,15.131
2029,11,18,15.065,15.203
2029,11,19,12.389,13.558
2029,11,20,11.046,12.289
2029,11,21,13.661,11.49
2029,11,22,13.948,16.01
2029,11,23,12.849,18.516
2029,11,24,14.501,18.164
2029,11,25,11.871,14.43
2029,11,26,12.822,14.924
2029,11,27,13.09,14.759
2029,11,28,12.163,16.284
2029,11,29,14.686,15.632
2029,11,30,11.777,15.799
2029,12,1,11.603,14.483
2029,12,2,13.045,17.409
2029,12,3,10.012,21.204
2029,12,4,8.396,18.962
2029,12,5,11.044,18.698
2029,12,6,11.361,17.732
2029,12,7,12.46,16.723
2029,12,8,15.022,20.424
2029,12,9,15.105,18.947
2029,12,10,11.218,18.522
2029,12,11,10.619,16.021
2029,12,12,11.92,14.655
2029,12,13,12.624,17.913
2029,12,14,14.927,18.555
2029,12,15,14.639,12.627
2029,12,16,15.178,12.089
2029,12,17,15.828,10.363
2029,12,18,17.001,14.099
2029,12,19,13.788,11.6
2029,12,20,13.006,10.565
2029,12,21,15.341,10.993
2029,12,22,13.324,8.744
2029,12,23,12.813,9.406
2029,12,24,11.164,11.872
2029,12,25,7.147,12.096
2029,12,26,5.837,14.471
2029,12,27,10.938,13.86
2029,12,28,10.614,12.045
2029,12,29,14.042,10.432
2029,12,30,14.267,14.949
2029,12,31,12.133,16.863
2030,1,1,12.203,17.216
2030,1,2,11.115,15.289
2030,1,3,12.358,17.073
2030,1,4,13.186,16.503
2030,1,5,13.337,18.062
2030,1,6,13.866,17.981
2030,1,7,12.513,15.061
2030,1,8,12.758,17.015
2030,1,9,12.817,16.438
2030,1,10,10.362,15.741
2030,1,11,7.401,12.422
2030,1,12,7.481,11.896
2030,1,13,13.059,12.048
2030,1,14,14.03,14.338
2030,1,15,14.056,16.416
2030,1,16,13.981,17.308
2030,1,17,17.562,15.974
2030,1,18,15.039,16.568
2030,1,19,14.988,15.198
2030,1,20,14.67,12.712
2030,1,21,12.401,12.906
2030,1,22,8.186,12.394
2030,1,23,11.304,9.951
2030,1,24,11.5,9.273
2030,1,25,12.338,12.423
2030,1,26,10.788,14.043
2030,1,27,11.227,13.841
2030,1,28,12.32,14.03
2030,1,29,16.434,14.153
2030,1,30,16.591,17.544
2030,1,31,19.05,16.84
2030,2,1,17.67,17.863
2030,2,2,20.601,15.839
2030,2,3,20.515,15.937
2030,2,4,19.329,14.21
2030,2,5,15.788,11.276
2030,2,6,14.914,10.917
2030,2,7,18.422,12.164
2030,2,8,18.916,10.975
2030,2,9,19.539,13.633
2030,2,10,21.139,12.29
2030,2,11,20.451,11.445
2030,2,12,21.427,9.063
2030,2,13,21.377,7.484
2030,2,14,14.099,9.105
2030,2,15,9.287,13.412
2030,2,16,13.503,14.96
2030,2,17,15.033,15.373
2030,2,18,16.635,14.213
2030,2,19,18.634,16.231
2030,2,20,22.172,13.748
2030,2,21,16.154,14.528
2030,2,22,14.589,16.399
2030,2,23,20.231,15.598
2030,2,24,19.69,16.422
2030,2,25,19.427,22.02
2030,2,26,20.932,23.285
2030,2,27,20.58,19.803
2030,2,28,18.895,19.424
2030,3,1,17.85,13.47
2030,3,2,13.386,12.973
2030,3,3,12.349,13.756
2030,3,4,12.896,10.674
2030,3,5,12.681,11.374
2030,3,6,13.009,12.182
2030,3,7,12.245,11.523
2030,3,8,14.036,14.048
2030,3,9,16.478,14.132
2030,3,10,17.752,15.135
2030,3,11,19.34,15.167
2030,3,12,21.071,12.501
2030,3,13,19.395,9.915
2030,3,14,17.711,14.197
2030,3,15,15.598,14.626
2030,3,16,13.436,15.865
2030,3,17,14.205,14.296
2030,3,18,18.632,16.39
2030,3,19,18.141,17.106
2030,3,20,18.339,16.1
2030,3,21,17.814,15.923
2030,3,22,15.349,15.093
2030,3,23,17.482,16.393
2030,3,24,21.961,17.874
2030,3,25,21.209,16.165
2030,3,26,19.01,11.459
2030,3,27,15.539,12.056
2030,3,28,15.035,15.429
2030,3,29,16.213,17.625
2030,3,30,15.381,21.586
2030,3,31,11.488,24.343
2030,4,1,10.5,24.543
2030,4,2,12.751,27.437
2030,4,3,20.345,28.291
2030,4,4,21.275,22.369
2030,4,5,17.677,15.384
2030,4,6,14.088,19.034
2030,4,7,12.829,24.631
2030,4,8,14.598,27.666
2030,4,9,16.264,26.069
2030,4,10,20.585,25.818
2030,4,11,20.145,21.032
2030,4,12,20.666,20.661
2030,4,13,18.082,24.034
2030,4,14,16.49,25.869
2030,4,15,19.322,25.199
2030,4,16,16.56,21.266
2030,4,17,13.012,19.158
2030,4,18,14.278,23.034
2030,4,19,18.525,28.145
2030,4,20,21.159,31.071
2030,4,21,22.428,31.889
2030,4,22,22.161,28.808
2030,4,23,22.081,28.111
2030,4,24,19.802,27.178
2030,4,25,15.534,25.431
2030,4,26,15.448,24.381
2030,4,27,22.148,25.17
2030,4,28,25.794,24.557
2030,4,29,26.025,23.096
2030,4,30,26.32,22.697
2030,5,1,27.733,22.056
2030,5,2,27.958,17.343
2030,5,3,26.872,17.216
2030,5,4,29.602,13.922
2030,5,5,27.378,10.292
2030,5,6,25.938,15.08
2030,5,7,28.196,19.572
2030,5,8,31.07,22.777
2030,5,9,28.233,21.74
2030,5,10,23.732,20.988
2030,5,11,19.366,20.727
2030,5,12,16.751,24.078
2030,5,13,16.878,27.202
2030,5,14,17.592,25.4
2030,5,15,17.056,27.46
2030,5,16,17.167,26.873
2030,5,17,25.142,26.309
2030,5,18,27.638,28.884
2030,5,19,29.86,30.288
2030,5,20,33.097,30.641
2030,5,21,35.373,29.978
2030,5,22,34.124,31.123
2030,5,23,32.24,28.753
2030,5,24,24.368,33.195
2030,5,25,23.034,31.57
2030,5,26,25.711,32.918
2030,5,27,24.013,32.625
2030,5,28,21.658,32.998
2030,5,29,25.569,31.055
2030,5,30,24.381,29.861
2030,5,31,24.579,31.55
2030,6,1,24.771,26.658
2030,6,2,22.677,23.333
2030,6,3,17.877,25.499
2030,6,4,15.005,26.084
2030,6,5,18.156,31.877
2030,6,6,18.884,35.427
2030,6,7,23.536,35.645
2030,6,8,25.082,36.745
2030,6,9,23.862,37.426
2030,6,10,22.661,36.737
2030,6,11,25.71,37.882
2030,6,12,28.854,38.352
2030,6,13,31.729,37.648
2030,6,14,31.022,35.592
2030,6,15,29.752,35.053
2030,6,16,24.45,34.764
2030,6,17,25.618,35.787
2030,6,18,29.283,35.72
2030,6,19,29.952,33.19
2030,6,20,32.403,30.914
2030,6,21,32.368,30.346
2030,6,22,32.145,31.276
2030,6,23,30.845,33.295
2030,6,24,29.708,34.902
2030,6,25,27.021,36.452
2030,6,26,30.176,36.499
2030,6,27,33.079,33.366
2030,6,28,35.721,36.119
2030,6,29,36.481,36.879
2030,6,30,36.136,36.952
2030,7,1,34.095,35.86
2030,7,2,31.016,35.063
2030,7,3,35.838,35.057
2030,7,4,37.811,36.973
2030,7,5,39.498,36.771
2030,7,6,38.771,33.93
2030,7,7,38.432,34.888
2030,7,8,40.081,34.957
2030,7,9,41.118,35.051
2030,7,10,40.983,35.38
2030,7,11,31.794,35.894
2030,7,12,32.61,33.004
2030,7,13,33.03,36.467
2030,7,14,33.378,35.376
2030,7,15,33.689,35.807
2030,7,16,30.294,40.754
2030,7,17,31.461,40.313
2030,7,18,32.941,42.183
2030,7,19,36.039,40.659
2030,7,20,37.554,39.127
2030,7,21,38.763,40.736
2030,7,22,41.146,42.047
2030,7,23,41.653,42.648
2030,7,24,41.412,43.222
2030,7,25,41.911,40.538
2030,7,26,42.265,40.146
2030,7,27,41.936,39.753
2030,7,28,42.135,38.584
2030,7,29,41.871,39.608
2030,7,30,39.291,38.89
2030,7,31,37.223,40.82
2030,8,1,36.242,39.074
2030,8,2,36.008,39.307
2030,8,3,37.356,38.203
2030,8,4,37.856,39.729
2030,8,5,35.398,38.426
2030,8,6,34.945,38.472
2030,8,7,34.581,40.488
2030,8,8,34.719,41.14
2030,8,9,36.918,40.23
2030,8,10,39.637,42.041
2030,8,11,40.103,41.886
2030,8,12,41.236,41.106
2030,8,13,35.624,35.238
2030,8,14,34.348,34.576
2030,8,15,37.316,34.648
2030,8,16,37.145,33.776
2030,8,17,37.017,33.26
2030,8,18,37.721,32.523
2030,8,19,38.73,35.65
2030,8,20,39.152,35.867
2030,8,21,37.042,35.484
2030,8,22,33.3,35.728
2030,8,23,34.605,36.269
2030,8,24,35.837,35.681
2030,8,25,37.679,34.603
2030,8,26,39.51,33.682
2030,8,27,38.483,36.18
2030,8,28,37.004,35.71
2030,8,29,34.852,35.528
2030,8,30,35.246,34.804
2030,8,31,36.819,35.315
2030,9,1,35.658,36.033
2030,9,2,35.959,36.45
2030,9,3,36.022,35.557
2030,9,4,38.146,35.298
2030,9,5,36.79,36.146
2030,9,6,34.471,37.557
2030,9,7,32.48,39.026
2030,9,8,34.265,37.513
2030,9,9,36.104,36.483
2030,9,10,36.937,35.499
2030,9,11,36.791,34.728
2030,9,12,35.593,32.239
2030,9,13,34.071,31.922
2030,9,14,31.177,25.864
2030,9,15,30.408,24.889
2030,9,16,31.101,29.668
2030,9,17,32.379,29.813
2030,9,18,29.783,30.652
2030,9,19,28.23,29.733
2030,9,20,29.265,32.067
2030,9,21,32.652,31.374
2030,9,22,31.565,33.7
2030,9,23,32.951,34.367
2030,9,24,37.164,32.811
2030,9,25,32.792,28.879
2030,9,26,29.272,28.612
2030,9,27,24.782,28.373
2030,9,28,23.632,28.93
2030,9,29,23.617,27.596
2030,9,30,23.74,27.091
2030,10,1,26.012,25.041
2030,10,2,28.191,24.646
2030,10,3,28.9,25.465
2030,10,4,29.023,25.364
2030,10,5,26.123,26.259
2030,10,6,22.684,27.937
2030,10,7,19.656,30.404
2030,10,8,24.629,28.526
2030,10,9,26.036,25.49
2030,10,10,30.203,22.407
2030,10,11,32.152,24.264
2030,10,12,32.01,26.802
2030,10,13,31.518,27.211
2030,10,14,28.607,27.07
2030,10,15,27.894,28.371
2030,10,16,28.912,25.055
2030,10,17,26.617,26.463
2030,10,18,26.165,29.319
2030,10,19,28.166,29.597
2030,10,20,27.766,28.964
2030,10,21,25.675,26.828
2030,10,22,26.056,19.833
2030,10,23,24.895,17.995
2030,10,24,25.431,21.007
2030,10,25,24.821,25.147
2030,10,26,22.591,26.586
2030,10,27,21.339,23.508
2030,10,28,19.774,19.422
2030,10,29,21.57,19.276
2030,10,30,24.173,19.745
2030,10,31,22.503,25.349
2030,11,1,22.219,27.39
2030,11,2,19.905,30.457
2030,11,3,22.828,28.642
2030,11,4,21.848,24.492
2030,11,5,19.183,21.563
2030,11,6,17.378,19.071
2030,11,7,17.197,22.393
2030,11,8,18.455,22.386
2030,11,9,20.712,23.171
2030,11,10,19.188,23.56
2030,11,11,15.548,24.032
2030,11,12,15.464,26.802
2030,11,13,15.63,26.295
2030,11,14,13.43,26.512
2030,11,15,14.991,22.621
2030,11,16,16.548,20.366
2030,11,17,15.998,25.82
2030,11,18,13.257,22.06
2030,11,19,13.185,22.89
2030,11,20,13.266,19.782
2030,11,21,16.263,18.372
2030,11,22,13.766,13.989
2030,11,23,11.985,17.644
2030,11,24,10.842,16.827
2030,11,25,12.709,15.176
2030,11,26,14.219,16.117
2030,11,27,14.834,15.914
2030,11,28,14.955,17.723
2030,11,29,13.27,16.62
2030,11,30,18.451,14.224
2030,12,1,17.017,16.812
2030,12,2,17.7,17.962
2030,12,3,16.401,22.547
2030,12,4,16.357,22.25
2030,12,5,17.452,21.277
2030,12,6,15.166,18.987
2030,12,7,15.685,18.325
2030,12,8,20.355,14.536
2030,12,9,17.232,14.672
2030,12,10,15.56,10.343
2030,12,11,19.341,13.255
2030,12,12,19.422,12.769
2030,12,13,17.314,13.335
2030,12,14,18.424,10.642
2030,12,15,14.513,11.351
2030,12,16,12.828,10.075
2030,12,17,12.979,12.463
2030,12,18,14.729,8.036
2030,12,19,16.678,6.403
2030,12,20,18.851,8.531
2030,12,21,17.549,9.917
2030,12,22,14.37,10.764
2030,12,23,14.71,11.27
2030,12,24,16.337,16.712
2030,12,25,13.471,15.03
2030,12,26,16.823,14.929
2030,12,27,15.01,18.338
2030,12,28,15.049,17.764
2030,12,29,17.161,15.626
2030,12,30,13.963,18.334
2030,12,31,11.367,18.028
2031,1,1,8.348,19.926
2031,1,2,10.839,16.884
2031,1,3,10.088,16.053
2031,1,4,14.53,15.134
2031,1,5,14.946,11.762
2031,1,6,11.346,11.824
2031,1,7,9.337,12.92
2031,1,8,8.883,12.461
2031,1,9,7.915,14.12
2031,1,10,8.257,14.249
2031,1,11,10.168,12.097
2031,1,12,9.431,14.255
2031,1,13,10.426,18.114
2031,1,14,11.362,17.201
2031,1,15,12.236,17.082
2031,1,16,13.726,19.065
2031,1,17,13.324,16.437
2031,1,18,13.925,17.129
2031,1,19,14.334,19.215
2031,1,20,18.354,18.344
2031,1,21,18.749,15.328
2031,1,22,18.653,14.132
2031,1,23,21.308,11.473
2031,1,24,19.797,14.406
2031,1,25,18.742,15.89
2031,1,26,16.997,14.775
2031,1,27,13.862,13.3
2031,1,28,10.378,13.224
2031,1,29,13.856,12.985
2031,1,30,12.215,13.488
2031,1,31,13.626,9.712
2031,2,1,18.73,10.782
2031,2,2,17.022,10.765
2031,2,3,13.494,11.989
2031,2,4,13.642,13.457
2031,2,5,13.784,12.981
2031,2,6,12.624,12.528
2031,2,7,12.259,12.451
2031,2,8,12.376,10.908
2031,2,9,11.488,8.157
2031,2,10,11.568,7.654
2031,2,11,11.745,10.022
2031,2,12,12.313,9.31
2031,2,13,12.265,10.783
2031,2,14,13.34,13.659
2031,2,15,16.248,14.782
2031,2,16,20.955,19.051
2031,2,17,19.71,18.751
2031,2,18,20.029,17.588
2031,2,19,21.863,17.109
2031,2,20,22.316,17.389
2031,2,21,20.975,20.867
2031,2,22,17.43,19.352
2031,2,23,15.664,20.695
2031,2,24,21.551,14.463
2031,2,25,20.412,12.033
2031,2,26,23.383,17.279
2031,2,27,23.454,18.227
2031,2,28,24.204,17.188
2031,3,1,24.823,18.303
2031,3,2,24.383,19.458
2031,3,3,20.509,19.573
2031,3,4,19.673,19.45
2031,3,5,17.684,19.563
2031,3,6,19.002,17.484
2031,3,7,16.969,15.89
2031,3,8,13.965,13.05
2031,3,9,14.728,13.88
2031,3,10,17.475,17.154
2031,3,11,14.162,20.638
2031,3,12,18.262,22.708
2031,3,13,20.045,18.322
2031,3,14,19.955,19.947
2031,3,15,17.706,22.225
2031,3,16,14.519,23.182
2031,3,17,17.27,22.797
2031,3,18,20.797,23.037
2031,3,19,21.397,25.053
2031,3,20,24.234,26.24
2031,3,21,24.449,24.848
2031,3,22,24.519,22.811
2031,3,23,25.925,25.522
2031,3,24,23.087,23.928
2031,3,25,21.892,21.758
2031,3,26,19.368,21.543
2031,3,27,16.374,14.222
2031,3,28,18.365,13.091
2031,3,29,17.971,14.003
2031,3,30,16.79,16.456
2031,3,31,15.986,15.983
2031,4,1,16.011,19.202
2031,4,2,20.529,18.069
2031,4,3,22.38,18.494
2031,4,4,25.452,20.566
2031,4,5,24.878,21.782
2031,4,6,22.01,23.792
2031,4,7,19.051,24.85
2031,4,8,20.642,23.668
2031,4,9,14.286,19.815
2031,4,10,16.336,16.196
2031,4,11,19.258,18.894
2031,4,12,20.069,20.26
2031,4,13,19.615,19.267
2031,4,14,13.015,18.843
2031,4,15,14.471,20.09
2031,4,16,13.406,18.229
2031,4,17,19.247,19.341
2031,4,18,20.996,19.168
2031,4,19,21.54,17.797
2031,4,20,22.947,14.726
2031,4,21,22.821,12.282
2031,4,22,23.234,14.184
2031,4,23,22.184,17.534
2031,4,24,20.359,23.252
2031,4,25,17.936,27.957
2031,4,26,19.607,29.554
2031,4,27,20.529,28.277
2031,4,28,20.498,27.368
2031,4,29,18.499,30.261
2031,4,30,22.627,28.843
2031,5,1,23.571,28.816
2031,5,2,22.906,28.781
2031,5,3,24.14,28.499
2031,5,4,24.456,28.187
2031,5,5,28.516,26.615
2031,5,6,30.211,24.947
2031,5,7,29.898,23.772
2031,5,8,28.135,20.64
2031,5,9,22.589,22.621
2031,5,10,19.446,26.869
2031,5,11,19.186,30.097
2031,5,12,19.382,32.654
2031,5,13,22.498,32.47
2031,5,14,18.414,32.046
2031,5,15,21.029,29.056
2031,5,16,24.462,27.75
2031,5,17,24.894,25.408
2031,5,18,29.671,25.6
2031,5,19,29.79,31.593
2031,5,20,32.696,33.134
2031,5,21,35.403,34.182
2031,5,22,37.522,33.341
2031,5,23,38.104,32.419
2031,5,24,32.657,32.024
2031,5,25,27.066,28.91
2031,5,26,25.017,26.344
2031,5,27,25.542,24.344
2031,5,28,23.491,29.579
2031,5,29,28.968,31.983
2031,5,30,30.781,31.415
2031,5,31,32.185,30.207
2031,6,1,28.831,26.303
2031,6,2,29.043,24.334
2031,6,3,31.839,24.386
2031,6,4,32.473,24.279
2031,6,5,33.358,26.986
2031,6,6,35.188,28.635
2031,6,7,36.535,25.922
2031,6,8,37.035,23.768
2031,6,9,35.51,22.404
2031,6,10,35.123,24.012
2031,6,11,35.262,30.445
2031,6,12,35.654,35.156
2031,6,13,36.338,36.739
2031,6,14,35.931,38.208
2031,6,15,35.945,39.199
2031,6,16,34.748,39.992
2031,6,17,32.616,41.49
2031,6,18,30.564,40.696
2031,6,19,28.931,38.596
2031,6,20,28.985,35.725
2031,6,21,35.005,37.791
2031,6,22,33.487,40.17
2031,6,23,34.708,40.315
2031,6,24,33.534,42.637
2031,6,25,33.407,42.897
2031,6,26,32.014,41.254
2031,6,27,31.669,37.422
2031,6,28,31.67,37.841
2031,6,29,31.843,34.491
2031,6,30,32.152,32.796
2031,7,1,33.383,31.657
2031,7,2,33.674,33.635
2031,7,3,36.029,31.719
2031,7,4,35.841,31.661
2031,7,5,36.22,32.578
2031,7,6,36.758,33.399
2031,7,7,36.044,33.825
2031,7,8,32.516,33.127
2031,7,9,33.991,37.693
2031,7,10,34.02,38.764
2031,7,11,33.202,38.055
2031,7,12,32.744,39.638
2031,7,13,32.1,38.118
2031,7,14,33.134,35.763
2031,7,15,32.515,36.277
2031,7,16,32.273,37.629
2031,7,17,33.97,35.865
2031,7,18,34.214,34.668
2031,7,19,37.78,28.515
2031,7,20,38.225,32.68
2031,7,21,40.709,34.901
2031,7,22,41.318,35.33
2031,7,23,39.811,35.835
2031,7,24,39.425,38.085
2031,7,25,39.7,40.952
2031,7,26,40.543,40.292
2031,7,27,43.109,39.597
2031,7,28,43.377,39.527
2031,7,29,42.911,37.435
2031,7,30,40.835,39.073
2031,7,31,39.592,40.721
2031,8,1,39.023,41.769
2031,8,2,36.51,42.105
2031,8,3,35.236,41.743
2031,8,4,34.282,42.654
2031,8,5,34.019,42.722
2031,8,6,34.713,43.19
2031,8,7,37.299,43.579
2031,8,8,38.157,46.165
2031,8,9,36.243,42.795
2031,8,10,37.818,43.231
2031,8,11,40.57,39.836
2031,8,12,41.278,39.031
2031,8,13,40.636,38.043
2031,8,14,40.23,37.659
2031,8,15,39.895,37.893
2031,8,16,35.154,37.628
2031,8,17,37.15,35.681
2031,8,18,37.64,33.995
2031,8,19,37.179,33.455
2031,8,20,36.712,32.403
2031,8,21,37.564,31.943
2031,8,22,34.119,32.931
2031,8,23,34.205,34.649
2031,8,24,34.229,37.968
2031,8,25,37.881,38.884
2031,8,26,33.756,37.805
2031,8,27,30.741,36.566
2031,8,28,30.466,34.632
2031,8,29,31.489,34.052
2031,8,30,31.703,36.338
2031,8,31,31.403,38.482
2031,9,1,30.014,40.584
2031,9,2,28.142,42.289
2031,9,3,27.94,41.478
2031,9,4,28.783,39.346
2031,9,5,28.353,37.511
2031,9,6,27.641,31.906
2031,9,7,24.685,29.121
2031,9,8,28.405,26.832
2031,9,9,30.467,25.668
2031,9,10,33.396,26.45
2031,9,11,36.067,30.205
2031,9,12,36.165,35.197
2031,9,13,33.564,37.316
2031,9,14,35.015,36.091
2031,9,15,34.604,32.733
2031,9,16,34.899,34.607
2031,9,17,32.401,36.784
2031,9,18,28.25,38.305
2031,9,19,29.6,39.122
2031,9,20,35.604,37.489
2031,9,21,35.655,34.794
2031,9,22,36.176,30.358
2031,9,23,35.088,30.812
2031,9,24,33.938,34.492
2031,9,25,31.01,34.551
2031,9,26,26.686,35.215
2031,9,27,26.272,30.619
2031,9,28,26.592,26.909
2031,9,29,29.216,29.941
2031,9,30,30.951,35.986
2031,10,1,31.675,38.231
2031,10,2,30.329,37.761
2031,10,3,25.972,37.466
2031,10,4,25.257,37.356
2031,10,5,28.244,35.936
2031,10,6,30.872,35.366
2031,10,7,30.06,35.484
2031,10,8,29.759,35.507
2031,10,9,27.633,34.991
2031,10,10,21.868,34.191
2031,10,11,18.289,33.134
2031,10,12,22.848,33.952
2031,10,13,24.229,31.674
2031,10,14,25.829,30.44
2031,10,15,27.52,29.472
2031,10,16,29.183,29.209
2031,10,17,31.148,25.967
2031,10,18,30.403,28.407
2031,10,19,27.227,27.927
2031,10,20,24.712,27.839
2031,10,21,25.183,20.579
2031,10,22,26.319,20.312
2031,10,23,24.871,23.669
2031,10,24,23.508,27.19
2031,10,25,22.434,26.951
2031,10,26,22.262,20.897
2031,10,27,20.375,23.827
2031,10,28,23.017,24.02
2031,10,29,22.794,20.962
2031,10,30,22.404,19.828
2031,10,31,22.718,18.977
2031,11,1,22.083,17.548
2031,11,2,22.204,20.16
2031,11,3,23.581,22.075
2031,11,4,19.948,22.294
2031,11,5,19.061,24.612
2031,11,6,19.897,21.361
2031,11,7,19.313,21.948
2031,11,8,22.378,25.524
2031,11,9,21.52,19.529
2031,11,10,20.871,19.005
2031,11,11,22.202,19.773
2031,11,12,20.935,18.782
2031,11,13,20.042,18.062
2031,11,14,19.993,17.52
2031,11,15,19.145,18.646
2031,11,16,20.037,19.205
2031,11,17,19.512,18.496
2031,11,18,17.722,17.046
2031,11,19,15.783,17.687
2031,11,20,16.943,15.233
2031,11,21,17.798,14.141
2031,11,22,14.648,15.241
2031,11,23,10.266,19.895
2031,11,24,11.806,16.258
2031,11,25,12.243,20.001
2031,11,26,14.468,16.055
2031,11,27,16.28,13.041
2031,11,28,11.437,11.545
2031,11,29,11.998,14.154
2031,11,30,14.556,12.27
2031,12,1,14.098,18.191
2031,12,2,13.861,17.255
2031,12,3,14.878,14.416
2031,12,4,16.279,12.686
2031,12,5,12.503,16.993
2031,12,6,11.505,17.022
2031,12,7,12.921,15.95
2031,12,8,15.261,13.032
2031,12,9,16.244,15.393
2031,12,10,16.398,10.393
2031,12,11,16.159,11.493
2031,12,12,16.692,14.243
2031,12,13,16.617,12.475
2031,12,14,17.75,14.123
2031,12,15,14.62,12.342
2031,12,16,18.19,14.889
2031,12,17,16.667,18.833
2031,12,18,15.63,18.411
2031,12,19,12.27,17.334
2031,12,20,9.734,14.045
2031,12,21,10.631,12.272
2031,12,22,12.277,13.566
2031,12,23,9.893,15.422
2031,12,24,10.91,12.937
2031,12,25,9.628,12.87
2031,12,26,13.063,12.17
2031,12,27,15.578,11.472
2031,12,28,15.064,11.865
2031,12,29,13.506,11.746
2031,12,30,14.616,13.298
2031,12,31,14.874,14.108
2032,1,1,13.203,9.811
2032,1,2,13.199,8.448
2032,1,3,14.676,10.837
2032,1,4,16.634,9.297
2032,1,5,12.416,4.595
2032,1,6,12.525,3.594
2032,1,7,13.659,4.288
2032,1,8,13.441,6.27
2032,1,9,13.32,10.118
2032,1,10,14.85,11.782
2032,1,11,11.639,9.897
2032,1,12,11.633,13.617
2032,1,13,13.399,12.111
2032,1,14,15.059,10.393
2032,1,15,14.041,13.225
2032,1,16,13.583,10.808
2032,1,17,10.925,15.505
2032,1,18,9.533,15.813
2032,1,19,11.634,11.29
2032,1,20,7.94,12.514
2032,1,21,8.846,12.214
2032,1,22,10.331,8.959
2032,1,23,11.14,9.443
2032,1,24,12.4,10.039
2032,1,25,11.584,14.115
2032,1,26,13.519,12.487
2032,1,27,14.128,12.036
2032,1,28,19.644,12.064
2032,1,29,19.926,13.359
2032,1,30,19.502,13.095
2032,1,31,20.342,12.916
2032,2,1,19.341,11.085
2032,2,2,20.025,12.571
2032,2,3,16.763,13.335
2032,2,4,15.288,11.063
2032,2,5,14.579,13.247
2032,2,6,13.991,12.8
2032,2,7,12.402,14.192
2032,2,8,12.2,13.219
2032,2,9,12.859,13.016
2032,2,10,14.643,11.611
2032,2,11,10.769,14.422
2032,2,12,11.984,17.27
2032,2,13,11.449,19.738
2032,2,14,11.283,21.255
2032,2,15,10.916,20.892
2032,2,16,14.459,22.22
2032,2,17,15.696,22.148
2032,2,18,15.257,19.431
2032,2,19,14.177,21.912
2032,2,20,13.542,16.53
2032,2,21,14.673,13.119
2032,2,22,14.986,16.247
2032,2,23,16.44,16.051
2032,2,24,13.715,11.872
2032,2,25,12.715,13.273
2032,2,26,11.048,13.354
2032,2,27,15.809,13.045
2032,2,28,17.099,14.716
2032,2,29,17.638,15.009
2032,3,1,22.559,17.843
2032,3,2,22.503,19.742
2032,3,3,23.173,19.832
2032,3,4,22.486,18.888
2032,3,5,23.898,19.191
2032,3,6,20.454,17.94
2032,3,7,20.684,19.843
2032,3,8,21.975,21.714
2032,3,9,20.875,21.707
2032,3,10,20.482,21.617
2032,3,11,19.358,24.207
2032,3,12,20.419,22.774
2032,3,13,13.506,20.37
2032,3,14,12.48,18.293
2032,3,15,15.38,18.003
2032,3,16,17.449,19.482
2032,3,17,17.796,16.958
2032,3,18,15.799,14.604
2032,3,19,12.757,15.315
2032,3,20,8.301,20.823
2032,3,21,12.538,19.906
2032,3,22,15.946,15.976
2032,3,23,20.043,14.733
2032,3,24,22.727,15.071
2032,3,25,23.808,17.21
2032,3,26,21.059,17.788
2032,3,27,14.86,17.833
2032,3,28,14.392,16.383
2032,3,29,20.356,18.172
2032,3,30,19.342,19.375
2032,3,31,15.877,22.84
2032,4,1,16.629,25.274
2032,4,2,21.145,24.676
2032,4,3,22.798,23.753
2032,4,4,27.106,22.118
2032,4,5,27.71,24.602
2032,4,6,29.242,25.457
2032,4,7,27.424,23.061
2032,4,8,23.748,21.599
2032,4,9,18.653,17.639
2032,4,10,20.107,15.686
2032,4,11,21.831,14.143
2032,4,12,20.758,17.793
2032,4,13,23.099,21.399
2032,4,14,27.599,24.597
2032,4,15,27.851,26.01
2032,4,16,25.112,29.087
2032,4,17,22.981,27.015
2032,4,18,23.508,15.761
2032,4,19,21.2,15.563
2032,4,20,12.278,12.407
2032,4,21,14.06,20.549
2032,4,22,18.835,23.115
2032,4,23,19.342,23.417
2032,4,24,21.819,25.906
2032,4,25,23.628,29.885
2032,4,26,27.813,31.656
2032,4,27,31.675,33.303
2032,4,28,32.38,34.133
2032,4,29,30.968,33.144
2032,4,30,30.183,30.41
2032,5,1,25.361,23.435
2032,5,2,24.798,18.006
2032,5,3,24.656,22.187
2032,5,4,28.579,26.755
2032,5,5,30.425,29.142
2032,5,6,33.809,30.577
2032,5,7,34.454,31.543
2032,5,8,34.46,28.841
2032,5,9,32.383,30.64
2032,5,10,34.14,29.061
2032,5,11,34.502,24.937
2032,5,12,32.92,25.198
2032,5,13,30.605,27.493
2032,5,14,32.28,29.727
2032,5,15,30.894,32.307
2032,5,16,27.334,35.01
2032,5,17,26.661,36.226
2032,5,18,32.13,34.123
2032,5,19,34.1,33.426
2032,5,20,32.791,30.948
2032,5,21,32.931,32.112
2032,5,22,33.631,29.283
2032,5,23,31.996,32.23
2032,5,24,28.858,32.372
2032,5,25,25.814,33.044
2032,5,26,29.878,32.395
2032,5,27,34.777,33.53
2032,5,28,36.494,30.899
2032,5,29,34.964,30.45
2032,5,30,35.939,30.522
2032,5,31,36.835,32.828
2032,6,1,39.012,35.922
2032,6,2,39.822,35.239
2032,6,3,41.453,33.848
2032,6,4,39.722,33.154
2032,6,5,35.997,30.923
2032,6,6,35.714,33.815
2032,6,7,35.782,39.209
2032,6,8,33.559,40.283
2032,6,9,33.65,38.61
2032,6,10,36.888,36.608
2032,6,11,36.75,35.922
2032,6,12,35.222,36.897
2032,6,13,39.545,33.583
2032,6,14,40.417,33.96
2032,6,15,41.121,36.053
2032,6,16,38.488,38.015
2032,6,17,37.811,37.761
2032,6,18,37.088,38.634
2032,6,19,37.667,39.377
2032,6,20,40.5,36.504
2032,6,21,40.076,32.417
2032,6,22,39.58,29.908
2032,6,23,35.249,32.631
2032,6,24,37.497,33.924
2032,6,25,38.318,34.856
2032,6,26,36.019,35.18
2032,6,27,36.249,32.909
2032,6,28,38.272,31.514
2032,6,29,39.877,31.92
2032,6,30,40.025,31.97
2032,7,1,40.796,32.748
2032,7,2,40.446,33.197
2032,7,3,39.682,34.05
2032,7,4,38.008,35.559
2032,7,5,36.435,36.375
2032,7,6,35.311,38.333
2032,7,7,36.406,40.269
2032,7,8,33.385,42.389
2032,7,9,30.785,42.212
2032,7,10,30.376,40.791
2032,7,11,29.977,38.103
2032,7,12,31.379,37.292
2032,7,13,33.479,39.835
2032,7,14,34.979,38.123
2032,7,15,34.533,37.193
2032,7,16,31.694,35.925
2032,7,17,31.155,35.617
2032,7,18,33.523,35.124
2032,7,19,37.212,37.664
2032,7,20,39.787,39.639
2032,7,21,40.65,39.893
2032,7,22,39.924,36.662
2032,7,23,39.731,36.95
2032,7,24,40.915,35.6
2032,7,25,41.902,33.965
2032,7,26,40.896,34.219
2032,7,27,40.292,32.776
2032,7,28,40.513,35.62
2032,7,29,40.025,40.236
2032,7,30,39.728,42.979
2032,7,31,40.182,39.915
2032,8,1,39.807,39.532
2032,8,2,37.946,40.688
2032,8,3,37.957,40.881
2032,8,4,37.259,40.654
2032,8,5,38.532,41.363
2032,8,6,41.069,40.715
2032,8,7,39.58,40.943
2032,8,8,37.209,37.493
2032,8,9,32.281,34.651
2032,8,10,31.877,34.05
2032,8,11,33.538,35.014
2032,8,12,33.817,37.273
2032,8,13,34.788,38.95
2032,8,14,32.403,39.676
2032,8,15,32.101,40.932
2032,8,16,33.397,38.518
2032,8,17,33.291,35.858
2032,8,18,32.449,32.919
2032,8,19,31.961,34.676
2032,8,20,29.274,38.871
2032,8,21,28.561,38.827
2032,8,22,29.361,38.755
2032,8,23,29.215,37.678
2032,8,24,29.432,36.124
2032,8,25,32.216,37.156
2032,8,26,31.703,36.963
2032,8,27,31.109,32.48
2032,8,28,32.898,27.343
2032,8,29,33.446,28.261
2032,8,30,34.081,32.5
2032,8,31,35.223,33.578
2032,9,1,34.644,32.199
2032,9,2,35.411,29.771
2032,9,3,35.577,33.021
2032,9,4,37.107,35.613
2032,9,5,36.513,35.111
2032,9,6,35.057,35.766
2032,9,7,33.277,37.247
2032,9,8,31.131,35.952
2032,9,9,26.564,32.858
2032,9,10,27.05,29.484
2032,9,11,25.751,28.666
2032,9,12,28.792,31.776
2032,9,13,28.832,36.598
2032,9,14,32.246,36.915
2032,9,15,33.157,38.677
2032,9,16,34.479,36.794
2032,9,17,31.727,35.17
2032,9,18,34.738,32.791
2032,9,19,36.959,33.822
2032,9,20,31.723,35.014
2032,9,21,37.383,36.941
2032,9,22,35.873,38.22
2032,9,23,28.574,35.948
2032,9,24,30.741,34.704
2032,9,25,35.678,35.707
2032,9,26,35.777,34.985
2032,9,27,33.367,32.706
2032,9,28,31.958,34.145
2032,9,29,30.639,32.252
2032,9,30,32.783,31.666
2032,10,1,28.824,25.93
2032,10,2,28.246,26.03
2032,10,3,27.245,27.617
2032,10,4,27.167,29.567
2032,10,5,21.885,30.61
2032,10,6,22.322,26.776
2032,10,7,19.13,22.44
2032,10,8,18.964,24.878
2032,10,9,20.383,26.316
2032,10,10,23.237,24.654
2032,10,11,26.455,25.823
2032,10,12,30.99,27.597
2032,10,13,31.206,29.506
2032,10,14,31.373,30.298
2032,10,15,26.905,28.938
2032,10,16,25.567,27.129
2032,10,17,29.959,21.716
2032,10,18,32.572,23.644
2032,10,19,35.881,26.071
2032,10,20,35.785,24.625
2032,10,21,35.543,22.091
2032,10,22,33.489,20.303
2032,10,23,28.588,22.214
2032,10,24,24.682,19.021
2032,10,25,24.834,18.738
2032,10,26,29.876,21.066
2032,10,27,28.445,25.28
2032,10,28,22.648,23.684
2032,10,29,20.193,18.953
2032,10,30,23.288,18.483
2032,10,31,27.379,18.095
2032,11,1,26.715,17.551
2032,11,2,22.771,17.403
2032,11,3,21.451,19.866
2032,11,4,18.69,18.011
2032,11,5,20.396,18.149
2032,11,6,19.468,20.455
2032,11,7,19.827,19.375
2032,11,8,23.683,23.059
2032,11,9,25.589,24.681
2032,11,10,26.733,23.184
2032,11,11,23.599,21.602
2032,11,12,22.205,20.418
2032,11,13,22.244,20.357
2032,11,14,19.562,18.896
2032,11,15,18.84,17.273
2032,11,16,20.105,16.031
2032,11,17,19.607,13.158
2032,11,18,17.802,14.373
2032,11,19,20.035,17.227
2032,11,20,19.806,15.99
2032,11,21,18.498,13.644
2032,11,22,18.653,10.563
2032,11,23,15.622,10.905
2032,11,24,13.716,12.702
2032,11,25,11.959,13.107
2032,11,26,11.789,12.979
2032,11,27,14.121,10.855
2032,11,28,14.205,12.382
2032,11,29,13.561,10.15
2032,11,30,16.779,9.247
2032,12,1,15.998,9.9
2032,12,2,18.195,6.262
2032,12,3,17.184,6.699
2032,12,4,13.383,9.575
2032,12,5,11.161,11.292
2032,12,6,10.313,11.957
2032,12,7,11.363,15.042
2032,12,8,11.893,15.288
2032,12,9,11.868,15.842
2032,12,10,12.159,15.523
2032,12,11,13.26,14.783
2032,12,12,11.706,13.157
2032,12,13,13.201,11.555
2032,12,14,16.513,11.57
2032,12,15,16.8,10.483
2032,12,16,11.517,12.069
2032,12,17,13.187,13.131
2032,12,18,13.874,8.439
2032,12,19,14.681,10.403
2032,12,20,13.661,10.415
2032,12,21,15.893,11.312
2032,12,22,16.071,13.46
2032,12,23,12.491,13.197
2032,12,24,9.816,6.018
2032,12,25,12.767,6.865
2032,12,26,10.003,7.704
2032,12,27,11.901,9.345
2032,12,28,13.745,8.705
2032,12,29,12.812,11.287
2032,12,30,6.337,11.487
2032,12,31,7.444,11.096
2033,1,1,8.123,10.545
2033,1,2,10.152,9.454
2033,1,3,8.888,11.87
2033,1,4,10.823,12.196
2033,1,5,6.026,13.248
2033,1,6,9.27,12.143
2033,1,7,11.432,10.447
2033,1,8,9.678,11.045
2033,1,9,14.987,13.407
2033,1,10,10.025,11.525
2033,1,11,11.857,14.959
2033,1,12,10.581,13.662
2033,1,13,11.079,11.762
2033,1,14,12.158,13.54
2033,1,15,10.137,10.5
2033,1,16,9.983,10.421
2033,1,17,9.983,10.172
2033,1,18,10.903,9.568
2033,1,19,10.493,8.669
2033,1,20,10.554,13.2
2033,1,21,10.376,12.036
2033,1,22,10.232,14.447
2033,1,23,10.027,17.968
2033,1,24,10.019,17.874
2033,1,25,5.312,19.215
2033,1,26,6.282,17.26
2033,1,27,4.509,19.05
2033,1,28,3.347,14.617
2033,1,29,5.821,15.323
2033,1,30,9.374,15.966
2033,1,31,11.152,18.823
2033,2,1,12.056,19.998
2033,2,2,11.022,14.781
2033,2,3,7.086,13.875
2033,2,4,8.8,15.112
2033,2,5,10.267,15.437
2033,2,6,9.862,19.06
2033,2,7,7.728,17.503
2033,2,8,8.128,18.557
2033,2,9,7.551,18.128
2033,2,10,8.683,15.72
2033,2,11,11.077,13.079
2033,2,12,10.434,12.715
2033,2,13,12.653,15.348
2033,2,14,11.573,10.819
2033,2,15,12.722,13.747
2033,2,16,15.986,16.289
2033,2,17,16.867,21.803
2033,2,18,17.812,23.644
2033,2,19,19.837,21.707
2033,2,20,20.683,18.867
2033,2,21,20.366,11.791
2033,2,22,21.235,15.286
2033,2,23,16.487,18.849
2033,2,24,17.009,19.629
2033,2,25,12.423,23.135
2033,2,26,16.732,21.44
2033,2,27,13.181,17.394
2033,2,28,15.2,13.194
2033,3,1,14.766,12.188
2033,3,2,16.818,10.408
2033,3,3,17.114,11.531
2033,3,4,15.788,10.13
2033,3,5,11.27,13.516
2033,3,6,13.827,14.628
2033,3,7,13.922,15.063
2033,3,8,12.749,15.54
2033,3,9,9.315,17.566
2033,3,10,14.818,17.591
2033,3,11,13.817,15.628
2033,3,12,16.988,14.314
2033,3,13,14.586,16.237
2033,3,14,12.548,18.52
2033,3,15,10.756,23.154
2033,3,16,11.138,24.882
2033,3,17,15.36,23.496
2033,3,18,15.446,21.565
2033,3,19,17.936,21.941
2033,3,20,22.508,24.717
2033,3,21,25.06,27.279
2033,3,22,27.243,27.254
2033,3,23,28.712,27.855
2033,3,24,29.163,26.92
2033,3,25,28.143,26.073
2033,3,26,26.067,24.39
2033,3,27,23.544,22.299
2033,3,28,23.617,17.919
2033,3,29,25.223,17.596
2033,3,30,27.467,19.113
2033,3,31,28.968,20.748
2033,4,1,21.322,21.714
2033,4,2,17.385,22.17
2033,4,3,20.663,20.279
2033,4,4,20.065,19.589
2033,4,5,20.338,17.099
2033,4,6,21.778,12.895
2033,4,7,24.53,14.561
2033,4,8,22.333,23.128
2033,4,9,22.18,24.961
2033,4,10,17.746,27.224
2033,4,11,19.617,24.667
2033,4,12,16.081,26.476
2033,4,13,17.025,22.204
2033,4,14,18.637,21.497
2033,4,15,13.135,19.653
2033,4,16,11.39,20.736
2033,4,17,12.078,23.183
2033,4,18,10.777,25.709
2033,4,19,10.465,23.442
2033,4,20,13.149,23.908
2033,4,21,17.651,26.395
2033,4,22,19.389,27.644
2033,4,23,19.722,26.853
2033,4,24,22.62,23.224
2033,4,25,27.074,21.63
2033,4,26,27.932,23.656
2033,4,27,28.382,28.152
2033,4,28,30.618,28.641
2033,4,29,31.851,27.465
2033,4,30,32.384,27.189
2033,5,1,23.463,27.861
2033,5,2,18.935,26.093
2033,5,3,20.231,23.743
2033,5,4,19.021,23.052
2033,5,5,16.47,23.176
2033,5,6,15.846,26.007
2033,5,7,15.483,25.612
2033,5,8,14.479,16.88
2033,5,9,16.128,22.126
2033,5,10,17.845,28.357
2033,5,11,16.84,26.31
2033,5,12,19.117,23.515
2033,5,13,18.16,30.167
2033,5,14,20.955,31.8
2033,5,15,24.07,29.759
2033,5,16,23.853,25.781
2033,5,17,25.415,26.486
2033,5,18,24.184,25.431
2033,5,19,23.839,24.289
2033,5,20,23.834,27.107
2033,5,21,26.147,32.22
2033,5,22,28.193,33.225
2033,5,23,32.028,30.618
2033,5,24,35.158,21.003
2033,5,25,35.31,21.165
2033,5,26,33.766,26.079
2033,5,27,29.283,24.401
2033,5,28,25.509,25.083
2033,5,29,21.371,28.096
2033,5,30,19.016,30.382
2033,5,31,20.644,31.398
2033,6,1,20.275,27.469
2033,6,2,25.372,18.177
2033,6,3,28.445,18.036
2033,6,4,27.439,24.89
2033,6,5,28.844,27.297
2033,6,6,29.877,30.196
2033,6,7,30.359,37.542
2033,6,8,29.775,37.412
2033,6,9,33.073,34.107
2033,6,10,35.386,30.068
2033,6,11,36.978,31.606
2033,6,12,37.2,32.795
2033,6,13,35.661,34.49
2033,6,14,36.287,38.145
2033,6,15,38.246,39.387
2033,6,16,37.836,39.509
2033,6,17,36.023,36.986
2033,6,18,30.055,37.574
2033,6,19,32.479,34.436
2033,6,20,33.609,35.354
2033,6,21,34.278,36.296
2033,6,22,33.922,37.06
2033,6,23,33.372,37.355
2033,6,24,33.134,39.899
2033,6,25,31.621,38.515
2033,6,26,29.466,37.434
2033,6,27,33.082,32.047
2033,6,28,35.442,32.447
2033,6,29,37.542,32.901
2033,6,30,37.509,36.386
2033,7,1,37.641,40.875
2033,7,2,36.395,42.379
2033,7,3,32.144,40.093
2033,7,4,31.476,41.184
2033,7,5,32.303,41.851
2033,7,6,32.551,41.227
2033,7,7,35.04,38.554
2033,7,8,33.853,37.092
2033,7,9,31.911,37.339
2033,7,10,31.902,39.751
2033,7,11,34.638,41.384
2033,7,12,35.439,41.843
2033,7,13,35.159,40.481
2033,7,14,37.039,37.161
2033,7,15,35.16,35.096
2033,7,16,37.43,37.063
2033,7,17,39.808,38.014
2033,7,18,40.097,38.917
2033,7,19,35.894,39.88
2033,7,20,36.045,40.881
2033,7,21,36.252,39.408
2033,7,22,36.528,36.884
2033,7,23,38.147,36.137
2033,7,24,39.38,35.433
2033,7,25,38.019,36.142
2033,7,26,38.556,34.121
2033,7,27,38.22,37.685
2033,7,28,36.92,37.964
2033,7,29,36.658,35.932
2033,7,30,35.871,35.413
2033,7,31,30.169,38.446
2033,8,1,24.917,39.335
2033,8,2,26.263,39.062
2033,8,3,28.863,36.627
2033,8,4,28.184,33.536
2033,8,5,30.963,34.109
2033,8,6,31.817,38.878
2033,8,7,32.702,40.194
2033,8,8,37.498,38.552
2033,8,9,40.824,41.014
2033,8,10,42.06,37.896
2033,8,11,43.729,31.631
2033,8,12,39.316,29.879
2033,8,13,36.563,31.156
2033,8,14,37.469,32.036
2033,8,15,37.227,35.767
2033,8,16,37.293,38.506
2033,8,17,38.218,40.823
2033,8,18,38.609,38.858
2033,8,19,37.656,31.573
2033,8,20,36.018,28.233
2033,8,21,30.841,28.921
2033,8,22,31.654,29.66
2033,8,23,31.408,30.939
2033,8,24,30.569,33.526
2033,8,25,30.485,36.063
2033,8,26,27.183,35.527
2033,8,27,29.114,33.818
2033,8,28,32.352,37.859
2033,8,29,34.096,37.728
2033,8,30,36.253,37.543
2033,8,31,36.535,38.879
2033,9,1,35.954,38.279
2033,9,2,37.71,36.539
2033,9,3,39.462,38.158
2033,9,4,38.685,37.931
2033,9,5,36.191,38.326
2033,9,6,35.115,39.477
2033,9,7,33.956,41.977
2033,9,8,33.354,43.066
2033,9,9,32.087,42.876
2033,9,10,31.815,45.808
2033,9,11,32.062,41.308
2033,9,12,32.747,40.514
2033,9,13,32.519,37.198
2033,9,14,34.856,34.817
2033,9,15,35.254,32.442
2033,9,16,32.13,32.709
2033,9,17,29.557,37.403
2033,9,18,29.557,35.764
2033,9,19,29.548,35.342
2033,9,20,33.619,33.153
2033,9,21,37.225,28.949
2033,9,22,37.013,27.155
2033,9,23,36.156,23.706
2033,9,24,32.332,24.401
2033,9,25,32.614,23.616
2033,9,26,32.227,23.886
2033,9,27,27.424,29.774
2033,9,28,33.08,32.06
2033,9,29,34.044,26.102
2033,9,30,33.775,21.198
2033,10,1,32.153,20.675
2033,10,2,28.783,23.001
2033,10,3,25.387,26.739
2033,10,4,22.943,32.1
2033,10,5,20.767,31.777
2033,10,6,27.317,30.02
2033,10,7,27.455,26.51
2033,10,8,31.027,22.085
2033,10,9,31.149,16.469
2033,10,10,28.53,17.328
2033,10,11,21.895,22.318
2033,10,12,23.095,20.009
2033,10,13,24.49,19.987
2033,10,14,30.331,21.795
2033,10,15,34.352,25.518
2033,10,16,34.078,25.018
2033,10,17,34.901,22.04
2033,10,18,33.054,22.708
2033,10,19,31.73,23.552
2033,10,20,31.866,28.809
2033,10,21,34.141,32.596
2033,10,22,35.666,32.725
2033,10,23,36.607,31.938
2033,10,24,37.275,28.021
2033,10,25,35.994,23.534
2033,10,26,32.362,22.415
2033,10,27,27.782,21.352
2033,10,28,27.362,20.782
2033,10,29,30.649,19.849
2033,10,30,31.665,22.206
2033,10,31,32.265,22.837
2033,11,1,31.604,25.173
2033,11,2,30.009,24.608
2033,11,3,28.344,24.304
2033,11,4,25.94,20.991
2033,11,5,26.253,24.948
2033,11,6,24.713,22.249
2033,11,7,19.29,23.547
2033,11,8,20.118,19.522
2033,11,9,22.453,21.687
2033,11,10,22.958,18.272
2033,11,11,24.618,16.667
2033,11,12,25.224,16.888
2033,11,13,20.061,15.812
2033,11,14,18.508,15.126
2033,11,15,19.169,16.839
2033,11,16,16.237,17.847
2033,11,17,14.692,14.931
2033,11,18,16.858,12.783
2033,11,19,17.23,13.328
2033,11,20,17.886,14.044
2033,11,21,17.342,16.32
2033,11,22,17.377,15.539
2033,11,23,17.325,15.107
2033,11,24,16.982,17.734
2033,11,25,17.311,16.553
2033,11,26,19.953,16.36
2033,11,27,20.729,15.654
2033,11,28,21.687,18.324
2033,11,29,20.31,20.902
2033,11,30,19.575,23.11
2033,12,1,20.806,21.02
2033,12,2,19.562,17.89
2033,12,3,15.636,15.546
2033,12,4,17.605,15.662
2033,12,5,17.589,13.824
2033,12,6,17.122,18.166
2033,12,7,16.968,17.634
2033,12,8,13.511,14.627
2033,12,9,11.896,17.358
2033,12,10,12.831,14.792
2033,12,11,13.914,14.426
2033,12,12,10.676,17.429
2033,12,13,9.62,19.215
2033,12,14,12.0,18.29
2033,12,15,9.724,18.093
2033,12,16,7.203,19.316
2033,12,17,10.907,18.051
2033,12,18,15.432,18.95
2033,12,19,10.341,19.519
2033,12,20,9.554,16.631
2033,12,21,11.742,18.042
2033,12,22,15.07,17.607
2033,12,23,15.798,15.889
2033,12,24,16.125,16.15
2033,12,25,14.769,14.829
2033,12,26,11.082,16.007
2033,12,27,14.331,16.819
2033,12,28,13.825,16.005
2033,12,29,12.692,16.039
2033,12,30,13.175,15.878
2033,12,31,13.267,16.369
2034,1,1,13.987,17.647
2034,1,2,15.464,12.768
2034,1,3,14.824,12.742
2034,1,4,14.042,12.541
2034,1,5,14.736,14.281
2034,1,6,13.878,11.755
2034,1,7,15.222,13.739
2034,1,8,11.962,12.87
2034,1,9,17.275,16.869
2034,1,10,16.957,14.046
2034,1,11,13.89,17.143
2034,1,12,14.198,18.63
2034,1,13,14.722,12.212
2034,1,14,14.296,8.247
2034,1,15,17.09,6.853
2034,1,16,15.805,8.957
2034,1,17,10.961,13.624
2034,1,18,9.252,13.25
2034,1,19,8.141,13.122
2034,1,20,10.686,11.597
2034,1,21,9.064,15.351
2034,1,22,12.675,15.971
2034,1,23,12.231,13.262
2034,1,24,13.471,12.064
2034,1,25,15.251,12.867
2034,1,26,16.963,13.139
2034,1,27,14.349,12.248
2034,1,28,13.734,9.115
2034,1,29,14.067,13.723
2034,1,30,17.546,14.636
2034,1,31,17.454,11.175
2034,2,1,18.825,16.288
2034,2,2,20.703,15.745
2034,2,3,20.127,15.924
2034,2,4,18.131,16.056
2034,2,5,14.808,13.499
2034,2,6,10.463,10.482
2034,2,7,12.282,12.777
2034,2,8,11.589,13.628
2034,2,9,11.365,11.567
2034,2,10,11.193,15.544
2034,2,11,18.333,12.566
2034,2,12,17.213,18.063
2034,2,13,19.084,16.527
2034,2,14,19.005,17.063
2034,2,15,19.907,16.431
2034,2,16,17.533,15.809
2034,2,17,18.127,17.952
2034,2,18,15.05,19.436
2034,2,19,11.6,18.613
2034,2,20,12.116,14.136
2034,2,21,13.968,11.406
2034,2,22,15.86,15.204
2034,2,23,17.867,15.698
2034,2,24,20.848,15.661
2034,2,25,17.267,14.274
2034,2,26,16.744,11.742
2034,2,27,14.549,10.761
2034,2,28,13.9,13.73
2034,3,1,14.546,14.161
2034,3,2,15.875,14.31
2034,3,3,14.66,12.283
2034,3,4,11.683,10.752
2034,3,5,13.789,13.059
2034,3,6,16.246,14.289
2034,3,7,15.593,12.385
2034,3,8,16.112,13.241
2034,3,9,19.599,15.2
2034,3,10,19.937,16.693
2034,3,11,22.136,17.003
2034,3,12,18.544,20.481
2034,3,13,13.37,20.228
2034,3,14,14.462,21.364
2034,3,15,17.783,20.781
2034,3,16,19.237,21.911
2034,3,17,21.345,21.736
2034,3,18,20.561,22.491
2034,3,19,20.402,22.315
2034,3,20,19.089,24.33
2034,3,21,17.015,25.343
2034,3,22,20.018,23.566
2034,3,23,23.086,24.31
2034,3,24,22.503,18.279
2034,3,25,20.317,15.894
2034,3,26,16.327,17.125
2034,3,27,15.618,16.793
2034,3,28,16.487,17.067
2034,3,29,16.643,13.715
2034,3,30,17.583,13.419
2034,3,31,17.049,16.371
2034,4,1,17.66,20.264
2034,4,2,18.489,22.766
2034,4,3,22.446,21.85
2034,4,4,24.381,22.236
2034,4,5,22.649,21.685
2034,4,6,19.795,16.412
2034,4,7,15.636,14.468
2034,4,8,17.943,18.088
2034,4,9,16.452,22.591
2034,4,10,17.898,20.305
2034,4,11,22.12,16.467
2034,4,12,29.158,20.655
2034,4,13,25.155,25.384
2034,4,14,21.653,26.485
2034,4,15,20.803,26.666
2034,4,16,20.856,24.505
2034,4,17,23.913,26.638
2034,4,18,21.427,24.684
2034,4,19,19.39,21.367
2034,4,20,18.815,20.77
2034,4,21,19.625,25.676
2034,4,22,19.853,25.319
2034,4,23,21.594,23.62
2034,4,24,22.518,21.773
2034,4,25,24.671,24.385
2034,4,26,25.925,31.026
2034,4,27,27.589,31.406
2034,4,28,25.194,30.348
2034,4,29,22.186,29.753
2034,4,30,20.183,30.504
2034,5,1,26.25,32.115
2034,5,2,28.741,34.269
2034,5,3,27.119,33.832
2034,5,4,17.557,33.79
2034,5,5,14.634,32.126
2034,5,6,19.127,30.202
2034,5,7,22.402,32.316
2034,5,8,22.901,34.01
2034,5,9,24.873,34.399
2034,5,10,22.284,30.103
2034,5,11,17.554,20.154
2034,5,12,15.928,20.942
2034,5,13,19.428,22.836
2034,5,14,24.011,24.228
2034,5,15,26.753,23.375
2034,5,16,27.476,24.701
2034,5,17,26.863,26.875
2034,5,18,26.175,25.683
2034,5,19,28.725,27.89
2034,5,20,29.382,30.732
2034,5,21,34.372,29.549
2034,5,22,32.591,27.676
2034,5,23,32.001,30.662
2034,5,24,32.607,30.038
2034,5,25,33.339,30.114
2034,5,26,32.587,29.045
2034,5,27,31.611,25.701
2034,5,28,31.099,22.167
2034,5,29,27.411,25.163
2034,5,30,25.252,28.833
2034,5,31,25.636,32.887
2034,6,1,26.504,34.622
2034,6,2,26.232,36.041
2034,6,3,28.228,36.081
2034,6,4,27.57,35.558
2034,6,5,27.743,34.652
2034,6,6,24.309,33.186
2034,6,7,25.835,33.146
2034,6,8,34.057,32.308
2034,6,9,36.472,35.771
2034,6,10,38.527,35.451
2034,6,11,37.918,35.882
2034,6,12,36.694,36.403
2034,6,13,38.509,35.602
2034,6,14,40.009,37.421
2034,6,15,40.566,39.21
2034,6,16,40.499,40.316
2034,6,17,38.548,37.199
2034,6,18,35.559,34.422
2034,6,19,33.938,32.27
2034,6,20,32.637,35.28
2034,6,21,34.392,38.654
2034,6,22,35.17,34.765
2034,6,23,32.615,32.04
2034,6,24,30.951,31.561
2034,6,25,24.459,31.886
2034,6,26,24.569,32.453
2034,6,27,29.149,29.936
2034,6,28,32.942,33.649
2034,6,29,33.08,35.72
2034,6,30,38.357,33.647
2034,7,1,38.81,32.236
2034,7,2,40.19,32.584
2034,7,3,40.753,36.552
2034,7,4,39.776,36.488
2034,7,5,38.633,37.734
2034,7,6,35.082,38.858
2034,7,7,32.56,38.6
2034,7,8,32.027,39.184
2034,7,9,36.093,36.544
2034,7,10,36.112,37.106
2034,7,11,36.232,38.441
2034,7,12,36.219,36.108
2034,7,13,36.176,36.891
2034,7,14,34.117,39.634
2034,7,15,37.404,39.943
2034,7,16,39.332,38.549
2034,7,17,41.468,39.059
2034,7,18,41.419,37.841
2034,7,19,40.398,37.147
2034,7,20,38.865,36.524
2034,7,21,38.488,37.199
2034,7,22,36.786,41.627
2034,7,23,35.953,43.963
2034,7,24,35.057,42.99
2034,7,25,36.122,39.413
2034,7,26,33.476,37.867
2034,7,27,36.851,37.635
2034,7,28,37.527,35.78
2034,7,29,36.951,35.098
2034,7,30,35.724,33.541
2034,7,31,37.516,37.4
2034,8,1,38.537,38.899
2034,8,2,38.292,40.164
2034,8,3,41.115,38.707
2034,8,4,41.165,36.52
2034,8,5,40.996,32.505
2034,8,6,41.472,28.784
2034,8,7,41.832,29.945
2034,8,8,41.503,34.998
2034,8,9,40.418,38.318
2034,8,10,37.264,39.324
2034,8,11,35.515,39.639
2034,8,12,35.338,38.892
2034,8,13,37.16,39.351
2034,8,14,35.071,37.799
2034,8,15,34.371,36.806
2034,8,16,34.256,35.227
2034,8,17,36.803,35.999
2034,8,18,37.593,33.554
2034,8,19,36.204,32.395
2034,8,20,38.337,35.105
2034,8,21,35.938,37.552
2034,8,22,34.662,36.189
2034,8,23,34.088,30.79
2034,8,24,33.514,30.692
2034,8,25,31.992,32.408
2034,8,26,35.054,34.522
2034,8,27,36.359,32.955
2034,8,28,35.506,35.074
2034,8,29,36.551,34.851
2034,8,30,37.498,35.407
2034,8,31,35.219,36.906
2034,9,1,34.463,34.598
2034,9,2,35.573,32.112
2034,9,3,36.389,36.363
2034,9,4,35.363,34.591
2034,9,5,33.302,34.158
2034,9,6,34.798,35.49
2034,9,7,33.824,32.398
2034,9,8,33.835,34.91
2034,9,9,35.144,33.736
2034,9,10,34.486,30.814
2034,9,11,34.355,32.377
2034,9,12,36.49,33.942
2034,9,13,36.074,27.282
2034,9,14,35.969,34.171
2034,9,15,36.224,36.147
2034,9,16,36.544,34.632
2034,9,17,36.091,29.899
2034,9,18,33.368,29.942
2034,9,19,33.893,30.612
2034,9,20,35.65,32.858
2034,9,21,33.304,34.071
2034,9,22,29.963,33.685
2034,9,23,30.596,33.859
2034,9,24,34.555,34.156
2034,9,25,36.055,32.649
2034,9,26,36.874,30.618
2034,9,27,36.338,32.649
2034,9,28,37.078,33.874
2034,9,29,36.987,35.765
2034,9,30,37.654,36.249
2034,10,1,36.468,35.192
2034,10,2,39.172,27.341
2034,10,3,37.198,25.948
2034,10,4,35.49,23.325
2034,10,5,36.397,25.704
2034,10,6,34.991,29.143
2034,10,7,32.543,29.691
2034,10,8,25.396,28.872
2034,10,9,19.363,29.551
2034,10,10,19.492,29.742
2034,10,11,20.997,29.715
2034,10,12,26.224,29.458
2034,10,13,25.646,25.317
2034,10,14,23.218,22.757
2034,10,15,27.504,22.571
2034,10,16,25.069,25.106
2034,10,17,23.866,22.584
2034,10,18,23.472,23.9
2034,10,19,20.197,20.24
2034,10,20,21.499,19.393
2034,10,21,25.802,19.809
2034,10,22,22.757,19.33
2034,10,23,20.17,17.946
2034,10,24,22.249,19.315
2034,10,25,20.594,21.051
2034,10,26,21.347,21.246
2034,10,27,22.471,20.197
2034,10,28,22.079,17.348
2034,10,29,20.825,20.605
2034,10,30,21.096,20.642
2034,10,31,20.141,19.243
2034,11,1,21.106,19.401
2034,11,2,19.275,15.602
2034,11,3,21.083,15.85
2034,11,4,18.43,16.539
2034,11,5,18.48,18.168
2034,11,6,19.393,18.681
2034,11,7,21.559,17.072
2034,11,8,19.586,16.831
2034,11,9,20.923,14.267
2034,11,10,11.635,13.808
2034,11,11,13.981,15.524
2034,11,12,18.6,14.816
2034,11,13,21.762,13.061
2034,11,14,20.449,12.863
2034,11,15,19.797,14.625
2034,11,16,21.669,13.886
2034,11,17,22.156,12.944
2034,11,18,22.227,17.55
2034,11,19,21.15,17.856
2034,11,20,20.634,17.764
2034,11,21,19.665,14.428
2034,11,22,20.101,16.102
2034,11,23,19.989,18.21
2034,11,24,21.122,16.515
2034,11,25,19.499,13.608
2034,11,26,15.164,13.676
2034,11,27,16.231,15.073
2034,11,28,14.436,15.802
2034,11,29,14.493,12.469
2034,11,30,15.392,9.79
2034,12,1,16.137,10.579
2034,12,2,16.22,9.845
2034,12,3,16.05,11.001
2034,12,4,13.865,9.519
2034,12,5,14.698,13.362
2034,12,6,11.165,15.632
2034,12,7,11.959,17.558
2034,12,8,11.942,16.477
2034,12,9,10.487,15.449
2034,12,10,11.029,14.637
2034,12,11,12.511,10.661
2034,12,12,13.623,8.32
2034,12,13,12.067,10.863
2034,12,14,15.409,11.908
2034,12,15,16.565,13.11
2034,12,16,14.271,15.38
2034,12,17,16.416,17.487
2034,12,18,14.38,15.909
2034,12,19,11.592,14.782
2034,12,20,13.086,11.581
2034,12,21,13.566,8.847
2034,12,22,13.58,11.455
2034,12,23,13.722,13.686
2034,12,24,11.071,12.533
2034,12,25,11.742,15.489
2034,12,26,11.011,13.193
2034,12,27,11.466,13.604
2034,12,28,12.684,13.795
2034,12,29,12.324,15.075
2034,12,30,12.961,16.614
2034,12,31,13.003,15.56
2035,1,1,9.957,13.747
2035,1,2,9.502,16.38
2035,1,3,13.861,12.031
2035,1,4,14.034,12.105
2035,1,5,15.657,13.702
2035,1,6,15.97,16.516
2035,1,7,16.323,14.9
2035,1,8,15.942,18.645
2035,1,9,17.586,16.615
2035,1,10,18.278,17.509
2035,1,11,20.16,18.464
2035,1,12,17.551,19.784
2035,1,13,18.779,15.195
2035,1,14,17.612,15.444
2035,1,15,16.448,17.377
2035,1,16,16.239,16.962
2035,1,17,18.328,15.716
2035,1,18,17.089,15.366
2035,1,19,14.648,16.651
2035,1,20,16.728,17.964
2035,1,21,15.415,18.801
2035,1,22,14.971,21.438
2035,1,23,17.472,22.448
2035,1,24,18.371,21.909
2035,1,25,12.107,22.675
2035,1,26,10.401,19.98
2035,1,27,10.986,12.109
2035,1,28,14.002,14.502
2035,1,29,15.699,18.85
2035,1,30,16.036,19.038
2035,1,31,19.369,15.921
2035,2,1,20.351,15.389
2035,2,2,20.994,13.116
2035,2,3,19.849,11.421
2035,2,4,18.983,11.435
2035,2,5,14.584,11.043
2035,2,6,14.434,12.832
2035,2,7,15.221,12.318
2035,2,8,12.663,11.547
2035,2,9,14.812,13.215
2035,2,10,13.908,15.514
2035,2,11,11.442,18.773
2035,2,12,8.88,21.369
2035,2,13,7.97,19.269
2035,2,14,8.895,18.641
2035,2,15,9.175,19.131
2035,2,16,12.129,16.832
2035,2,17,12.573,18.144
2035,2,18,12.161,16.295
2035,2,19,12.773,17.058
2035,2,20,13.37,16.422
2035,2,21,12.558,16.993
2035,2,22,12.694,16.718
2035,2,23,11.101,19.052
2035,2,24,11.764,17.859
2035,2,25,11.771,20.573
2035,2,26,11.811,20.386
2035,2,27,13.545,18.801
2035,2,28,14.877,17.005
2035,3,1,18.11,17.218
2035,3,2,23.259,20.957
2035,3,3,25.112,24.308
2035,3,4,22.681,25.01
2035,3,5,18.636,26.14
2035,3,6,17.033,25.241
2035,3,7,14.358,19.722
2035,3,8,13.772,15.646
2035,3,9,11.985,15.401
2035,3,10,15.715,15.789
2035,3,11,17.229,15.196
2035,3,12,18.6,14.082
2035,3,13,21.256,14.082
2035,3,14,21.283,17.868
2035,3,15,21.719,16.289
2035,3,16,22.408,16.551
2035,3,17,22.298,16.893
2035,3,18,22.218,18.473
2035,3,19,21.259,24.427
2035,3,20,20.047,23.81
2035,3,21,19.974,22.866
2035,3,22,22.463,19.935
2035,3,23,20.568,19.143
2035,3,24,17.53,19.085
2035,3,25,16.711,22.439
2035,3,26,16.415,21.095
2035,3,27,18.054,19.905
2035,3,28,17.686,20.912
2035,3,29,10.719,23.108
2035,3,30,9.829,20.862
2035,3,31,13.803,21.765
2035,4,1,17.676,21.645
2035,4,2,21.626,20.237
2035,4,3,22.684,16.574
2035,4,4,22.528,19.495
2035,4,5,21.871,21.904
2035,4,6,20.044,27.099
2035,4,7,17.296,29.408
2035,4,8,19.298,30.678
2035,4,9,20.952,30.761
2035,4,10,16.696,30.117
2035,4,11,14.496,30.171
2035,4,12,11.979,30.057
2035,4,13,8.531,29.743
2035,4,14,12.852,26.271
2035,4,15,17.477,28.831
2035,4,16,18.878,29.643
2035,4,17,19.344,27.017
2035,4,18,21.34,24.277
2035,4,19,21.684,22.471
2035,4,20,23.834,17.911
2035,4,21,24.178,17.052
2035,4,22,23.418,23.001
2035,4,23,21.715,25.794
2035,4,24,22.839,23.928
2035,4,25,25.79,12.191
2035,4,26,26.18,10.775
2035,4,27,27.586,12.814
2035,4,28,29.037,17.91
2035,4,29,28.476,22.184
2035,4,30,30.113,24.024
2035,5,1,27.027,22.986
2035,5,2,25.007,20.94
2035,5,3,26.882,23.745
2035,5,4,25.9,22.033
2035,5,5,26.428,18.874
2035,5,6,29.627,22.476
2035,5,7,28.064,22.173
2035,5,8,22.0,26.092
2035,5,9,21.103,28.734
2035,5,10,15.298,30.604
2035,5,11,21.413,30.102
2035,5,12,24.184,27.88
2035,5,13,23.885,27.463
2035,5,14,21.466,28.876
2035,5,15,25.012,29.419
2035,5,16,23.78,31.922
2035,5,17,22.858,26.278
2035,5,18,25.452,24.624
2035,5,19,27.842,29.901
2035,5,20,27.859,31.196
2035,5,21,24.626,29.89
2035,5,22,22.87,25.577
2035,5,23,24.276,24.367
2035,5,24,24.159,26.482
2035,5,25,19.17,26.178
2035,5,26,14.287,26.019
2035,5,27,19.365,28.911
2035,5,28,27.34,29.545
2035,5,29,28.982,29.664
2035,5,30,28.447,30.598
2035,5,31,29.917,31.444
2035,6,1,31.364,31.304
2035,6,2,30.08,34.415
2035,6,3,29.858,32.648
2035,6,4,29.881,27.891
2035,6,5,30.865,32.583
2035,6,6,35.457,31.787
2035,6,7,38.042,30.615
2035,6,8,37.351,21.311
2035,6,9,35.229,25.457
2035,6,10,35.74,23.393
2035,6,11,38.0,24.821
2035,6,12,39.52,31.18
2035,6,13,39.41,37.407
2035,6,14,39.068,40.183
2035,6,15,33.936,41.57
2035,6,16,31.061,39.532
2035,6,17,32.04,39.609
2035,6,18,32.824,39.69
2035,6,19,32.476,39.51
2035,6,20,34.078,40.042
2035,6,21,31.672,38.437
2035,6,22,29.281,34.965
2035,6,23,30.224,33.297
2035,6,24,24.706,34.281
2035,6,25,22.436,39.545
2035,6,26,24.363,40.472
2035,6,27,27.298,39.952
2035,6,28,30.546,38.231
2035,6,29,34.037,38.102
2035,6,30,35.737,38.484
2035,7,1,35.156,38.648
2035,7,2,38.036,38.84
2035,7,3,38.828,38.084
2035,7,4,39.994,34.427
2035,7,5,39.91,25.037
2035,7,6,42.005,27.966
2035,7,7,39.805,32.678
2035,7,8,36.923,32.243
2035,7,9,34.513,33.55
2035,7,10,34.227,36.444
2035,7,11,37.569,35.65
2035,7,12,39.441,37.792
2035,7,13,38.715,36.165
2035,7,14,38.978,36.064
2035,7,15,37.523,33.966
2035,7,16,37.199,34.368
2035,7,17,37.038,37.591
2035,7,18,36.962,38.128
2035,7,19,35.349,38.741
2035,7,20,36.296,38.558
2035,7,21,38.687,37.577
2035,7,22,39.361,38.559
2035,7,23,37.355,39.832
2035,7,24,37.608,37.948
2035,7,25,37.311,37.783
2035,7,26,38.443,36.007
2035,7,27,35.205,37.228
2035,7,28,34.26,37.193
2035,7,29,34.705,36.332
2035,7,30,36.047,36.039
2035,7,31,36.633,31.727
2035,8,1,38.243,31.546
2035,8,2,37.999,36.922
2035,8,3,39.529,40.617
2035,8,4,39.91,44.628
2035,8,5,40.998,43.151
2035,8,6,38.906,43.847
2035,8,7,40.238,42.347
2035,8,8,40.446,41.428
2035,8,9,38.695,37.868
2035,8,10,35.402,35.342
2035,8,11,32.195,35.747
2035,8,12,32.509,40.937
2035,8,13,34.016,42.608
2035,8,14,33.376,44.81
2035,8,15,35.081,42.202
2035,8,16,35.93,38.767
2035,8,17,39.621,38.942
2035,8,18,41.439,41.364
2035,8,19,40.362,42.711
2035,8,20,39.194,42.897
2035,8,21,39.038,41.881
2035,8,22,40.469,36.487
2035,8,23,39.005,36.621
2035,8,24,40.525,37.214
2035,8,25,40.88,37.81
2035,8,26,38.491,40.896
2035,8,27,38.782,40.535
2035,8,28,38.494,39.756
2035,8,29,40.24,37.068
2035,8,30,39.14,37.386
2035,8,31,38.398,37.549
2035,9,1,37.513,36.393
2035,9,2,38.143,38.948
2035,9,3,36.717,38.667
2035,9,4,36.738,37.31
2035,9,5,34.538,38.159
2035,9,6,33.284,34.985
2035,9,7,33.248,33.246
2035,9,8,33.78,33.305
2035,9,9,33.519,36.186
2035,9,10,36.596,36.195
2035,9,11,37.176,37.474
2035,9,12,39.122,39.393
2035,9,13,38.194,39.246
2035,9,14,35.866,39.143
2035,9,15,34.787,36.719
2035,9,16,34.273,35.258
2035,9,17,32.87,34.121
2035,9,18,30.529,34.353
2035,9,19,27.33,33.141
2035,9,20,27.317,30.739
2035,9,21,30.992,26.818
2035,9,22,33.05,26.491
2035,9,23,34.266,27.847
2035,9,24,33.147,27.944
2035,9,25,31.383,28.045
2035,9,26,28.735,26.868
2035,9,27,23.855,24.02
2035,9,28,20.988,19.637
2035,9,29,19.918,24.364
2035,9,30,22.608,24.169
2035,10,1,23.128,26.295
2035,10,2,24.677,25.964
2035,10,3,26.09,25.459
2035,10,4,24.663,27.848
2035,10,5,21.146,28.479
2035,10,6,18.011,24.826
2035,10,7,14.622,22.353
2035,10,8,14.155,22.648
2035,10,9,23.013,24.002
2035,10,10,25.479,25.107
2035,10,11,25.951,29.98
2035,10,12,29.75,30.278
2035,10,13,30.667,25.548
2035,10,14,29.934,22.118
2035,10,15,29.324,22.268
2035,10,16,31.443,25.035
2035,10,17,30.48,24.963
2035,10,18,29.168,28.499
2035,10,19,31.396,34.465
2035,10,20,33.086,35.28
2035,10,21,31.702,34.833
2035,10,22,31.027,30.086
2035,10,23,27.495,29.469
2035,10,24,26.707,27.314
2035,10,25,24.762,29.276
2035,10,26,22.046,30.577
2035,10,27,23.567,29.642
2035,10,28,25.669,21.371
2035,10,29,26.329,22.106
2035,10,30,26.861,21.635
2035,10,31,26.198,21.213
2035,11,1,25.147,18.727
2035,11,2,18.738,22.148
2035,11,3,20.069,23.055
2035,11,4,21.142,20.434
2035,11,5,24.798,17.978
2035,11,6,27.202,16.603
2035,11,7,23.669,18.498
2035,11,8,22.618,16.983
2035,11,9,23.179,14.726
2035,11,10,20.146,14.251
2035,11,11,17.974,19.528
2035,11,12,13.895,16.704
2035,11,13,11.658,16.025
2035,11,14,10.443,18.359
2035,11,15,13.732,19.765
2035,11,16,14.609,21.339
2035,11,17,15.799,22.291
2035,11,18,15.202,21.191
2035,11,19,16.898,19.316
2035,11,20,21.352,19.919
2035,11,21,22.782,20.7
2035,11,22,23.336,17.54
2035,11,23,22.672,21.32
2035,11,24,22.257,19.276
2035,11,25,23.11,18.531
2035,11,26,21.508,14.773
2035,11,27,22.426,9.569
2035,11,28,23.543,14.752
2035,11,29,24.623,14.105
2035,11,30,21.29,13.416
2035,12,1,16.901,14.23
2035,12,2,15.962,15.012
2035,12,3,14.51,15.642
2035,12,4,15.135,13.155
2035,12,5,12.606,17.31
2035,12,6,16.418,19.152
2035,12,7,17.536,19.549
2035,12,8,18.328,19.073
2035,12,9,16.314,19.211
2035,12,10,18.368,19.352
2035,12,11,14.483,16.461
2035,12,12,14.217,16.699
2035,12,13,13.452,17.842
2035,12,14,14.033,16.377
2035,12,15,13.702,14.177
2035,12,16,13.264,12.292
2035,12,17,15.522,12.095
2035,12,18,14.75,12.465
2035,12,19,15.429,12.646
2035,12,20,15.255,13.906
2035,12,21,13.425,15.17
2035,12,22,14.832,11.611
2035,12,23,14.012,10.079
2035,12,24,17.816,9.24
2035,12,25,16.738,8.709
2035,12,26,18.812,10.699
2035,12,27,14.889,10.247
2035,12,28,16.296,14.653
2035,12,29,15.696,14.742
2035,12,30,17.657,17.264
2035,12,31,8.347,16.374
2036,1,1,10.541,15.616
2036,1,2,10.655,16.921
2036,1,3,12.312,15.164
2036,1,4,11.874,16.413
2036,1,5,13.187,14.846
2036,1,6,12.831,14.882
2036,1,7,13.313,15.033
2036,1,8,13.282,14.376
2036,1,9,10.196,14.988
2036,1,10,12.038,13.601
2036,1,11,14.309,12.3
2036,1,12,16.115,15.926
2036,1,13,15.67,17.874
2036,1,14,15.532,12.651
2036,1,15,17.694,13.652
2036,1,16,13.996,12.463
2036,1,17,15.922,11.851
2036,1,18,13.265,11.534
2036,1,19,15.936,12.977
2036,1,20,13.915,14.798
2036,1,21,9.801,15.02
2036,1,22,11.536,11.754
2036,1,23,14.716,13.822
2036,1,24,16.517,14.177
2036,1,25,12.775,15.969
2036,1,26,15.163,19.345
2036,1,27,14.115,20.059
2036,1,28,14.81,19.521
2036,1,29,17.485,18.758
2036,1,30,16.728,14.787
2036,1,31,16.562,9.91
2036,2,1,11.601,9.65
2036,2,2,11.95,14.114
2036,2,3,11.688,16.371
2036,2,4,12.751,19.76
2036,2,5,12.319,18.826
2036,2,6,7.056,20.773
2036,2,7,8.44,20.559
2036,2,8,10.093,13.127
2036,2,9,12.622,8.694
2036,2,10,13.387,11.57
2036,2,11,12.558,11.673
2036,2,12,11.849,14.216
2036,2,13,11.551,17.699
2036,2,14,13.205,14.927
2036,2,15,13.48,15.053
2036,2,16,13.517,15.757
2036,2,17,8.909,12.782
2036,2,18,9.268,13.692
2036,2,19,9.017,14.093
2036,2,20,9.414,14.717
2036,2,21,10.811,17.451
2036,2,22,12.154,17.719
2036,2,23,10.981,19.473
2036,2,24,11.513,18.173
2036,2,25,17.36,18.745
2036,2,26,17.19,16.085
2036,2,27,18.992,16.138
2036,2,28,14.3,12.737
2036,2,29,18.327,12.938
2036,3,1,15.771,11.411
2036,3,2,17.208,12.126
2036,3,3,18.235,13.05
2036,3,4,17.413,12.249
2036,3,5,16.891,11.164
2036,3,6,17.892,12.298
2036,3,7,20.549,16.438
2036,3,8,20.073,19.837
2036,3,9,19.856,21.247
2036,3,10,20.266,21.577
2036,3,11,20.685,14.855
2036,3,12,20.79,11.925
2036,3,13,18.371,12.589
2036,3,14,16.089,16.336
2036,3,15,13.437,13.675
2036,3,16,13.097,14.573
2036,3,17,14.245,14.55
2036,3,18,12.285,14.533
2036,3,19,14.908,12.139
2036,3,20,17.925,10.608
2036,3,21,17.99,15.508
2036,3,22,20.101,17.977
2036,3,23,19.519,21.718
2036,3,24,18.908,20.625
2036,3,25,20.347,24.434
2036,3,26,20.952,26.743
2036,3,27,18.152,26.056
2036,3,28,17.281,22.311
2036,3,29,16.395,19.077
2036,3,30,14.087,17.503
2036,3,31,15.345,18.322
2036,4,1,20.719,21.864
2036,4,2,24.329,24.582
2036,4,3,21.792,27.129
2036,4,4,21.922,27.982
2036,4,5,17.923,30.581
2036,4,6,17.451,30.416
2036,4,7,16.416,29.152
2036,4,8,10.253,30.996
2036,4,9,14.122,31.335
2036,4,10,17.779,30.731
2036,4,11,18.722,25.563
2036,4,12,23.831,16.985
2036,4,13,28.306,17.322
2036,4,14,26.961,15.417
2036,4,15,24.94,9.889
2036,4,16,24.962,11.086
2036,4,17,22.513,18.368
2036,4,18,21.703,18.08
2036,4,19,24.276,19.206
2036,4,20,26.42,24.685
2036,4,21,28.854,27.517
2036,4,22,30.888,28.63
2036,4,23,30.752,29.147
2036,4,24,27.372,33.195
2036,4,25,22.516,30.668
2036,4,26,23.414,31.665
2036,4,27,22.77,30.735
2036,4,28,24.985,26.963
2036,4,29,29.014,29.065
2036,4,30,29.876,28.542
2036,5,1,26.082,27.186
2036,5,2,25.392,28.92
2036,5,3,24.696,24.746
2036,5,4,24.173,19.636
2036,5,5,23.397,20.482
2036,5,6,19.988,19.187
2036,5,7,20.797,21.859
2036,5,8,18.05,24.242
2036,5,9,22.106,22.478
2036,5,10,27.495,23.783
2036,5,11,28.361,28.355
2036,5,12,31.022,29.464
2036,5,13,32.372,29.545
2036,5,14,32.744,28.21
2036,5,15,32.265,28.734
2036,5,16,34.079,29.357
2036,5,17,34.589,34.291
2036,5,18,35.77,34.521
2036,5,19,33.445,35.077
2036,5,20,32.062,34.905
2036,5,21,34.607,33.62
2036,5,22,37.484,27.731
2036,5,23,38.733,24.884
2036,5,24,40.519,26.967
2036,5,25,38.669,23.166
2036,5,26,38.657,28.94
2036,5,27,39.917,29.605
2036,5,28,39.218,30.671
2036,5,29,33.586,28.007
2036,5,30,30.762,23.31
2036,5,31,28.393,17.933
2036,6,1,32.482,20.335
2036,6,2,36.04,22.137
2036,6,3,37.07,23.426
2036,6,4,38.408,25.751
2036,6,5,36.142,25.983
2036,6,6,36.955,27.02
2036,6,7,40.038,28.121
2036,6,8,40.11,31.514
2036,6,9,36.705,31.151
2036,6,10,35.998,32.403
2036,6,11,34.082,34.605
2036,6,12,33.656,36.605
2036,6,13,35.152,37.115
2036,6,14,34.595,37.666
2036,6,15,35.674,37.838
2036,6,16,35.559,36.81
2036,6,17,34.78,31.978
2036,6,18,34.423,31.16
2036,6,19,33.642,36.387
2036,6,20,33.158,38.816
2036,6,21,32.639,40.574
2036,6,22,35.83,40.937
2036,6,23,35.545,41.999
2036,6,24,36.112,41.667
2036,6,25,33.409,41.821
2036,6,26,32.652,38.702
2036,6,27,36.168,34.565
2036,6,28,37.595,38.543
2036,6,29,36.405,42.025
2036,6,30,37.565,39.917
2036,7,1,37.744,39.295
2036,7,2,40.076,38.893
2036,7,3,40.652,38.669
2036,7,4,40.425,37.343
2036,7,5,40.505,37.946
2036,7,6,39.462,38.433
2036,7,7,38.769,38.156
2036,7,8,39.514,36.293
2036,7,9,39.854,37.709
2036,7,10,41.196,38.597
2036,7,11,39.915,36.897
2036,7,12,39.813,36.49
2036,7,13,37.801,33.881
2036,7,14,37.977,34.835
2036,7,15,38.201,36.765
2036,7,16,39.96,36.316
2036,7,17,41.137,36.3
2036,7,18,42.538,35.62
2036,7,19,42.534,36.801
2036,7,20,41.62,38.119
2036,7,21,37.228,39.293
2036,7,22,38.737,38.875
2036,7,23,40.558,39.026
2036,7,24,39.259,38.367
2036,7,25,38.64,38.664
2036,7,26,38.535,40.988
2036,7,27,39.026,39.758
2036,7,28,38.967,39.988
2036,7,29,37.217,38.644
2036,7,30,37.679,39.894
2036,7,31,38.154,39.816
2036,8,1,35.972,39.049
2036,8,2,35.644,36.626
2036,8,3,33.519,35.199
2036,8,4,33.999,35.685
2036,8,5,33.137,34.359
2036,8,6,32.867,32.086
2036,8,7,33.11,27.548
2036,8,8,35.337,33.087
2036,8,9,39.869,38.959
2036,8,10,41.484,39.417
2036,8,11,41.95,39.094
2036,8,12,39.938,40.772
2036,8,13,36.613,38.451
2036,8,14,35.949,41.026
2036,8,15,37.126,40.588
2036,8,16,37.746,38.583
2036,8,17,37.294,37.049
2036,8,18,36.627,38.02
2036,8,19,34.519,38.06
2036,8,20,33.355,36.533
2036,8,21,32.552,34.649
2036,8,22,30.919,32.444
2036,8,23,32.986,30.225
2036,8,24,31.849,31.144
2036,8,25,31.118,31.32
2036,8,26,33.807,34.873
2036,8,27,34.601,37.574
2036,8,28,36.631,38.249
2036,8,29,36.415,41.221
2036,8,30,34.322,39.078
2036,8,31,34.298,36.284
2036,9,1,34.282,32.746
2036,9,2,34.877,34.574
2036,9,3,35.012,36.122
2036,9,4,36.228,36.142
2036,9,5,37.958,38.308
2036,9,6,36.506,39.288
2036,9,7,35.234,38.634
2036,9,8,34.866,38.689
2036,9,9,33.838,39.113
2036,9,10,31.702,36.898
2036,9,11,30.824,31.705
2036,9,12,27.657,28.93
2036,9,13,28.475,31.153
2036,9,14,27.871,32.315
2036,9,15,30.464,32.251
2036,9,16,35.046,31.694
2036,9,17,34.444,29.912
2036,9,18,36.103,30.57
2036,9,19,37.344,29.36
2036,9,20,35.957,29.545
2036,9,21,33.193,31.894
2036,9,22,28.479,35.582
2036,9,23,27.217,35.823
2036,9,24,28.336,37.528
2036,9,25,27.813,36.393
2036,9,26,32.749,36.161
2036,9,27,33.926,35.847
2036,9,28,29.893,31.565
2036,9,29,27.503,30.087
2036,9,30,30.393,23.451
2036,10,1,32.433,28.375
2036,10,2,34.627,30.595
2036,10,3,34.996,33.168
2036,10,4,34.935,33.517
2036,10,5,35.864,32.499
2036,10,6,36.702,30.75
2036,10,7,35.724,30.095
2036,10,8,35.786,31.208
2036,10,9,35.746,32.416
2036,10,10,35.588,28.731
2036,10,11,34.282,20.921
2036,10,12,30.846,19.589
2036,10,13,28.032,26.253
2036,10,14,27.98,25.989
2036,10,15,28.833,24.404
2036,10,16,28.942,26.08
2036,10,17,28.185,26.653
2036,10,18,24.9,26.606
2036,10,19,23.309,25.876
2036,10,20,21.378,29.526
2036,10,21,21.741,31.816
2036,10,22,21.98,30.705
2036,10,23,23.782,28.632
2036,10,24,27.374,28.697
2036,10,25,23.633,26.38
2036,10,26,18.265,22.976
2036,10,27,17.018,20.225
2036,10,28,20.336,21.383
2036,10,29,22.051,20.191
2036,10,30,22.654,21.085
2036,10,31,22.504,24.797
2036,11,1,26.95,24.012
2036,11,2,28.9,21.277
2036,11,3,28.704,17.618
2036,11,4,29.166,19.748
2036,11,5,30.472,17.97
2036,11,6,28.393,16.209
2036,11,7,24.936,15.226
2036,11,8,20.502,17.928
2036,11,9,21.048,18.836
2036,11,10,21.079,19.189
2036,11,11,15.148,19.427
2036,11,12,16.974,20.425
2036,11,13,15.395,19.454
2036,11,14,17.454,19.056
2036,11,15,17.292,19.649
2036,11,16,21.206,18.28
2036,11,17,19.636,16.948
2036,11,18,17.514,13.719
2036,11,19,15.837,11.619
2036,11,20,15.7,14.872
2036,11,21,19.009,19.385
2036,11,22,20.353,21.364
2036,11,23,18.258,19.373
2036,11,24,11.297,17.771
2036,11,25,12.287,12.66
2036,11,26,12.273,13.65
2036,11,27,10.54,12.694
2036,11,28,10.673,16.209
2036,11,29,12.141,18.235
2036,11,30,10.089,18.547
2036,12,1,10.062,18.597
2036,12,2,13.955,18.638
2036,12,3,14.362,18.497
2036,12,4,14.768,18.195
2036,12,5,13.322,13.915
2036,12,6,17.5,13.079
2036,12,7,16.152,16.876
2036,12,8,11.61,15.322
2036,12,9,13.125,17.426
2036,12,10,12.707,15.529
2036,12,11,10.011,15.717
2036,12,12,13.845,13.415
2036,12,13,17.794,15.109
2036,12,14,14.246,15.343
2036,12,15,17.577,12.04
2036,12,16,13.698,13.229
2036,12,17,12.501,16.54
2036,12,18,7.78,15.465
2036,12,19,8.15,14.052
2036,12,20,11.477,14.717
2036,12,21,15.34,13.944
2036,12,22,13.502,16.87
2036,12,23,8.71,15.794
2036,12,24,7.253,15.568
2036,12,25,9.542,12.082
2036,12,26,7.405,10.863
2036,12,27,9.579,12.262
2036,12,28,14.711,9.469
2036,12,29,12.704,11.417
2036,12,30,15.547,12.666
2036,12,31,10.389,14.83
2037,1,1,10.174,15.552
2037,1,2,11.29,13.125
2037,1,3,10.95,12.076
2037,1,4,11.528,12.494
2037,1,5,12.606,12.147
2037,1,6,13.801,13.511
2037,1,7,13.327,13.542
2037,1,8,16.41,13.199
2037,1,9,14.702,12.923
2037,1,10,17.887,15.464
2037,1,11,18.436,13.53
2037,1,12,15.274,13.814
2037,1,13,17.444,14.786
2037,1,14,11.705,17.222
2037,1,15,11.782,13.598
2037,1,16,14.762,13.768
2037,1,17,10.489,14.541
2037,1,18,10.888,14.969
2037,1,19,12.21,18.594
2037,1,20,11.044,18.903
2037,1,21,12.916,22.026
2037,1,22,11.436,19.884
2037,1,23,12.893,20.301
2037,1,24,15.352,19.503
2037,1,25,15.882,19.398
2037,1,26,16.923,19.144
2037,1,27,15.434,21.566
2037,1,28,15.324,21.106
2037,1,29,15.404,18.084
2037,1,30,15.446,17.357
2037,1,31,15.624,14.585
2037,2,1,14.033,15.29
2037,2,2,11.966,16.609
2037,2,3,16.142,14.937
2037,2,4,16.602,19.468
2037,2,5,18.452,14.119
2037,2,6,19.999,14.687
2037,2,7,19.114,16.075
2037,2,8,18.729,15.461
2037,2,9,16.854,16.933
2037,2,10,15.719,15.417
2037,2,11,12.199,15.453
2037,2,12,12.44,16.012
2037,2,13,12.33,14.298
2037,2,14,14.172,13.7
2037,2,15,15.936,12.986
2037,2,16,14.008,14.125
2037,2,17,14.466,11.226
2037,2,18,16.149,11.219
2037,2,19,15.35,12.18
2037,2,20,13.5,17.642
2037,2,21,14.231,17.123
2037,2,22,15.496,10.28
2037,2,23,18.505,9.678
2037,2,24,18.709,12.749
2037,2,25,19.378,12.781
2037,2,26,18.235,13.519
2037,2,27,13.722,16.23
2037,2,28,15.668,17.579
2037,3,1,20.869,20.466
2037,3,2,19.808,18.932
2037,3,3,14.99,17.196
2037,3,4,13.647,15.387
2037,3,5,12.006,16.46
2037,3,6,12.18,18.084
2037,3,7,14.396,17.792
2037,3,8,15.56,22.347
2037,3,9,16.434,23.547
2037,3,10,19.937,21.12
2037,3,11,23.506,18.721
2037,3,12,23.207,15.503
2037,3,13,21.79,15.191
2037,3,14,17.83,16.228
2037,3,15,19.708,17.222
2037,3,16,20.185,17.738
2037,3,17,22.441,18.117
2037,3,18,23.329,18.155
2037,3,19,21.209,17.279
2037,3,20,21.456,17.086
2037,3,21,23.213,16.29
2037,3,22,24.679,14.005
2037,3,23,26.604,12.728
2037,3,24,23.362,17.235
2037,3,25,17.074,17.603
2037,3,26,11.786,17.484
2037,3,27,13.77,16.646
2037,3,28,16.39,16.492
2037,3,29,19.329,17.809
2037,3,30,19.721,20.117
2037,3,31,21.134,18.806
2037,4,1,20.803,20.026
2037,4,2,17.677,20.997
2037,4,3,21.022,22.508
2037,4,4,22.559,19.148
2037,4,5,22.28,12.42
2037,4,6,27.419,11.011
2037,4,7,24.482,15.14
2037,4,8,18.372,19.605
2037,4,9,16.398,18.868
2037,4,10,20.105,19.332
2037,4,11,23.272,17.673
2037,4,12,20.856,19.683
2037,4,13,18.772,22.683
2037,4,14,14.077,23.392
2037,4,15,10.29,25.037
2037,4,16,10.571,24.241
2037,4,17,16.645,26.301
2037,4,18,20.804,25.572
2037,4,19,23.894,24.702
2037,4,20,21.69,21.582
2037,4,21,16.521,21.444
2037,4,22,17.51,17.253
2037,4,23,18.882,13.659
2037,4,24,19.127,13.15
2037,4,25,19.554,18.57
2037,4,26,21.294,20.066
2037,4,27,21.204,19.315
2037,4,28,16.147,21.816
2037,4,29,17.448,19.627
2037,4,30,22.04,19.791
2037,5,1,28.548,19.047
2037,5,2,30.517,19.723
2037,5,3,33.56,23.339
2037,5,4,36.115,26.123
2037,5,5,33.566,28.054
2037,5,6,24.869,28.823
2037,5,7,27.496,24.941
2037,5,8,30.113,22.056
2037,5,9,34.173,24.3
2037,5,10,35.647,20.324
2037,5,11,34.482,25.516
2037,5,12,30.27,30.261
2037,5,13,24.163,30.411
2037,5,14,18.078,24.736
2037,5,15,13.258,21.714
2037,5,16,16.362,24.417
2037,5,17,16.055,20.679
2037,5,18,22.123,17.669
2037,5,19,26.058,20.228
2037,5,20,24.997,22.64
2037,5,21,22.81,26.69
2037,5,22,23.279,32.955
2037,5,23,24.891,34.335
2037,5,24,27.266,36.124
2037,5,25,27.366,35.376
2037,5,26,26.638,34.964
2037,5,27,27.59,35.07
2037,5,28,28.256,32.959
2037,5,29,29.776,29.396
2037,5,30,31.836,23.855
2037,5,31,31.901,31.225
2037,6,1,30.401,31.098
2037,6,2,27.023,30.942
2037,6,3,31.26,33.748
2037,6,4,34.255,34.526
2037,6,5,37.369,36.316
2037,6,6,38.567,35.718
2037,6,7,36.781,31.277
2037,6,8,26.37,19.239
2037,6,9,17.131,16.599
2037,6,10,19.44,13.439
2037,6,11,26.989,19.856
2037,6,12,29.239,27.849
2037,6,13,32.446,31.823
2037,6,14,33.215,33.192
2037,6,15,34.065,35.894
2037,6,16,35.163,36.149
2037,6,17,35.536,33.983
2037,6,18,37.775,31.474
2037,6,19,37.126,29.075
2037,6,20,35.856,30.475
2037,6,21,35.331,32.39
2037,6,22,36.892,34.321
2037,6,23,38.64,37.449
2037,6,24,38.056,38.991
2037,6,25,34.238,38.989
2037,6,26,33.77,38.183
2037,6,27,32.128,34.12
2037,6,28,30.438,33.59
2037,6,29,28.696,32.371
2037,6,30,25.815,33.893
2037,7,1,31.415,35.058
2037,7,2,32.875,35.311
2037,7,3,32.299,38.547
2037,7,4,31.814,39.198
2037,7,5,30.14,40.642
2037,7,6,30.939,40.75
2037,7,7,29.847,40.566
2037,7,8,28.814,37.232
2037,7,9,33.41,35.462
2037,7,10,32.791,35.837
2037,7,11,34.658,34.23
2037,7,12,38.97,32.529
2037,7,13,37.704,32.894
2037,7,14,38.091,31.979
2037,7,15,36.417,35.322
2037,7,16,36.617,36.141
2037,7,17,39.966,35.732
2037,7,18,41.774,36.046
2037,7,19,42.817,39.646
2037,7,20,42.344,40.904
2037,7,21,41.944,42.503
2037,7,22,40.743,42.148
2037,7,23,39.058,40.96
2037,7,24,37.061,42.891
2037,7,25,39.894,42.115
2037,7,26,36.872,43.119
2037,7,27,36.047,41.724
2037,7,28,35.22,42.36
2037,7,29,34.231,40.048
2037,7,30,33.216,37.647
2037,7,31,35.688,34.467
2037,8,1,34.441,36.556
2037,8,2,35.162,37.265
2037,8,3,33.327,36.129
2037,8,4,35.964,35.671
2037,8,5,35.298,35.337
2037,8,6,37.191,38.57
2037,8,7,37.913,38.952
2037,8,8,35.563,37.707
2037,8,9,30.591,36.499
2037,8,10,31.411,34.076
2037,8,11,34.666,34.868
2037,8,12,31.852,34.551
2037,8,13,32.051,34.679
2037,8,14,33.112,33.031
2037,8,15,34.407,28.344
2037,8,16,33.557,30.805
2037,8,17,36.819,31.669
2037,8,18,36.935,33.942
2037,8,19,38.03,34.451
2037,8,20,35.928,34.847
2037,8,21,29.739,33.826
2037,8,22,32.072,33.672
2037,8,23,32.818,34.169
2037,8,24,32.885,35.66
2037,8,25,31.153,33.071
2037,8,26,28.688,32.098
2037,8,27,28.921,32.222
2037,8,28,29.646,32.832
2037,8,29,32.998,32.326
2037,8,30,32.56,30.37
2037,8,31,30.435,28.432
2037,9,1,31.131,29.196
2037,9,2,31.875,32.116
2037,9,3,35.17,32.72
2037,9,4,34.358,30.014
2037,9,5,33.823,30.585
2037,9,6,34.069,34.248
2037,9,7,36.539,34.348
2037,9,8,34.109,34.789
2037,9,9,34.92,35.739
2037,9,10,34.114,36.863
2037,9,11,33.917,37.354
2037,9,12,29.693,37.644
2037,9,13,30.431,37.124
2037,9,14,32.158,37.233
2037,9,15,34.404,37.624
2037,9,16,33.589,36.446
2037,9,17,34.915,36.129
2037,9,18,36.369,35.571
2037,9,19,36.295,36.025
2037,9,20,33.981,34.946
2037,9,21,33.896,34.994
2037,9,22,33.115,34.449
2037,9,23,32.999,31.208
2037,9,24,32.526,31.371
2037,9,25,34.24,32.133
2037,9,26,31.956,34.652
2037,9,27,35.274,33.745
2037,9,28,34.503,31.241
2037,9,29,35.284,30.383
2037,9,30,33.611,29.21
2037,10,1,29.113,28.195
2037,10,2,28.087,32.846
2037,10,3,26.407,33.148
2037,10,4,24.778,29.836
2037,10,5,24.857,27.0
2037,10,6,28.119,26.616
2037,10,7,25.282,28.831
2037,10,8,23.661,32.419
2037,10,9,21.802,31.51
2037,10,10,22.819,30.153
2037,10,11,27.374,27.637
2037,10,12,31.231,28.945
2037,10,13,33.965,26.699
2037,10,14,33.255,22.083
2037,10,15,29.773,19.102
2037,10,16,30.562,18.239
2037,10,17,31.631,16.323
2037,10,18,30.205,18.378
2037,10,19,29.407,22.007
2037,10,20,30.383,24.947
2037,10,21,27.072,24.859
2037,10,22,28.88,24.269
2037,10,23,25.027,24.986
2037,10,24,23.341,24.071
2037,10,25,26.451,20.465
2037,10,26,25.572,16.443
2037,10,27,24.103,17.731
2037,10,28,20.172,17.41
2037,10,29,22.103,19.174
2037,10,30,22.148,20.928
2037,10,31,22.046,20.424
2037,11,1,19.894,17.221
2037,11,2,19.48,16.932
2037,11,3,20.198,16.655
2037,11,4,16.607,14.859
2037,11,5,14.895,15.185
2037,11,6,15.62,18.635
2037,11,7,18.317,17.935
2037,11,8,16.967,13.937
2037,11,9,17.683,19.283
2037,11,10,17.521,20.4
2037,11,11,17.889,20.859
2037,11,12,16.901,20.931
2037,11,13,18.029,20.489
2037,11,14,22.372,20.301
2037,11,15,19.915,21.575
2037,11,16,15.591,22.411
2037,11,17,16.672,22.289
2037,11,18,17.727,20.068
2037,11,19,17.21,18.903
2037,11,20,15.341,13.839
2037,11,21,15.574,15.426
2037,11,22,16.013,17.862
2037,11,23,16.657,16.893
2037,11,24,20.987,16.801
2037,11,25,23.095,14.012
2037,11,26,19.981,14.093
2037,11,27,12.008,13.293
2037,11,28,8.569,11.909
2037,11,29,15.159,14.959
2037,11,30,14.332,12.523
2037,12,1,16.135,16.433
2037,12,2,15.831,16.019
2037,12,3,16.584,19.776
2037,12,4,16.039,19.22
2037,12,5,12.079,16.754
2037,12,6,11.275,18.621
2037,12,7,15.47,17.584
2037,12,8,15.318,16.571
2037,12,9,18.09,18.635
2037,12,10,19.597,19.617
2037,12,11,19.268,17.356
2037,12,12,16.618,17.978
2037,12,13,9.825,19.448
2037,12,14,12.192,17.383
2037,12,15,13.788,18.577
2037,12,16,13.079,17.104
2037,12,17,14.06,19.065
2037,12,18,16.39,18.751
2037,12,19,16.536,17.527
2037,12,20,15.941,17.161
2037,12,21,12.651,17.337
2037,12,22,17.199,17.745
2037,12,23,17.276,17.798
2037,12,24,17.075,13.829
2037,12,25,19.174,14.647
2037,12,26,19.304,16.563
2037,12,27,12.543,17.42
2037,12,28,12.56,17.107
2037,12,29,12.741,18.542
2037,12,30,12.1,14.004
2037,12,31,11.977,14.455
2038,1,1,9.748,15.485
2038,1,2,8.285,15.136
2038,1,3,9.629,15.581
2038,1,4,10.397,13.105
2038,1,5,12.541,10.402
2038,1,6,13.629,11.533
2038,1,7,12.102,13.577
2038,1,8,11.099,10.197
2038,1,9,12.13,12.92
2038,1,10,12.489,13.381
2038,1,11,13.161,14.481
2038,1,12,14.31,14.09
2038,1,13,14.329,18.342
2038,1,14,14.751,14.46
2038,1,15,12.544,12.453
2038,1,16,11.145,13.322
2038,1,17,11.296,14.984
2038,1,18,13.235,14.677
2038,1,19,12.04,14.68
2038,1,20,9.328,13.54
2038,1,21,13.027,12.613
2038,1,22,13.662,11.876
2038,1,23,15.189,14.281
2038,1,24,14.386,11.889
2038,1,25,16.02,11.138
2038,1,26,15.555,16.929
2038,1,27,15.406,17.341
2038,1,28,12.908,16.807
2038,1,29,15.882,15.905
2038,1,30,16.029,16.297
2038,1,31,16.113,12.832
2038,2,1,18.99,12.813
2038,2,2,20.126,9.824
2038,2,3,18.336,7.699
2038,2,4,16.871,10.232
2038,2,5,16.91,12.624
2038,2,6,15.963,13.937
2038,2,7,16.621,13.59
2038,2,8,17.341,14.495
2038,2,9,18.647,13.668
2038,2,10,18.522,14.242
2038,2,11,18.301,14.592
2038,2,12,18.205,16.151
2038,2,13,20.842,12.574
2038,2,14,22.137,13.482
2038,2,15,21.423,16.266
2038,2,16,20.179,14.916
2038,2,17,20.187,14.766
2038,2,18,23.233,15.305
2038,2,19,21.68,16.4
2038,2,20,22.471,14.514
2038,2,21,23.338,14.66
2038,2,22,22.703,17.352
2038,2,23,23.695,15.652
2038,2,24,23.914,18.659
2038,2,25,20.528,21.382
2038,2,26,18.607,21.923
2038,2,27,20.639,19.944
2038,2,28,20.284,14.488
2038,3,1,19.78,10.561
2038,3,2,16.888,8.431
2038,3,3,16.117,7.01
2038,3,4,13.961,7.451
2038,3,5,14.812,9.476
2038,3,6,14.688,10.82
2038,3,7,15.447,12.963
2038,3,8,20.359,14.598
2038,3,9,24.28,15.649
2038,3,10,23.854,14.822
2038,3,11,23.714,13.464
2038,3,12,22.178,15.308
2038,3,13,23.259,13.75
2038,3,14,23.71,13.309
2038,3,15,22.988,16.644
2038,3,16,18.298,16.725
2038,3,17,21.14,14.371
2038,3,18,24.884,14.466
2038,3,19,24.109,17.07
2038,3,20,26.153,17.397
2038,3,21,24.062,16.249
2038,3,22,24.047,19.523
2038,3,23,25.784,22.4
2038,3,24,24.365,25.008
2038,3,25,26.313,27.182
2038,3,26,27.721,27.36
2038,3,27,25.734,28.258
2038,3,28,22.744,28.637
2038,3,29,20.168,30.244
2038,3,30,17.339,31.095
2038,3,31,18.273,28.603
2038,4,1,23.572,25.488
2038,4,2,25.206,25.895
2038,4,3,29.783,25.605
2038,4,4,27.069,24.541
2038,4,5,21.576,21.941
2038,4,6,20.949,21.962
2038,4,7,23.338,19.195
2038,4,8,27.857,21.604
2038,4,9,27.414,24.752
2038,4,10,23.527,27.284
2038,4,11,23.657,25.272
2038,4,12,26.713,25.713
2038,4,13,23.455,21.459
2038,4,14,20.008,19.725
2038,4,15,22.88,17.757
2038,4,16,20.969,18.276
2038,4,17,18.996,20.018
2038,4,18,14.411,20.717
2038,4,19,10.979,20.311
2038,4,20,12.952,21.845
2038,4,21,16.089,21.177
2038,4,22,20.857,21.198
2038,4,23,20.877,20.62
2038,4,24,24.149,20.397
2038,4,25,24.067,21.93
2038,4,26,27.888,21.73
2038,4,27,26.88,16.585
2038,4,28,25.969,16.58
2038,4,29,20.775,21.692
2038,4,30,18.644,20.403
2038,5,1,21.086,17.738
2038,5,2,23.464,19.421
2038,5,3,22.982,16.63
2038,5,4,20.719,19.663
2038,5,5,19.101,21.728
2038,5,6,21.149,26.41
2038,5,7,21.3,25.905
2038,5,8,21.754,21.806
2038,5,9,21.181,21.98
2038,5,10,21.69,20.076
2038,5,11,19.432,20.334
2038,5,12,24.236,20.819
2038,5,13,25.434,20.684
2038,5,14,27.312,17.853
2038,5,15,26.218,16.188
2038,5,16,23.496,20.938
2038,5,17,19.185,24.098
2038,5,18,17.7,22.355
2038,5,19,19.062,22.278
2038,5,20,18.178,24.021
2038,5,21,22.133,25.73
2038,5,22,27.606,28.539
2038,5,23,29.509,29.886
2038,5,24,30.787,31.057
2038,5,25,23.919,34.617
2038,5,26,16.996,35.391
2038,5,27,18.981,37.01
2038,5,28,20.411,36.661
2038,5,29,19.738,34.815
2038,5,30,15.518,33.334
2038,5,31,20.078,34.171
2038,6,1,25.516,34.152
2038,6,2,23.882,36.345
2038,6,3,24.699,36.822
2038,6,4,28.501,33.412
2038,6,5,29.334,31.597
2038,6,6,26.732,29.895
2038,6,7,24.69,30.63
2038,6,8,24.555,34.052
2038,6,9,24.616,34.121
2038,6,10,25.739,33.509
2038,6,11,16.521,32.884
2038,6,12,21.217,37.338
2038,6,13,23.595,39.224
2038,6,14,25.429,41.469
2038,6,15,26.511,40.256
2038,6,16,23.514,37.854
2038,6,17,22.205,36.583
2038,6,18,24.394,37.2
2038,6,19,23.945,36.062
2038,6,20,27.877,35.267
2038,6,21,29.504,35.225
2038,6,22,32.246,39.308
2038,6,23,34.334,38.766
2038,6,24,33.252,34.836
2038,6,25,30.314,33.97
2038,6,26,27.418,34.772
2038,6,27,26.803,34.673
2038,6,28,27.169,34.083
2038,6,29,29.262,33.832
2038,6,30,30.671,37.257
2038,7,1,30.867,37.74
2038,7,2,30.71,40.268
2038,7,3,31.479,40.364
2038,7,4,31.7,40.406
2038,7,5,30.495,39.334
2038,7,6,28.374,39.048
2038,7,7,31.063,38.786
2038,7,8,31.541,38.917
2038,7,9,30.631,40.428
2038,7,10,28.873,42.633
2038,7,11,27.028,42.473
2038,7,12,29.007,39.385
2038,7,13,28.379,35.265
2038,7,14,29.284,33.48
2038,7,15,28.819,32.391
2038,7,16,29.335,33.749
2038,7,17,30.879,35.727
2038,7,18,31.698,37.675
2038,7,19,34.024,38.884
2038,7,20,33.964,39.947
2038,7,21,34.182,39.417
2038,7,22,37.209,38.118
2038,7,23,37.898,35.752
2038,7,24,37.776,35.214
2038,7,25,37.599,36.237
2038,7,26,36.375,39.244
2038,7,27,35.878,42.974
2038,7,28,36.31,43.311
2038,7,29,34.34,42.323
2038,7,30,32.801,42.768
2038,7,31,36.376,41.66
2038,8,1,39.693,39.667
2038,8,2,41.269,43.592
2038,8,3,41.506,40.632
2038,8,4,43.638,38.946
2038,8,5,42.76,35.617
2038,8,6,42.865,34.111
2038,8,7,41.029,34.43
2038,8,8,40.629,33.595
2038,8,9,34.616,33.412
2038,8,10,32.949,32.987
2038,8,11,33.788,33.317
2038,8,12,29.881,34.159
2038,8,13,31.321,34.247
2038,8,14,32.239,33.405
2038,8,15,31.477,36.998
2038,8,16,33.525,38.967
2038,8,17,32.944,37.249
2038,8,18,29.899,36.184
2038,8,19,31.074,35.193
2038,8,20,30.934,33.208
2038,8,21,29.347,32.649
2038,8,22,30.2,32.01
2038,8,23,31.631,31.784
2038,8,24,34.245,31.346
2038,8,25,30.728,30.523
2038,8,26,26.664,29.109
2038,8,27,23.455,29.217
2038,8,28,30.35,28.983
2038,8,29,28.827,29.87
2038,8,30,32.818,30.175
2038,8,31,33.811,30.247
2038,9,1,27.881,30.968
2038,9,2,29.294,31.111
2038,9,3,32.461,34.746
2038,9,4,35.698,35.644
2038,9,5,35.339,36.774
2038,9,6,33.34,39.344
2038,9,7,27.854,39.686
2038,9,8,25.207,40.335
2038,9,9,26.729,39.886
2038,9,10,22.556,38.067
2038,9,11,25.079,37.599
2038,9,12,25.804,31.101
2038,9,13,25.086,23.597
2038,9,14,27.246,26.776
2038,9,15,28.207,28.272
2038,9,16,28.43,30.822
2038,9,17,29.374,32.091
2038,9,18,25.719,31.931
2038,9,19,28.955,29.758
2038,9,20,30.034,25.337
2038,9,21,31.29,22.473
2038,9,22,31.607,19.604
2038,9,23,31.266,18.648
2038,9,24,29.454,24.772
2038,9,25,28.721,22.824
2038,9,26,28.947,16.519
2038,9,27,29.675,18.534
2038,9,28,29.408,22.534
2038,9,29,31.497,24.352
2038,9,30,32.288,27.379
2038,10,1,33.393,27.129
2038,10,2,32.103,23.896
2038,10,3,35.397,21.834
2038,10,4,36.095,25.426
2038,10,5,34.396,26.981
2038,10,6,30.13,30.993
2038,10,7,28.85,28.211
2038,10,8,29.08,23.789
2038,10,9,25.744,22.351
2038,10,10,21.578,22.339
2038,10,11,18.109,24.014
2038,10,12,19.466,22.868
2038,10,13,20.206,26.558
2038,10,14,21.334,30.35
2038,10,15,21.646,30.186
2038,10,16,17.917,31.564
2038,10,17,21.067,27.201
2038,10,18,21.498,27.45
2038,10,19,20.091,28.794
2038,10,20,17.885,31.202
2038,10,21,16.802,29.38
2038,10,22,16.425,26.068
2038,10,23,17.879,24.053
2038,10,24,21.312,23.34
2038,10,25,23.339,19.73
2038,10,26,24.682,18.36
2038,10,27,24.802,17.396
2038,10,28,24.928,18.812
2038,10,29,21.136,17.97
2038,10,30,22.879,17.425
2038,10,31,23.017,17.242
2038,11,1,22.622,16.955
2038,11,2,24.412,17.047
2038,11,3,22.859,18.909
2038,11,4,24.04,19.749
2038,11,5,20.957,20.053
2038,11,6,21.256,23.437
2038,11,7,19.159,23.841
2038,11,8,20.332,22.944
2038,11,9,18.818,21.033
2038,11,10,15.468,20.502
2038,11,11,16.276,17.962
2038,11,12,15.046,18.045
2038,11,13,16.174,19.795
2038,11,14,15.673,18.596
2038,11,15,16.896,19.597
2038,11,16,14.36,19.542
2038,11,17,14.896,19.553
2038,11,18,13.951,21.031
2038,11,19,8.45,20.75
2038,11,20,13.266,20.012
2038,11,21,14.64,19.307
2038,11,22,14.983,17.78
2038,11,23,18.613,17.696
2038,11,24,16.207,17.264
2038,11,25,14.556,17.419
2038,11,26,16.818,18.124
2038,11,27,16.184,17.36
2038,11,28,17.354,18.486
2038,11,29,16.14,17.037
2038,11,30,13.966,18.286
2038,12,1,14.554,19.629
2038,12,2,14.121,21.563
2038,12,3,14.142,24.226
2038,12,4,16.922,23.27
2038,12,5,16.933,18.582
2038,12,6,15.737,17.832
2038,12,7,15.727,16.426
2038,12,8,15.124,16.848
2038,12,9,15.231,14.39
2038,12,10,18.184,15.316
2038,12,11,17.444,14.01
2038,12,12,17.315,12.064
2038,12,13,19.93,13.54
2038,12,14,18.16,12.061
2038,12,15,17.974,15.095
2038,12,16,17.825,15.118
2038,12,17,14.394,14.186
2038,12,18,11.986,16.828
2038,12,19,12.008,10.295
2038,12,20,11.209,9.713
2038,12,21,10.471,10.869
2038,12,22,10.893,11.332
2038,12,23,10.748,14.01
2038,12,24,12.332,15.844
2038,12,25,15.852,15.488
2038,12,26,16.12,12.916
2038,12,27,16.215,11.358
2038,12,28,15.732,14.58
2038,12,29,16.051,15.831
2038,12,30,14.405,13.908
2038,12,31,13.433,12.464
2039,1,1,15.143,10.628
2039,1,2,9.763,7.711
2039,1,3,9.989,11.978
2039,1,4,12.363,13.081
2039,1,5,11.837,13.434
2039,1,6,11.353,15.505
2039,1,7,12.632,13.905
2039,1,8,8.904,11.93
2039,1,9,11.832,11.92
2039,1,10,10.694,12.699
2039,1,11,13.027,11.937
2039,1,12,13.44,12.131
2039,1,13,16.035,12.688
2039,1,14,14.507,14.77
2039,1,15,15.776,15.046
2039,1,16,14.73,16.649
2039,1,17,13.223,15.791
2039,1,18,12.96,17.807
2039,1,19,11.91,17.012
2039,1,20,11.797,17.543
2039,1,21,13.285,18.635
2039,1,22,16.57,16.6
2039,1,23,15.462,14.503
2039,1,24,16.288,12.081
2039,1,25,13.355,9.695
2039,1,26,11.097,11.5
2039,1,27,14.635,11.842
2039,1,28,13.506,17.271
2039,1,29,12.795,15.224
2039,1,30,10.201,16.996
2039,1,31,8.096,18.293
2039,2,1,7.959,21.858
2039,2,2,12.694,23.414
2039,2,3,10.89,19.283
2039,2,4,12.585,20.183
2039,2,5,14.069,21.473
2039,2,6,16.297,20.023
2039,2,7,15.731,21.029
2039,2,8,18.884,20.704
2039,2,9,17.625,21.074
2039,2,10,17.514,19.704
2039,2,11,17.673,17.447
2039,2,12,15.365,18.416
2039,2,13,11.851,18.115
2039,2,14,11.545,12.464
2039,2,15,9.874,11.362
2039,2,16,10.135,16.008
2039,2,17,12.581,20.001
2039,2,18,12.25,18.289
2039,2,19,9.695,19.185
2039,2,20,11.461,18.421
2039,2,21,10.358,16.002
2039,2,22,13.183,16.139
2039,2,23,12.807,16.559
2039,2,24,13.258,17.44
2039,2,25,13.166,16.832
2039,2,26,13.508,19.955
2039,2,27,14.653,21.275
2039,2,28,15.528,24.306
2039,3,1,16.724,25.658
2039,3,2,12.492,27.589
2039,3,3,12.878,26.114
2039,3,4,13.068,24.21
2039,3,5,12.091,22.936
2039,3,6,11.991,20.256
2039,3,7,13.101,19.129
2039,3,8,13.059,18.243
2039,3,9,13.33,17.815
2039,3,10,15.972,21.215
2039,3,11,16.672,20.631
2039,3,12,13.206,21.08
2039,3,13,9.882,19.353
2039,3,14,10.633,16.269
2039,3,15,14.377,15.393
2039,3,16,12.108,18.943
2039,3,17,13.409,21.543
2039,3,18,12.458,24.625
2039,3,19,12.142,23.386
2039,3,20,14.447,21.436
2039,3,21,16.993,27.805
2039,3,22,18.393,27.1
2039,3,23,17.457,24.438
2039,3,24,15.63,24.213
2039,3,25,17.09,27.523
2039,3,26,20.724,24.869
2039,3,27,19.737,17.492
2039,3,28,18.403,22.827
2039,3,29,15.818,24.192
2039,3,30,13.391,26.207
2039,3,31,15.33,25.989
2039,4,1,16.913,26.616
2039,4,2,18.101,27.068
2039,4,3,17.551,26.211
2039,4,4,13.383,15.774
2039,4,5,13.77,18.017
2039,4,6,19.135,16.147
2039,4,7,21.259,14.688
2039,4,8,22.209,19.031
2039,4,9,20.408,21.882
2039,4,10,21.477,24.611
2039,4,11,22.898,25.849
2039,4,12,25.014,24.141
2039,4,13,21.327,24.024
2039,4,14,20.003,24.27
2039,4,15,22.171,21.642
2039,4,16,22.74,18.081
2039,4,17,18.595,14.729
2039,4,18,23.06,14.232
2039,4,19,25.513,15.161
2039,4,20,23.772,19.07
2039,4,21,24.017,23.366
2039,4,22,22.428,26.613
2039,4,23,26.77,25.752
2039,4,24,29.732,18.161
2039,4,25,33.372,10.92
2039,4,26,32.565,10.224
2039,4,27,30.6,12.907
2039,4,28,29.864,14.354
2039,4,29,27.712,12.862
2039,4,30,17.57,13.103
2039,5,1,10.461,16.785
2039,5,2,14.474,16.467
2039,5,3,15.594,17.356
2039,5,4,22.668,16.202
2039,5,5,26.274,17.717
2039,5,6,29.531,19.105
2039,5,7,28.924,20.298
2039,5,8,29.715,18.06
2039,5,9,27.167,16.08
2039,5,10,25.184,16.926
2039,5,11,29.732,19.638
2039,5,12,33.18,23.569
2039,5,13,35.874,16.201
2039,5,14,34.93,19.461
2039,5,15,29.421,19.919
2039,5,16,29.026,18.679
2039,5,17,30.667,19.883
2039,5,18,34.259,19.653
2039,5,19,35.698,17.447
2039,5,20,36.423,22.394
2039,5,21,36.611,23.741
2039,5,22,35.738,23.906
2039,5,23,32.49,26.689
2039,5,24,36.396,26.632
2039,5,25,38.43,26.05
2039,5,26,41.372,23.741
2039,5,27,41.066,17.907
2039,5,28,37.241,24.897
2039,5,29,36.359,25.921
2039,5,30,31.731,31.452
2039,5,31,28.825,32.284
2039,6,1,26.556,31.997
2039,6,2,23.457,34.959
2039,6,3,27.715,34.691
2039,6,4,36.008,29.38
2039,6,5,39.137,26.442
2039,6,6,37.701,28.012
2039,6,7,36.527,32.866
2039,6,8,36.202,32.994
2039,6,9,34.465,32.555
2039,6,10,34.187,30.287
2039,6,11,32.057,33.194
2039,6,12,29.848,36.073
2039,6,13,30.403,36.614
2039,6,14,36.618,36.791
2039,6,15,39.951,36.192
2039,6,16,41.014,37.904
2039,6,17,42.988,40.187
2039,6,18,42.108,40.264
2039,6,19,38.965,38.857
2039,6,20,35.99,37.619
2039,6,21,33.043,36.282
2039,6,22,27.972,36.142
2039,6,23,25.864,35.975
2039,6,24,25.771,34.078
2039,6,25,25.671,31.272
2039,6,26,28.23,33.992
2039,6,27,30.839,34.185
2039,6,28,32.271,37.515
2039,6,29,32.804,36.474
2039,6,30,29.734,33.458
2039,7,1,30.965,32.062
2039,7,2,34.575,33.694
2039,7,3,38.917,33.558
2039,7,4,41.426,31.922
2039,7,5,39.449,33.02
2039,7,6,39.963,34.275
2039,7,7,38.068,32.803
2039,7,8,38.434,34.907
2039,7,9,37.277,36.023
2039,7,10,36.597,36.561
2039,7,11,40.013,37.058
2039,7,12,38.761,35.461
2039,7,13,39.647,34.448
2039,7,14,37.201,37.429
2039,7,15,34.295,39.002
2039,7,16,33.236,43.294
2039,7,17,32.79,42.544
2039,7,18,33.609,38.317
2039,7,19,36.088,39.973
2039,7,20,39.525,42.049
2039,7,21,40.002,41.548
2039,7,22,40.661,41.587
2039,7,23,41.59,37.363
2039,7,24,43.308,38.94
2039,7,25,43.922,38.056
2039,7,26,42.656,38.297
2039,7,27,43.728,40.049
2039,7,28,40.134,39.048
2039,7,29,41.025,41.94
2039,7,30,41.115,42.692
2039,7,31,40.34,42.948
2039,8,1,39.074,41.385
2039,8,2,34.981,40.814
2039,8,3,33.069,43.044
2039,8,4,33.65,45.29
2039,8,5,34.155,42.789
2039,8,6,34.154,43.686
2039,8,7,31.825,43.26
2039,8,8,35.435,42.027
2039,8,9,33.346,41.016
2039,8,10,32.814,44.615
2039,8,11,32.952,47.143
2039,8,12,33.359,47.007
2039,8,13,33.279,45.871
2039,8,14,33.754,42.063
2039,8,15,36.383,38.967
2039,8,16,38.404,39.691
2039,8,17,39.328,42.02
2039,8,18,39.074,40.848
2039,8,19,40.227,41.909
2039,8,20,40.983,42.61
2039,8,21,40.173,43.463
2039,8,22,38.684,42.223
2039,8,23,31.653,41.173
2039,8,24,33.538,37.162
2039,8,25,34.764,32.167
2039,8,26,36.346,32.152
2039,8,27,34.716,32.412
2039,8,28,32.128,31.796
2039,8,29,32.193,31.039
2039,8,30,31.883,33.935
2039,8,31,31.325,34.757
2039,9,1,33.098,34.466
2039,9,2,33.671,34.541
2039,9,3,37.236,38.513
2039,9,4,38.404,37.172
2039,9,5,39.891,34.313
2039,9,6,39.866,32.931
2039,9,7,38.789,33.448
2039,9,8,36.802,35.267
2039,9,9,32.528,31.233
2039,9,10,28.671,30.639
2039,9,11,27.277,29.434
2039,9,12,29.373,30.824
2039,9,13,32.844,34.452
2039,9,14,35.639,36.32
2039,9,15,36.596,35.823
2039,9,16,37.291,31.666
2039,9,17,37.397,31.653
2039,9,18,36.57,32.569
2039,9,19,34.69,28.922
2039,9,20,34.567,25.266
2039,9,21,32.375,26.647
2039,9,22,26.358,27.871
2039,9,23,26.316,26.972
2039,9,24,33.495,25.626
2039,9,25,33.446,30.245
2039,9,26,35.85,33.401
2039,9,27,35.746,34.206
2039,9,28,35.911,36.198
2039,9,29,35.554,36.756
2039,9,30,34.403,38.063
2039,10,1,31.569,37.055
2039,10,2,30.362,35.62
2039,10,3,26.973,30.887
2039,10,4,23.688,31.001
2039,10,5,20.719,29.93
2039,10,6,23.32,22.527
2039,10,7,28.26,27.089
2039,10,8,27.588,29.557
2039,10,9,30.176,30.94
2039,10,10,30.003,30.697
2039,10,11,31.21,33.158
2039,10,12,24.775,32.851
2039,10,13,21.809,32.633
2039,10,14,23.572,30.794
2039,10,15,25.516,26.657
2039,10,16,24.486,24.237
2039,10,17,22.305,24.93
2039,10,18,19.508,24.714
2039,10,19,18.649,26.568
2039,10,20,16.281,28.752
2039,10,21,16.746,29.898
2039,10,22,20.001,29.844
2039,10,23,22.449,27.451
2039,10,24,19.551,26.555
2039,10,25,17.61,24.673
2039,10,26,18.22,24.994
2039,10,27,20.697,28.049
2039,10,28,20.849,27.648
2039,10,29,19.874,23.305
2039,10,30,19.692,24.513
2039,10,31,17.436,25.739
2039,11,1,19.591,22.472
2039,11,2,20.093,19.487
2039,11,3,21.122,17.608
2039,11,4,19.936,16.163
2039,11,5,19.139,19.242
2039,11,6,22.635,20.961
2039,11,7,20.837,21.432
2039,11,8,20.777,22.207
2039,11,9,20.536,16.701
2039,11,10,20.58,18.294
2039,11,11,20.05,19.234
2039,11,12,18.47,17.79
2039,11,13,14.165,18.998
2039,11,14,16.649,15.222
2039,11,15,16.837,13.421
2039,11,16,19.051,16.421
2039,11,17,16.219,18.723
2039,11,18,19.054,22.39
2039,11,19,19.893,21.92
2039,11,20,19.297,22.763
2039,11,21,15.528,20.883
2039,11,22,13.648,18.717
2039,11,23,12.879,18.462
2039,11,24,13.631,16.566
2039,11,25,13.954,19.607
2039,11,26,13.836,21.008
2039,11,27,11.735,17.762
2039,11,28,11.624,15.991
2039,11,29,11.481,15.547
2039,11,30,10.922,13.922
2039,12,1,6.978,11.594
2039,12,2,9.101,7.826
2039,12,3,11.484,8.812
2039,12,4,14.663,7.907
2039,12,5,13.235,7.684
2039,12,6,10.65,12.788
2039,12,7,10.594,11.647
2039,12,8,6.703,8.018
2039,12,9,9.411,10.637
2039,12,10,8.381,12.409
2039,12,11,8.773,12.959
2039,12,12,7.549,14.48
2039,12,13,9.623,15.253
2039,12,14,10.953,13.946
2039,12,15,7.554,12.017
2039,12,16,9.854,11.663
2039,12,17,13.19,8.912
2039,12,18,12.519,9.183
2039,12,19,13.197,9.604
2039,12,20,16.335,9.56
2039,12,21,19.962,5.739
2039,12,22,22.304,4.921
2039,12,23,18.756,5.76
2039,12,24,21.078,9.33
2039,12,25,22.287,10.119
2039,12,26,16.372,9.792
2039,12,27,16.536,7.472
2039,12,28,8.151,10.066
2039,12,29,13.289,8.397
2039,12,30,14.177,14.011
2039,12,31,15.134,14.351
2040,1,1,15.712,14.375
2040,1,2,17.096,12.939
2040,1,3,17.248,12.915
2040,1,4,17.748,13.491
2040,1,5,15.679,12.14
2040,1,6,16.394,11.845
2040,1,7,16.624,13.409
2040,1,8,15.401,13.578
2040,1,9,14.497,14.364
2040,1,10,11.212,12.684
2040,1,11,12.645,8.933
2040,1,12,13.794,10.286
2040,1,13,12.593,10.239
2040,1,14,14.44,12.667
2040,1,15,13.243,11.472
2040,1,16,11.437,12.499
2040,1,17,12.283,11.671
2040,1,18,14.395,11.864
2040,1,19,15.54,12.862
2040,1,20,16.147,12.962
2040,1,21,14.941,14.156
2040,1,22,15.29,16.021
2040,1,23,13.519,13.989
2040,1,24,11.052,14.296
2040,1,25,12.375,13.343
2040,1,26,11.66,11.632
2040,1,27,14.822,10.465
2040,1,28,17.756,9.48
2040,1,29,18.667,16.245
2040,1,30,17.628,14.99
2040,1,31,17.111,10.637
2040,2,1,17.649,11.692
2040,2,2,16.238,12.253
2040,2,3,17.016,12.144
2040,2,4,14.414,10.763
2040,2,5,6.418,14.172
2040,2,6,10.436,15.847
2040,2,7,12.094,14.306
2040,2,8,12.322,15.24
2040,2,9,12.445,14.374
2040,2,10,13.648,16.978
2040,2,11,15.746,17.038
2040,2,12,16.388,16.164
2040,2,13,16.835,16.04
2040,2,14,16.431,10.321
2040,2,15,16.724,12.561
2040,2,16,15.741,17.427
2040,2,17,16.22,15.907
2040,2,18,18.861,11.608
2040,2,19,18.995,13.973
2040,2,20,20.787,14.941
2040,2,21,19.144,15.139
2040,2,22,17.311,17.107
2040,2,23,16.911,16.049
2040,2,24,16.161,11.969
2040,2,25,15.284,13.706
2040,2,26,12.361,16.04
2040,2,27,9.081,17.115
2040,2,28,10.922,18.316
2040,2,29,12.157,17.923
2040,3,1,9.688,10.383
2040,3,2,13.241,12.725
2040,3,3,15.091,17.211
2040,3,4,14.795,16.786
2040,3,5,14.165,16.139
2040,3,6,16.127,17.029
2040,3,7,21.433,14.043
2040,3,8,22.907,14.392
2040,3,9,21.209,13.296
2040,3,10,23.589,14.283
2040,3,11,22.317,11.729
2040,3,12,16.034,15.024
2040,3,13,15.035,14.612
2040,3,14,17.354,17.657
2040,3,15,19.524,18.965
2040,3,16,19.124,22.74
2040,3,17,19.996,23.58
2040,3,18,17.101,24.301
2040,3,19,18.838,23.841
2040,3,20,20.407,21.096
2040,3,21,20.105,21.424
2040,3,22,23.374,20.381
2040,3,23,25.998,17.834
2040,3,24,24.209,17.876
2040,3,25,24.425,12.913
2040,3,26,25.203,15.525
2040,3,27,23.019,17.024
2040,3,28,20.254,18.257
2040,3,29,16.26,22.03
2040,3,30,14.57,25.064
2040,3,31,21.409,27.395
2040,4,1,25.761,29.084
2040,4,2,22.598,29.376
2040,4,3,22.935,29.411
2040,4,4,23.383,25.623
2040,4,5,19.796,26.593
2040,4,6,13.453,25.858
2040,4,7,11.963,24.434
2040,4,8,14.384,21.172
2040,4,9,14.191,24.317
2040,4,10,19.62,23.86
2040,4,11,21.127,20.606
2040,4,12,22.755,19.59
2040,4,13,26.612,20.596
2040,4,14,27.663,20.56
2040,4,15,26.387,22.705
2040,4,16,24.023,21.726
2040,4,17,14.871,20.982
2040,4,18,16.745,25.782
2040,4,19,18.738,30.469
2040,4,20,19.65,29.285
2040,4,21,23.152,30.702
2040,4,22,25.46,30.732
2040,4,23,27.815,28.847
2040,4,24,23.264,28.956
2040,4,25,23.103,27.649
2040,4,26,21.184,24.571
2040,4,27,19.622,26.256
2040,4,28,20.743,19.482
2040,4,29,18.887,17.412
2040,4,30,17.319,16.854
2040,5,1,21.779,19.586
2040,5,2,22.86,17.056
2040,5,3,22.774,14.437
2040,5,4,21.592,14.496
2040,5,5,19.437,20.878
2040,5,6,20.235,24.493
2040,5,7,25.565,29.496
2040,5,8,25.437,28.852
2040,5,9,26.253,30.373
2040,5,10,27.972,31.629
2040,5,11,24.97,30.28
2040,5,12,21.479,27.445
2040,5,13,19.555,26.908
2040,5,14,22.807,27.484
2040,5,15,26.76,25.608
2040,5,16,32.442,21.527
2040,5,17,35.271,23.011
2040,5,18,34.493,26.553
2040,5,19,32.954,29.077
2040,5,20,30.325,28.612
2040,5,21,24.725,30.213
2040,5,22,18.572,33.752
2040,5,23,16.646,34.771
2040,5,24,21.886,33.662
2040,5,25,27.998,29.144
2040,5,26,31.58,27.954
2040,5,27,33.578,31.504
2040,5,28,35.075,30.646
2040,5,29,35.169,29.177
2040,5,30,34.188,28.585
2040,5,31,29.381,25.611
2040,6,1,23.169,23.366
2040,6,2,17.437,23.618
2040,6,3,18.795,26.819
2040,6,4,22.799,29.322
2040,6,5,24.839,33.254
2040,6,6,20.814,33.488
2040,6,7,21.63,34.808
2040,6,8,19.073,35.528
2040,6,9,23.506,29.744
2040,6,10,27.03,27.711
2040,6,11,27.686,34.321
2040,6,12,29.218,32.383
2040,6,13,31.88,36.746
2040,6,14,34.006,38.526
2040,6,15,34.666,42.223
2040,6,16,33.858,41.23
2040,6,17,32.843,33.201
2040,6,18,34.714,26.631
2040,6,19,33.666,30.036
2040,6,20,28.769,30.782
2040,6,21,29.556,30.284
2040,6,22,31.257,28.742
2040,6,23,33.807,26.342
2040,6,24,30.231,31.763
2040,6,25,31.419,34.613
2040,6,26,31.852,35.494
2040,6,27,31.644,35.775
2040,6,28,34.599,35.156
2040,6,29,36.247,34.752
2040,6,30,36.295,36.149
2040,7,1,37.673,38.727
2040,7,2,37.484,37.343
2040,7,3,35.185,35.855
2040,7,4,36.053,34.48
2040,7,5,38.816,34.41
2040,7,6,40.308,32.521
2040,7,7,39.163,35.638
2040,7,8,40.509,37.151
2040,7,9,40.535,37.44
2040,7,10,40.615,37.111
2040,7,11,41.852,37.438
2040,7,12,41.753,40.579
2040,7,13,41.87,39.974
2040,7,14,40.459,40.071
2040,7,15,36.662,40.01
2040,7,16,33.598,39.987
2040,7,17,32.026,40.165
2040,7,18,31.71,39.106
2040,7,19,32.41,38.07
2040,7,20,32.584,37.244
2040,7,21,34.276,37.855
2040,7,22,37.092,38.224
2040,7,23,35.736,36.729
2040,7,24,38.238,37.009
2040,7,25,39.602,35.666
2040,7,26,39.197,38.156
2040,7,27,41.259,37.956
2040,7,28,40.669,34.646
2040,7,29,37.636,32.993
2040,7,30,38.669,31.875
2040,7,31,39.735,31.772
2040,8,1,41.974,36.006
2040,8,2,42.459,38.97
2040,8,3,42.493,38.138
2040,8,4,40.731,38.581
2040,8,5,37.564,38.202
2040,8,6,35.307,38.153
2040,8,7,34.813,40.231
2040,8,8,34.693,41.1
2040,8,9,35.174,41.332
2040,8,10,35.949,40.694
2040,8,11,39.354,39.197
2040,8,12,41.968,38.507
2040,8,13,40.643,37.071
2040,8,14,39.369,35.459
2040,8,15,38.381,38.34
2040,8,16,41.325,37.843
2040,8,17,41.129,36.121
2040,8,18,38.558,34.016
2040,8,19,38.819,33.127
2040,8,20,36.429,31.977
2040,8,21,33.108,31.475
2040,8,22,29.913,28.572
2040,8,23,29.59,30.396
2040,8,24,27.723,30.986
2040,8,25,22.096,27.927
2040,8,26,16.44,28.028
2040,8,27,22.698,31.415
2040,8,28,29.687,32.181
2040,8,29,30.151,30.633
2040,8,30,31.036,31.678
2040,8,31,30.867,34.485
2040,9,1,31.178,35.027
2040,9,2,31.517,36.541
2040,9,3,31.512,36.337
2040,9,4,30.837,38.274
2040,9,5,29.595,38.244
2040,9,6,31.368,39.9
2040,9,7,27.715,38.535
2040,9,8,27.32,39.068
2040,9,9,27.725,37.815
2040,9,10,31.046,37.439
2040,9,11,31.769,32.563
2040,9,12,33.579,29.671
2040,9,13,36.835,27.858
2040,9,14,40.392,26.62
2040,9,15,40.455,21.01
2040,9,16,32.909,21.001
2040,9,17,29.517,21.323
2040,9,18,31.618,24.955
2040,9,19,31.104,25.604
2040,9,20,31.308,19.537
2040,9,21,29.218,19.787
2040,9,22,24.41,24.116
2040,9,23,25.674,24.578
2040,9,24,24.747,24.805
2040,9,25,32.354,30.406
2040,9,26,35.957,30.614
2040,9,27,37.949,31.758
2040,9,28,36.227,30.466
2040,9,29,35.467,30.047
2040,9,30,33.805,25.654
2040,10,1,32.077,24.485
2040,10,2,31.584,22.278
2040,10,3,31.738,23.493
2040,10,4,30.95,23.727
2040,10,5,31.393,26.261
2040,10,6,31.007,26.664
2040,10,7,32.328,28.12
2040,10,8,32.581,30.743
2040,10,9,32.526,30.3
2040,10,10,32.455,29.091
2040,10,11,27.805,26.786
2040,10,12,25.486,29.466
2040,10,13,25.648,31.122
2040,10,14,18.87,29.789
2040,10,15,22.04,25.07
2040,10,16,19.19,25.402
2040,10,17,14.33,26.504
2040,10,18,14.395,20.22
2040,10,19,18.237,19.514
2040,10,20,21.315,17.678
2040,10,21,23.874,17.912
2040,10,22,24.157,16.22
2040,10,23,24.63,16.275
2040,10,24,25.078,17.988
2040,10,25,21.953,20.626
2040,10,26,22.425,20.534
2040,10,27,24.113,21.081
2040,10,28,25.583,20.972
2040,10,29,25.593,21.461
2040,10,30,23.836,26.014
2040,10,31,22.855,24.667
2040,11,1,25.691,22.974
2040,11,2,25.806,19.164
2040,11,3,22.157,18.577
2040,11,4,20.165,22.888
2040,11,5,18.094,21.172
2040,11,6,18.264,22.956
2040,11,7,18.205,19.036
2040,11,8,20.626,18.044
2040,11,9,19.679,20.509
2040,11,10,21.638,19.494
2040,11,11,22.332,21.625
2040,11,12,23.893,21.02
2040,11,13,20.082,21.299
2040,11,14,17.628,23.635
2040,11,15,14.484,20.347
2040,11,16,13.388,19.572
2040,11,17,12.06,21.514
2040,11,18,8.93,19.008
2040,11,19,14.37,14.325
2040,11,20,17.97,14.894
2040,11,21,19.538,14.469
2040,11,22,17.198,16.043
2040,11,23,20.071,16.686
2040,11,24,16.791,16.226
2040,11,25,17.626,16.716
2040,11,26,18.365,17.884
2040,11,27,18.097,18.68
2040,11,28,16.061,16.559
2040,11,29,13.177,15.539
2040,11,30,10.87,17.946
2040,12,1,13.755,15.535
2040,12,2,13.474,15.9
2040,12,3,12.193,17.746
2040,12,4,14.304,20.066
2040,12,5,14.41,20.383
2040,12,6,14.802,19.699
2040,12,7,16.401,16.945
2040,12,8,15.589,17.455
2040,12,9,13.472,18.671
2040,12,10,16.15,16.801
2040,12,11,13.522,19.656
2040,12,12,12.421,20.276
2040,12,13,11.358,18.059
2040,12,14,11.702,17.097
2040,12,15,15.223,14.638
2040,12,16,14.13,15.93
2040,12,17,14.331,15.911
2040,12,18,4.601,16.61
2040,12,19,4.68,18.811
2040,12,20,8.918,17.399
2040,12,21,11.941,19.33
2040,12,22,14.753,17.01
2040,12,23,9.163,18.258
2040,12,24,8.517,16.015
2040,12,25,9.774,13.839
2040,12,26,11.295,14.711
2040,12,27,11.771,15.507
2040,12,28,11.943,15.124
2040,12,29,14.555,17.581
2040,12,30,15.398,17.057
2040,12,31,16.629,18.127
2041,1,1,13.501,20.066
2041,1,2,13.494,19.347
2041,1,3,16.145,17.425
2041,1,4,12.722,16.486
2041,1,5,10.869,14.855
2041,1,6,9.96,14.189
2041,1,7,9.727,13.162
2041,1,8,10.22,14.649
2041,1,9,13.487,14.749
2041,1,10,9.153,13.857
2041,1,11,8.594,16.969
2041,1,12,10.175,17.431
2041,1,13,11.037,20.334
2041,1,14,12.509,17.675
2041,1,15,13.908,17.738
2041,1,16,14.964,13.961
2041,1,17,14.654,14.621
2041,1,18,15.17,11.479
2041,1,19,18.541,11.929
2041,1,20,19.215,12.471
2041,1,21,18.358,12.2
2041,1,22,16.008,12.585
2041,1,23,12.848,14.956
2041,1,24,14.905,14.821
2041,1,25,15.34,11.235
2041,1,26,10.969,8.266
2041,1,27,12.123,11.576
2041,1,28,12.767,11.334
2041,1,29,12.458,12.054
2041,1,30,14.326,14.912
2041,1,31,15.242,15.444
2041,2,1,10.927,16.337
2041,2,2,10.651,16.511
2041,2,3,10.339,15.291
2041,2,4,11.604,14.659
2041,2,5,10.769,14.243
2041,2,6,11.785,15.519
2041,2,7,12.221,13.695
2041,2,8,15.481,13.703
2041,2,9,18.049,13.12
2041,2,10,21.83,14.329
2041,2,11,20.203,17.11
2041,2,12,21.695,16.917
2041,2,13,20.33,18.243
2041,2,14,22.21,18.143
2041,2,15,21.178,17.132
2041,2,16,17.814,16.009
2041,2,17,11.607,15.926
2041,2,18,16.131,18.09
2041,2,19,15.586,18.09
2041,2,20,15.962,17.183
2041,2,21,13.088,18.49
2041,2,22,11.989,17.793
2041,2,23,12.237,18.821
2041,2,24,13.057,16.75
2041,2,25,11.39,14.585
2041,2,26,11.366,10.575
2041,2,27,13.147,13.166
2041,2,28,14.374,13.571
2041,3,1,15.148,15.852
2041,3,2,16.518,15.903
2041,3,3,13.321,13.53
2041,3,4,11.422,15.516
2041,3,5,10.107,18.329
2041,3,6,13.808,20.451
2041,3,7,15.173,19.138
2041,3,8,12.349,15.378
2041,3,9,12.572,16.749
2041,3,10,14.272,14.023
2041,3,11,15.412,15.993
2041,3,12,14.615,14.941
2041,3,13,13.71,14.599
2041,3,14,12.867,16.962
2041,3,15,12.226,15.433
2041,3,16,12.223,14.305
2041,3,17,9.928,17.355
2041,3,18,11.476,18.066
2041,3,19,7.737,15.747
2041,3,20,9.434,12.152
2041,3,21,9.222,15.612
2041,3,22,8.41,19.686
2041,3,23,13.616,18.589
2041,3,24,16.319,19.174
2041,3,25,23.121,19.08
2041,3,26,28.287,14.832
2041,3,27,27.858,15.56
2041,3,28,27.613,19.921
2041,3,29,21.965,19.838
2041,3,30,21.029,23.948
2041,3,31,24.623,26.794
2041,4,1,26.044,26.665
2041,4,2,27.174,29.272
2041,4,3,26.731,31.596
2041,4,4,25.318,30.796
2041,4,5,21.77,30.437
2041,4,6,21.796,27.154
2041,4,7,19.446,24.788
2041,4,8,18.396,24.733
2041,4,9,14.661,21.99
2041,4,10,15.598,14.448
2041,4,11,21.488,11.663
2041,4,12,23.176,12.818
2041,4,13,27.876,13.915
2041,4,14,29.128,12.809
2041,4,15,30.831,19.719
2041,4,16,32.016,21.923
2041,4,17,33.767,22.499
2041,4,18,33.221,21.305
2041,4,19,30.002,16.414
2041,4,20,26.416,14.124
2041,4,21,22.968,16.152
2041,4,22,23.058,19.255
2041,4,23,25.016,17.347
2041,4,24,28.75,12.48
2041,4,25,26.984,14.937
2041,4,26,24.427,22.591
2041,4,27,20.667,21.417
2041,4,28,23.263,24.513
2041,4,29,26.285,20.662
2041,4,30,24.927,18.92
2041,5,1,20.662,14.752
2041,5,2,23.755,14.395
2041,5,3,25.128,21.098
2041,5,4,28.809,27.425
2041,5,5,29.124,29.963
2041,5,6,27.407,27.832
2041,5,7,29.49,23.538
2041,5,8,30.403,22.193
2041,5,9,32.171,21.758
2041,5,10,33.364,19.991
2041,5,11,31.874,17.633
2041,5,12,30.301,19.651
2041,5,13,25.1,23.677
2041,5,14,23.991,26.414
2041,5,15,20.397,28.13
2041,5,16,26.307,28.102
2041,5,17,28.114,28.361
2041,5,18,27.868,26.788
2041,5,19,27.474,26.867
2041,5,20,26.286,26.729
2041,5,21,23.35,24.064
2041,5,22,25.771,21.816
2041,5,23,27.898,23.103
2041,5,24,30.654,23.693
2041,5,25,30.697,24.012
2041,5,26,30.582,24.25
2041,5,27,26.493,26.247
2041,5,28,25.548,29.982
2041,5,29,27.211,35.268
2041,5,30,25.674,35.478
2041,5,31,20.754,35.112
2041,6,1,19.597,30.067
2041,6,2,26.373,26.682
2041,6,3,30.753,25.971
2041,6,4,31.685,26.512
2041,6,5,32.629,25.886
2041,6,6,32.146,24.74
2041,6,7,30.764,24.017
2041,6,8,31.048,24.793
2041,6,9,31.126,26.219
2041,6,10,31.886,27.441
2041,6,11,30.107,27.141
2041,6,12,29.505,22.065
2041,6,13,32.924,27.216
2041,6,14,36.55,33.075
2041,6,15,37.799,36.075
2041,6,16,37.763,38.083
2041,6,17,37.575,36.417
2041,6,18,37.883,36.308
2041,6,19,36.745,32.464
2041,6,20,36.501,29.71
2041,6,21,36.541,28.695
2041,6,22,36.093,24.383
2041,6,23,32.965,28.614
2041,6,24,30.516,31.443
2041,6,25,30.055,32.121
2041,6,26,30.185,31.271
2041,6,27,32.699,30.417
2041,6,28,38.548,31.351
2041,6,29,38.927,32.429
2041,6,30,38.085,31.549
2041,7,1,37.232,30.891
2041,7,2,35.395,32.166
2041,7,3,33.67,33.387
2041,7,4,35.828,32.903
2041,7,5,34.734,33.616
2041,7,6,36.433,34.211
2041,7,7,36.951,36.333
2041,7,8,38.744,35.469
2041,7,9,38.004,35.068
2041,7,10,37.779,38.43
2041,7,11,36.784,39.933
2041,7,12,36.028,40.222
2041,7,13,35.952,39.921
2041,7,14,36.037,40.301
2041,7,15,34.719,40.519
2041,7,16,33.859,39.114
2041,7,17,33.339,38.571
2041,7,18,33.409,36.312
2041,7,19,34.79,35.742
2041,7,20,38.399,36.645
2041,7,21,38.463,38.902
2041,7,22,38.649,40.066
2041,7,23,39.92,38.231
2041,7,24,41.606,38.561
2041,7,25,42.667,35.807
2041,7,26,42.309,34.438
2041,7,27,42.284,34.504
2041,7,28,41.176,34.304
2041,7,29,38.501,31.954
2041,7,30,36.216,32.704
2041,7,31,35.911,33.157
2041,8,1,40.687,34.189
2041,8,2,41.355,34.951
2041,8,3,40.234,35.463
2041,8,4,39.517,35.028
2041,8,5,41.009,35.035
2041,8,6,38.89,34.474
2041,8,7,38.959,32.875
2041,8,8,37.193,32.533
2041,8,9,36.165,34.628
2041,8,10,36.676,37.285
2041,8,11,39.438,39.688
2041,8,12,35.058,38.261
2041,8,13,34.684,32.796
2041,8,14,38.802,31.089
2041,8,15,38.172,32.475
2041,8,16,34.65,33.986
2041,8,17,34.266,33.336
2041,8,18,31.649,35.3
2041,8,19,30.595,32.424
2041,8,20,30.762,24.425
2041,8,21,33.023,33.14
2041,8,22,33.47,33.972
2041,8,23,34.805,33.056
2041,8,24,34.646,28.152
2041,8,25,38.923,28.696
2041,8,26,37.458,28.681
2041,8,27,37.43,30.29
2041,8,28,36.761,33.6
2041,8,29,36.642,33.543
2041,8,30,35.897,32.18
2041,8,31,36.298,31.665
2041,9,1,37.672,30.764
2041,9,2,34.202,27.603
2041,9,3,30.956,27.743
2041,9,4,31.349,26.968
2041,9,5,33.623,28.153
2041,9,6,32.472,29.288
2041,9,7,33.415,30.668
2041,9,8,30.852,30.962
2041,9,9,27.825,29.877
2041,9,10,27.348,28.742
2041,9,11,34.769,29.946
2041,9,12,35.782,33.39
2041,9,13,35.113,34.913
2041,9,14,36.417,34.08
2041,9,15,34.085,25.171
2041,9,16,33.844,21.835
2041,9,17,33.055,22.631
2041,9,18,34.857,25.561
2041,9,19,35.296,27.072
2041,9,20,35.099,28.237
2041,9,21,36.284,31.191
2041,9,22,35.159,30.239
2041,9,23,35.387,31.615
2041,9,24,36.334,28.256
2041,9,25,34.538,27.62
2041,9,26,30.329,28.383
2041,9,27,32.08,32.639
2041,9,28,32.588,34.613
2041,9,29,28.871,34.838
2041,9,30,27.31,33.691
2041,10,1,27.798,34.313
2041,10,2,30.373,33.453
2041,10,3,30.642,34.05
2041,10,4,30.231,33.555
2041,10,5,22.778,30.182
2041,10,6,24.4,27.539
2041,10,7,27.758,31.579
2041,10,8,29.744,36.526
2041,10,9,30.37,36.399
2041,10,10,30.459,32.746
2041,10,11,30.406,28.714
2041,10,12,30.539,30.612
2041,10,13,25.782,30.651
2041,10,14,22.762,28.853
2041,10,15,20.62,28.165
2041,10,16,23.838,29.503
2041,10,17,30.245,28.685
2041,10,18,31.987,30.437
2041,10,19,33.646,31.073
2041,10,20,30.52,28.281
2041,10,21,29.955,27.772
2041,10,22,27.232,28.758
2041,10,23,29.487,28.398
2041,10,24,26.883,24.971
2041,10,25,24.772,26.082
2041,10,26,19.047,28.779
2041,10,27,19.41,30.471
2041,10,28,22.926,29.393
2041,10,29,22.628,28.339
2041,10,30,15.987,29.16
2041,10,31,9.735,28.791
2041,11,1,17.669,27.828
2041,11,2,18.213,28.375
2041,11,3,19.497,25.873
2041,11,4,22.293,22.754
2041,11,5,21.386,20.15
2041,11,6,20.966,17.537
2041,11,7,18.28,16.342
2041,11,8,20.513,15.738
2041,11,9,24.62,19.23
2041,11,10,24.006,23.014
2041,11,11,24.397,22.21
2041,11,12,24.901,22.742
2041,11,13,25.393,25.002
2041,11,14,23.569,23.859
2041,11,15,24.556,26.274
2041,11,16,25.654,21.414
2041,11,17,23.573,17.347
2041,11,18,23.348,18.438
2041,11,19,19.649,17.767
2041,11,20,18.061,17.706
2041,11,21,20.858,18.592
2041,11,22,21.033,19.413
2041,11,23,22.573,18.712
2041,11,24,19.665,16.852
2041,11,25,16.636,14.853
2041,11,26,12.942,14.437
2041,11,27,17.709,14.037
2041,11,28,18.116,15.44
2041,11,29,17.411,17.94
2041,11,30,17.126,14.66
2041,12,1,17.22,16.564
2041,12,2,10.469,18.43
2041,12,3,12.587,19.028
2041,12,4,11.83,15.784
2041,12,5,18.461,16.073
2041,12,6,17.809,14.308
2041,12,7,19.181,8.797
2041,12,8,14.318,12.326
2041,12,9,11.016,15.043
2041,12,10,13.81,16.985
2041,12,11,12.22,17.79
2041,12,12,12.562,16.229
2041,12,13,9.982,16.364
2041,12,14,11.659,21.121
2041,12,15,10.443,20.306
2041,12,16,9.539,21.448
2041,12,17,9.535,20.591
2041,12,18,9.357,17.935
2041,12,19,11.314,20.316
2041,12,20,12.917,17.964
2041,12,21,11.484,16.496
2041,12,22,12.302,21.365
2041,12,23,14.206,21.587
2041,12,24,13.326,20.06
2041,12,25,13.75,21.976
2041,12,26,14.214,21.82
2041,12,27,14.281,21.505
2041,12,28,15.698,20.05
2041,12,29,15.138,17.001
2041,12,30,15.335,18.704
2041,12,31,9.003,16.204
2042,1,1,11.343,12.617
2042,1,2,11.265,17.636
2042,1,3,12.875,15.756
2042,1,4,11.689,13.997
2042,1,5,12.647,13.777
2042,1,6,11.574,16.156
2042,1,7,14.592,13.45
2042,1,8,15.265,12.328
2042,1,9,14.307,12.993
2042,1,10,10.917,16.698
2042,1,11,10.329,10.392
2042,1,12,9.755,11.597
2042,1,13,11.253,14.508
2042,1,14,12.293,14.832
2042,1,15,13.457,15.859
2042,1,16,13.701,13.137
2042,1,17,15.812,15.813
2042,1,18,16.712,9.513
2042,1,19,13.887,9.407
2042,1,20,14.363,12.877
2042,1,21,12.134,12.888
2042,1,22,11.955,10.079
2042,1,23,10.41,9.603
2042,1,24,10.311,9.336
2042,1,25,10.976,10.531
2042,1,26,9.753,11.416
2042,1,27,10.873,12.859
2042,1,28,12.412,12.484
2042,1,29,15.527,10.821
2042,1,30,18.209,10.57
2042,1,31,14.841,10.04
2042,2,1,17.422,12.729
2042,2,2,16.989,14.036
2042,2,3,16.43,14.177
2042,2,4,12.401,13.775
2042,2,5,8.9,17.749
2042,2,6,10.83,19.214
2042,2,7,11.304,15.796
2042,2,8,11.374,17.032
2042,2,9,12.156,16.538
2042,2,10,11.721,17.093
2042,2,11,11.847,16.532
2042,2,12,12.171,17.397
2042,2,13,13.124,17.209
2042,2,14,14.033,19.972
2042,2,15,15.26,20.761
2042,2,16,14.053,19.308
2042,2,17,15.514,21.265
2042,2,18,17.553,17.004
2042,2,19,13.305,14.41
2042,2,20,17.564,12.855
2042,2,21,16.218,14.805
2042,2,22,15.759,15.424
2042,2,23,20.223,15.944
2042,2,24,20.613,16.708
2042,2,25,23.402,15.663
2042,2,26,24.091,17.412
2042,2,27,24.784,13.224
2042,2,28,24.254,11.627
2042,3,1,24.355,12.443
2042,3,2,22.567,11.452
2042,3,3,21.788,13.881
2042,3,4,21.229,11.965
2042,3,5,19.156,13.315
2042,3,6,17.096,16.708
2042,3,7,12.66,17.701
2042,3,8,8.709,16.264
2042,3,9,9.294,16.015
2042,3,10,12.744,19.263
2042,3,11,15.117,17.808
2042,3,12,17.52,15.986
2042,3,13,16.439,14.639
2042,3,14,15.173,17.777
2042,3,15,15.414,16.8
2042,3,16,17.457,16.567
2042,3,17,16.581,14.464
2042,3,18,14.104,12.289
2042,3,19,14.196,19.278
2042,3,20,19.568,24.148
2042,3,21,22.056,22.775
2042,3,22,20.262,22.087
2042,3,23,18.158,21.192
2042,3,24,15.833,20.268
2042,3,25,19.528,16.308
2042,3,26,20.449,18.53
2042,3,27,24.365,25.284
2042,3,28,27.298,24.784
2042,3,29,29.829,28.032
2042,3,30,24.703,26.836
2042,3,31,18.114,21.665
2042,4,1,14.814,16.097
2042,4,2,18.69,19.097
2042,4,3,19.587,22.869
2042,4,4,15.64,26.084
2042,4,5,20.254,26.583
2042,4,6,19.8,27.439
2042,4,7,14.316,27.157
2042,4,8,17.481,23.355
2042,4,9,16.824,18.443
2042,4,10,19.392,20.082
2042,4,11,22.334,24.096
2042,4,12,25.993,25.888
2042,4,13,24.523,20.4
2042,4,14,21.597,11.69
2042,4,15,22.197,12.987
2042,4,16,24.812,13.822
2042,4,17,21.141,11.648
2042,4,18,14.719,14.233
2042,4,19,15.712,19.537
2042,4,20,15.212,21.979
2042,4,21,12.043,20.361
2042,4,22,11.286,21.538
2042,4,23,15.678,18.17
2042,4,24,18.786,17.198
2042,4,25,18.117,15.408
2042,4,26,18.533,19.293
2042,4,27,16.354,23.347
2042,4,28,15.065,27.969
2042,4,29,17.771,32.06
2042,4,30,18.637,33.733
2042,5,1,16.59,35.021
2042,5,2,21.515,35.303
2042,5,3,23.155,33.186
2042,5,4,24.934,27.862
2042,5,5,20.878,23.733
2042,5,6,20.227,26.825
2042,5,7,22.053,26.178
2042,5,8,23.542,25.581
2042,5,9,21.067,25.187
2042,5,10,20.017,28.924
2042,5,11,20.966,31.352
2042,5,12,20.05,32.032
2042,5,13,18.034,26.728
2042,5,14,19.931,22.938
2042,5,15,19.42,21.326
2042,5,16,17.222,22.569
2042,5,17,18.247,27.388
2042,5,18,19.039,30.313
2042,5,19,20.855,32.031
2042,5,20,25.4,34.375
2042,5,21,26.112,33.272
2042,5,22,27.786,29.892
2042,5,23,29.783,27.692
2042,5,24,28.46,25.099
2042,5,25,26.164,25.758
2042,5,26,23.084,22.749
2042,5,27,19.435,26.909
2042,5,28,22.637,32.56
2042,5,29,26.217,33.37
2042,5,30,29.238,32.206
2042,5,31,32.448,30.751
2042,6,1,34.99,29.952
2042,6,2,34.846,32.843
2042,6,3,32.956,32.818
2042,6,4,31.202,34.101
2042,6,5,31.603,33.246
2042,6,6,33.205,33.745
2042,6,7,25.219,34.709
2042,6,8,20.815,37.522
2042,6,9,24.289,36.657
2042,6,10,25.45,34.011
2042,6,11,26.561,36.71
2042,6,12,26.592,39.903
2042,6,13,27.58,41.012
2042,6,14,33.472,42.77
2042,6,15,31.502,46.733
2042,6,16,30.777,45.619
2042,6,17,33.412,42.904
2042,6,18,33.69,36.855
2042,6,19,33.737,33.618
2042,6,20,33.632,35.016
2042,6,21,35.008,35.507
2042,6,22,38.26,38.808
2042,6,23,38.673,37.65
2042,6,24,39.436,38.209
2042,6,25,36.286,36.378
2042,6,26,28.143,34.358
2042,6,27,30.16,31.473
2042,6,28,28.71,31.477
2042,6,29,30.073,32.267
2042,6,30,33.075,31.903
2042,7,1,36.771,32.864
2042,7,2,37.266,33.312
2042,7,3,38.813,33.213
2042,7,4,41.161,37.126
2042,7,5,41.418,38.487
2042,7,6,41.622,39.447
2042,7,7,40.219,42.93
2042,7,8,38.563,42.761
2042,7,9,39.151,43.116
2042,7,10,37.703,42.177
2042,7,11,38.91,40.999
2042,7,12,38.793,40.902
2042,7,13,37.504,42.164
2042,7,14,39.027,41.155
2042,7,15,37.603,41.46
2042,7,16,39.758,41.549
2042,7,17,38.251,41.99
2042,7,18,37.897,41.776
2042,7,19,36.9,41.827
2042,7,20,36.242,41.737
2042,7,21,35.147,41.233
2042,7,22,35.181,40.42
2042,7,23,38.445,40.141
2042,7,24,40.203,40.743
2042,7,25,37.581,39.14
2042,7,26,33.801,36.758
2042,7,27,31.667,35.818
2042,7,28,36.834,41.224
2042,7,29,40.581,40.911
2042,7,30,40.215,41.885
2042,7,31,40.263,44.0
2042,8,1,38.761,43.031
2042,8,2,38.544,39.048
2042,8,3,36.982,39.67
2042,8,4,37.006,40.042
2042,8,5,39.422,40.056
2042,8,6,41.004,38.082
2042,8,7,40.171,34.577
2042,8,8,40.243,33.791
2042,8,9,38.093,35.09
2042,8,10,35.22,34.502
2042,8,11,33.258,35.616
2042,8,12,30.396,34.875
2042,8,13,32.959,36.849
2042,8,14,34.448,36.994
2042,8,15,35.498,34.872
2042,8,16,34.851,34.796
2042,8,17,34.436,38.877
2042,8,18,34.711,40.624
2042,8,19,37.801,40.63
2042,8,20,38.113,41.69
2042,8,21,32.19,37.464
2042,8,22,32.552,33.147
2042,8,23,33.92,35.215
2042,8,24,35.499,36.917
2042,8,25,38.506,35.507
2042,8,26,35.402,28.808
2042,8,27,35.098,26.506
2042,8,28,34.281,23.928
2042,8,29,33.659,28.309
2042,8,30,35.469,33.416
2042,8,31,32.985,36.057
2042,9,1,35.775,36.794
2042,9,2,30.157,34.703
2042,9,3,31.506,35.729
2042,9,4,32.342,37.562
2042,9,5,38.162,37.892
2042,9,6,39.022,38.08
2042,9,7,36.976,36.785
2042,9,8,35.812,33.363
2042,9,9,35.12,33.952
2042,9,10,33.964,36.467
2042,9,11,31.577,36.519
2042,9,12,29.19,34.043
2042,9,13,29.679,28.789
2042,9,14,30.039,28.881
2042,9,15,31.808,30.675
2042,9,16,32.701,34.409
2042,9,17,32.837,34.75
2042,9,18,32.719,33.971
2042,9,19,30.136,33.123
2042,9,20,28.263,33.656
2042,9,21,25.79,33.575
2042,9,22,24.681,34.318
2042,9,23,26.208,32.566
2042,9,24,24.872,32.601
2042,9,25,25.808,28.213
2042,9,26,25.996,26.836
2042,9,27,30.026,27.833
2042,9,28,33.835,32.34
2042,9,29,35.093,35.593
2042,9,30,33.484,36.477
2042,10,1,31.548,35.891
2042,10,2,33.454,34.362
2042,10,3,36.141,32.358
2042,10,4,34.01,29.512
2042,10,5,33.359,28.355
2042,10,6,32.331,27.851
2042,10,7,30.499,31.108
2042,10,8,26.625,33.562
2042,10,9,25.782,32.735
2042,10,10,28.236,32.263
2042,10,11,26.272,27.221
2042,10,12,26.909,25.883
2042,10,13,24.919,25.081
2042,10,14,27.095,25.638
2042,10,15,30.435,27.984
2042,10,16,29.672,29.303
2042,10,17,23.887,32.669
2042,10,18,22.672,31.658
2042,10,19,23.007,32.321
2042,10,20,25.364,29.556
2042,10,21,23.958,30.021
2042,10,22,16.837,28.408
2042,10,23,16.607,25.969
2042,10,24,19.297,24.755
2042,10,25,23.719,26.516
2042,10,26,21.554,25.761
2042,10,27,22.306,26.833
2042,10,28,23.124,19.581
2042,10,29,25.978,18.71
2042,10,30,21.354,19.828
2042,10,31,21.849,19.259
2042,11,1,22.31,18.104
2042,11,2,23.089,16.988
2042,11,3,21.946,20.479
2042,11,4,23.358,21.088
2042,11,5,23.718,23.589
2042,11,6,21.585,25.307
2042,11,7,22.282,26.162
2042,11,8,21.157,20.542
2042,11,9,16.556,14.406
2042,11,10,15.678,15.499
2042,11,11,15.986,18.291
2042,11,12,14.794,15.09
2042,11,13,17.963,14.925
2042,11,14,17.124,14.043
2042,11,15,15.997,15.693
2042,11,16,15.385,15.866
2042,11,17,16.564,12.729
2042,11,18,14.554,15.022
2042,11,19,13.141,14.375
2042,11,20,13.395,14.735
2042,11,21,15.129,15.703
2042,11,22,15.728,16.633
2042,11,23,15.322,17.14
2042,11,24,17.162,17.124
2042,11,25,16.858,15.316
2042,11,26,18.862,16.228
2042,11,27,18.737,19.457
2042,11,28,19.075,15.1
2042,11,29,20.112,13.736
2042,11,30,19.553,14.996
2042,12,1,22.649,12.744
2042,12,2,22.865,13.65
2042,12,3,19.032,16.286
2042,12,4,14.386,20.133
2042,12,5,14.132,18.606
2042,12,6,13.178,19.406
2042,12,7,12.465,21.903
2042,12,8,15.12,23.825
2042,12,9,10.585,20.94
2042,12,10,13.412,18.107
2042,12,11,12.606,19.477
2042,12,12,12.921,20.848
2042,12,13,9.217,20.654
2042,12,14,8.052,16.101
2042,12,15,6.105,13.844
2042,12,16,8.979,17.7
2042,12,17,12.85,12.929
2042,12,18,16.237,14.522
2042,12,19,18.051,12.742
2042,12,20,17.325,13.555
2042,12,21,16.386,13.974
2042,12,22,17.669,12.202
2042,12,23,15.6,11.961
2042,12,24,10.703,11.838
2042,12,25,12.752,8.625
2042,12,26,14.909,8.336
2042,12,27,15.368,9.344
2042,12,28,15.178,15.862
2042,12,29,12.281,13.633
2042,12,30,13.118,13.317
2042,12,31,14.704,13.18
2043,1,1,13.327,10.897
2043,1,2,14.838,12.258
2043,1,3,12.612,9.289
2043,1,4,14.198,8.782
2043,1,5,14.571,9.606
2043,1,6,15.891,13.571
2043,1,7,16.884,14.443
2043,1,8,16.574,16.532
2043,1,9,16.559,16.335
2043,1,10,18.916,17.225
2043,1,11,13.553,17.269
2043,1,12,13.083,14.27
2043,1,13,10.158,11.538
2043,1,14,11.526,11.362
2043,1,15,11.577,8.266
2043,1,16,14.853,10.12
2043,1,17,15.858,11.325
2043,1,18,17.856,14.2
2043,1,19,16.766,16.013
2043,1,20,16.643,15.18
2043,1,21,14.661,17.405
2043,1,22,18.174,18.168
2043,1,23,18.004,14.711
2043,1,24,19.27,11.547
2043,1,25,19.64,11.016
2043,1,26,19.725,13.137
2043,1,27,18.263,10.429
2043,1,28,18.731,10.365
2043,1,29,18.0,12.908
2043,1,30,16.179,10.657
2043,1,31,15.781,12.077
2043,2,1,18.43,13.714
2043,2,2,17.585,13.011
2043,2,3,12.499,13.817
2043,2,4,11.799,12.549
2043,2,5,16.816,12.206
2043,2,6,18.29,10.381
2043,2,7,15.5,8.957
2043,2,8,14.807,12.162
2043,2,9,15.773,11.278
2043,2,10,15.149,13.579
2043,2,11,13.302,14.946
2043,2,12,14.984,17.899
2043,2,13,16.79,16.511
2043,2,14,15.955,16.821
2043,2,15,15.517,16.841
2043,2,16,12.479,17.725
2043,2,17,15.564,17.51
2043,2,18,15.31,19.267
2043,2,19,13.696,16.673
2043,2,20,10.552,15.554
2043,2,21,13.301,16.961
2043,2,22,15.047,18.166
2043,2,23,13.742,17.007
2043,2,24,17.691,17.201
2043,2,25,17.521,16.639
2043,2,26,15.969,12.967
2043,2,27,13.631,12.382
2043,2,28,12.595,15.226
2043,3,1,8.768,16.253
2043,3,2,10.555,14.463
2043,3,3,12.794,17.078
2043,3,4,16.858,20.149
2043,3,5,20.397,18.762
2043,3,6,23.193,17.11
2043,3,7,22.777,15.074
2043,3,8,26.321,15.0
2043,3,9,22.12,16.077
2043,3,10,19.625,18.757
2043,3,11,16.907,17.899
2043,3,12,20.807,20.157
2043,3,13,22.188,23.95
2043,3,14,21.661,21.72
2043,3,15,21.044,20.554
2043,3,16,21.853,16.895
2043,3,17,21.949,11.69
2043,3,18,20.037,14.355
2043,3,19,21.67,15.673
2043,3,20,19.022,18.001
2043,3,21,18.465,20.12
2043,3,22,20.304,23.247
2043,3,23,21.314,25.764
2043,3,24,17.652,27.84
2043,3,25,17.914,28.339
2043,3,26,21.923,27.635
2043,3,27,24.583,23.226
2043,3,28,25.787,18.172
2043,3,29,25.06,17.702
2043,3,30,23.063,13.813
2043,3,31,23.508,14.041
2043,4,1,27.071,18.97
2043,4,2,26.198,20.648
2043,4,3,21.819,20.859
2043,4,4,16.093,18.909
2043,4,5,15.613,18.599
2043,4,6,15.986,22.528
2043,4,7,15.551,18.447
2043,4,8,15.228,13.103
2043,4,9,13.17,14.026
2043,4,10,17.874,9.347
2043,4,11,20.03,9.81
2043,4,12,18.597,14.393
2043,4,13,17.013,13.197
2043,4,14,20.287,15.647
2043,4,15,21.06,20.795
2043,4,16,20.821,18.802
2043,4,17,18.697,22.498
2043,4,18,12.261,20.067
2043,4,19,9.911,21.748
2043,4,20,11.829,22.255
2043,4,21,16.89,18.925
2043,4,22,20.301,16.717
2043,4,23,26.328,16.987
2043,4,24,29.643,18.003
2043,4,25,30.757,14.33
2043,4,26,27.76,15.004
2043,4,27,20.773,13.814
2043,4,28,13.747,13.613
2043,4,29,14.665,16.43
2043,4,30,14.059,18.99
2043,5,1,22.036,20.418
2043,5,2,26.127,20.381
2043,5,3,27.914,19.423
2043,5,4,29.454,16.872
2043,5,5,28.685,16.062
2043,5,6,23.856,18.204
2043,5,7,22.883,20.102
2043,5,8,23.252,28.492
2043,5,9,24.87,36.106
2043,5,10,31.23,33.825
2043,5,11,32.721,27.198
2043,5,12,33.26,22.747
2043,5,13,32.223,25.379
2043,5,14,23.315,25.826
2043,5,15,22.638,22.272
2043,5,16,23.057,23.651
2043,5,17,20.149,24.704
2043,5,18,19.634,26.829
2043,5,19,18.445,24.478
2043,5,20,18.989,25.305
2043,5,21,20.194,28.37
2043,5,22,21.66,28.809
2043,5,23,29.461,32.218
2043,5,24,31.138,34.177
2043,5,25,26.101,34.842
2043,5,26,22.127,37.317
2043,5,27,24.87,37.314
2043,5,28,27.872,35.412
2043,5,29,31.218,32.28
2043,5,30,33.797,30.97
2043,5,31,33.551,33.415
2043,6,1,28.343,34.342
2043,6,2,27.444,35.515
2043,6,3,27.265,35.811
2043,6,4,31.731,35.643
2043,6,5,34.302,33.383
2043,6,6,31.94,34.892
2043,6,7,30.818,34.664
2043,6,8,31.733,31.783
2043,6,9,25.899,27.129
2043,6,10,26.385,25.751
2043,6,11,28.64,32.122
2043,6,12,26.948,34.224
2043,6,13,21.956,32.883
2043,6,14,20.138,29.94
2043,6,15,16.521,30.315
2043,6,16,29.998,32.506
2043,6,17,33.039,29.56
2043,6,18,34.367,36.534
2043,6,19,35.382,38.32
2043,6,20,33.146,42.255
2043,6,21,32.601,43.146
2043,6,22,32.324,42.023
2043,6,23,34.92,41.375
2043,6,24,34.217,38.889
2043,6,25,31.005,36.837
2043,6,26,32.533,36.503
2043,6,27,33.459,34.541
2043,6,28,31.4,33.515
2043,6,29,28.729,32.434
2043,6,30,26.604,32.12
2043,7,1,27.049,32.668
2043,7,2,32.141,34.511
2043,7,3,35.712,34.569
2043,7,4,39.429,33.645
2043,7,5,39.691,33.583
2043,7,6,40.323,33.27
2043,7,7,39.236,33.397
2043,7,8,37.598,33.048
2043,7,9,35.849,33.668
2043,7,10,34.831,32.799
2043,7,11,34.549,30.867
2043,7,12,36.891,34.45
2043,7,13,35.692,35.376
2043,7,14,36.394,32.606
2043,7,15,37.481,31.881
2043,7,16,37.856,32.889
2043,7,17,37.58,33.701
2043,7,18,33.757,34.202
2043,7,19,34.72,35.34
2043,7,20,34.855,33.586
2043,7,21,35.312,34.356
2043,7,22,37.967,35.102
2043,7,23,40.829,36.377
2043,7,24,40.937,39.103
2043,7,25,41.54,40.249
2043,7,26,39.025,40.77
2043,7,27,39.3,41.558
2043,7,28,40.41,39.441
2043,7,29,41.23,39.241
2043,7,30,41.61,37.709
2043,7,31,43.139,41.082
2043,8,1,40.52,42.486
2043,8,2,39.592,41.698
2043,8,3,40.221,41.44
2043,8,4,38.719,41.085
2043,8,5,40.263,37.259
2043,8,6,39.485,30.844
2043,8,7,38.949,28.878
2043,8,8,38.087,28.552
2043,8,9,35.084,33.45
2043,8,10,34.9,35.411
2043,8,11,33.349,31.754
2043,8,12,33.618,32.661
2043,8,13,35.429,30.86
2043,8,14,33.31,30.599
2043,8,15,31.39,32.621
2043,8,16,32.754,32.441
2043,8,17,33.43,35.218
2043,8,18,31.811,38.536
2043,8,19,31.463,38.071
2043,8,20,30.469,40.141
2043,8,21,32.124,40.098
2043,8,22,31.533,39.458
2043,8,23,32.339,40.446
2043,8,24,31.416,43.849
2043,8,25,34.096,45.761
2043,8,26,34.763,45.166
2043,8,27,37.462,40.082
2043,8,28,37.425,35.12
2043,8,29,38.256,33.857
2043,8,30,36.842,34.567
2043,8,31,33.514,34.185
2043,9,1,34.796,35.325
2043,9,2,33.7,33.843
2043,9,3,33.48,34.166
2043,9,4,28.671,34.464
2043,9,5,28.106,30.866
2043,9,6,31.041,31.486
2043,9,7,33.366,34.853
2043,9,8,33.715,35.836
2043,9,9,35.083,36.28
2043,9,10,36.661,36.066
2043,9,11,35.898,35.964
2043,9,12,37.864,38.315
2043,9,13,36.95,39.227
2043,9,14,39.21,35.038
2043,9,15,34.907,34.361
2043,9,16,36.449,34.716
2043,9,17,33.451,34.385
2043,9,18,30.328,30.692
2043,9,19,31.437,30.059
2043,9,20,30.594,32.555
2043,9,21,30.144,30.238
2043,9,22,27.935,27.957
2043,9,23,25.359,26.785
2043,9,24,23.737,28.316
2043,9,25,24.56,32.745
2043,9,26,20.949,33.964
2043,9,27,21.774,33.348
2043,9,28,24.305,31.226
2043,9,29,19.387,31.0
2043,9,30,29.382,30.201
2043,10,1,30.299,28.485
2043,10,2,30.217,24.753
2043,10,3,26.309,27.004
2043,10,4,22.129,30.973
2043,10,5,22.888,31.285
2043,10,6,23.353,30.075
2043,10,7,24.167,28.544
2043,10,8,22.596,26.281
2043,10,9,25.847,30.655
2043,10,10,25.146,31.461
2043,10,11,24.202,33.899
2043,10,12,18.286,34.471
2043,10,13,15.295,35.12
2043,10,14,14.771,33.146
2043,10,15,17.614,25.716
2043,10,16,17.818,22.992
2043,10,17,19.526,24.175
2043,10,18,15.65,23.562
2043,10,19,16.042,22.015
2043,10,20,22.488,26.501
2043,10,21,22.166,29.612
2043,10,22,27.119,29.371
2043,10,23,31.143,29.065
2043,10,24,30.851,29.745
2043,10,25,27.002,26.033
2043,10,26,26.392,23.471
2043,10,27,23.379,23.389
2043,10,28,24.876,28.527
2043,10,29,25.532,23.492
2043,10,30,22.114,20.227
2043,10,31,20.201,18.545
2043,11,1,19.155,20.261
2043,11,2,19.371,19.832
2043,11,3,21.419,21.836
2043,11,4,20.127,24.696
2043,11,5,19.0,21.264
2043,11,6,21.566,25.992
2043,11,7,21.612,27.462
2043,11,8,19.218,26.826
2043,11,9,19.946,25.165
2043,11,10,21.345,23.918
2043,11,11,21.591,20.88
2043,11,12,20.481,19.515
2043,11,13,17.105,19.354
2043,11,14,15.692,18.03
2043,11,15,16.437,16.039
2043,11,16,16.215,14.917
2043,11,17,20.705,14.807
2043,11,18,19.122,16.309
2043,11,19,17.35,14.976
2043,11,20,11.74,12.639
2043,11,21,15.105,13.702
2043,11,22,17.77,9.456
2043,11,23,17.032,10.135
2043,11,24,15.906,16.019
2043,11,25,13.976,15.74
2043,11,26,11.673,15.088
2043,11,27,14.127,15.054
2043,11,28,15.997,13.909
2043,11,29,16.431,16.471
2043,11,30,14.618,15.759
2043,12,1,15.531,16.768
2043,12,2,18.622,17.966
2043,12,3,17.022,17.425
2043,12,4,16.357,16.048
2043,12,5,16.924,16.987
2043,12,6,15.881,17.826
2043,12,7,14.024,16.859
2043,12,8,14.132,12.979
2043,12,9,15.522,12.814
2043,12,10,16.526,15.186
2043,12,11,16.121,19.097
2043,12,12,15.995,19.08
2043,12,13,14.791,17.419
2043,12,14,9.204,11.896
2043,12,15,10.651,10.298
2043,12,16,15.291,6.838
2043,12,17,15.749,7.317
2043,12,18,13.177,10.775
2043,12,19,13.049,12.434
2043,12,20,12.265,11.983
2043,12,21,10.957,11.814
2043,12,22,13.804,11.381
2043,12,23,15.342,14.947
2043,12,24,17.489,18.458
2043,12,25,16.047,14.191
2043,12,26,12.358,12.483
2043,12,27,15.026,14.372
2043,12,28,15.834,13.438
2043,12,29,15.481,12.093
2043,12,30,16.119,13.894
2043,12,31,17.569,9.056
2044,1,1,17.464,8.965
2044,1,2,14.749,9.524
2044,1,3,15.85,11.745
2044,1,4,14.009,11.894
2044,1,5,15.506,13.565
2044,1,6,12.049,13.569
2044,1,7,14.67,12.217
2044,1,8,13.262,13.059
2044,1,9,13.924,14.802
2044,1,10,10.711,14.391
2044,1,11,10.514,15.118
2044,1,12,12.813,11.45
2044,1,13,16.403,12.35
2044,1,14,12.484,13.058
2044,1,15,11.203,15.466
2044,1,16,12.708,17.181
2044,1,17,11.844,17.297
2044,1,18,14.823,16.937
2044,1,19,12.651,16.384
2044,1,20,13.167,19.472
2044,1,21,14.594,17.136
2044,1,22,13.758,15.951
2044,1,23,13.04,15.644
2044,1,24,8.679,13.7
2044,1,25,11.357,14.258
2044,1,26,14.322,15.92
2044,1,27,11.1,13.809
2044,1,28,12.177,13.977
2044,1,29,12.598,12.585
2044,1,30,16.477,15.278
2044,1,31,11.951,15.445
2044,2,1,12.053,17.589
2044,2,2,12.701,16.584
2044,2,3,14.106,17.725
2044,2,4,12.139,17.423
2044,2,5,12.871,11.939
2044,2,6,14.333,11.834
2044,2,7,13.917,15.539
2044,2,8,12.53,16.64
2044,2,9,12.717,20.088
2044,2,10,13.719,18.656
2044,2,11,14.342,17.375
2044,2,12,14.37,16.274
2044,2,13,12.015,17.633
2044,2,14,13.916,17.745
2044,2,15,16.097,21.668
2044,2,16,17.344,21.053
2044,2,17,19.866,22.772
2044,2,18,19.309,21.842
2044,2,19,17.802,23.171
2044,2,20,16.916,23.878
2044,2,21,16.974,23.411
2044,2,22,16.153,22.695
2044,2,23,18.362,23.972
2044,2,24,17.128,23.692
2044,2,25,18.06,26.024
2044,2,26,17.95,26.723
2044,2,27,15.899,28.904
2044,2,28,12.189,23.588
2044,2,29,17.069,17.318
2044,3,1,18.561,17.0
2044,3,2,16.45,21.863
2044,3,3,19.229,20.088
2044,3,4,17.884,18.131
2044,3,5,16.516,20.809
2044,3,6,18.594,18.438
2044,3,7,18.732,16.608
2044,3,8,21.514,17.353
2044,3,9,22.244,14.053
2044,3,10,21.908,11.789
2044,3,11,20.472,12.993
2044,3,12,20.522,17.144
2044,3,13,20.225,18.483
2044,3,14,21.476,20.496
2044,3,15,21.951,18.983
2044,3,16,25.234,15.01
2044,3,17,20.765,10.662
2044,3,18,16.966,11.849
2044,3,19,15.236,16.651
2044,3,20,12.49,16.204
2044,3,21,12.834,14.503
2044,3,22,13.578,16.247
2044,3,23,12.183,15.395
2044,3,24,14.785,17.693
2044,3,25,15.272,20.497
2044,3,26,16.716,20.948
2044,3,27,11.577,21.797
2044,3,28,17.49,19.517
2044,3,29,18.042,14.981
2044,3,30,18.536,14.727
2044,3,31,20.793,12.328
2044,4,1,24.276,13.53
2044,4,2,26.463,20.146
2044,4,3,26.634,22.87
2044,4,4,25.494,26.144
2044,4,5,25.501,30.198
2044,4,6,19.037,29.521
2044,4,7,15.606,25.179
2044,4,8,17.557,20.053
2044,4,9,10.971,15.16
2044,4,10,11.95,12.006
2044,4,11,19.064,15.621
2044,4,12,20.775,18.316
2044,4,13,21.689,21.609
2044,4,14,16.905,21.681
2044,4,15,14.929,26.76
2044,4,16,17.24,27.486
2044,4,17,16.51,26.03
2044,4,18,18.966,24.122
2044,4,19,21.991,26.048
2044,4,20,25.346,24.932
2044,4,21,26.394,21.467
2044,4,22,27.036,20.608
2044,4,23,23.04,21.506
2044,4,24,18.919,19.684
2044,4,25,21.777,15.437
2044,4,26,26.809,13.901
2044,4,27,30.237,17.222
2044,4,28,30.167,16.976
2044,4,29,29.953,17.016
2044,4,30,30.706,23.183
2044,5,1,30.688,23.229
2044,5,2,28.124,21.628
2044,5,3,27.626,19.554
2044,5,4,30.873,18.905
2044,5,5,28.134,20.348
2044,5,6,32.673,20.597
2044,5,7,31.905,20.969
2044,5,8,31.987,19.028
2044,5,9,29.167,21.424
2044,5,10,25.576,26.202
2044,5,11,24.678,25.644
2044,5,12,24.928,24.134
2044,5,13,25.558,21.678
2044,5,14,26.671,24.637
2044,5,15,27.878,29.399
2044,5,16,33.026,32.257
2044,5,17,34.277,33.239
2044,5,18,34.22,31.77
2044,5,19,35.653,30.552
2044,5,20,35.286,33.798
2044,5,21,35.248,32.646
2044,5,22,35.325,28.355
2044,5,23,32.832,28.376
2044,5,24,31.355,31.385
2044,5,25,30.709,29.371
2044,5,26,32.099,28.354
2044,5,27,34.669,26.051
2044,5,28,34.998,29.235
2044,5,29,35.436,28.588
2044,5,30,33.594,26.928
2044,5,31,32.165,26.118
2044,6,1,31.829,29.411
2044,6,2,23.667,32.231
2044,6,3,26.709,32.453
2044,6,4,32.879,28.046
2044,6,5,34.515,34.251
2044,6,6,37.316,34.146
2044,6,7,37.421,34.119
2044,6,8,34.278,35.843
2044,6,9,32.472,36.417
2044,6,10,33.515,39.763
2044,6,11,34.667,40.732
2044,6,12,34.094,41.41
2044,6,13,33.393,40.56
2044,6,14,31.6,40.446
2044,6,15,33.623,39.628
2044,6,16,36.798,40.088
2044,6,17,36.405,40.339
2044,6,18,35.074,40.815
2044,6,19,34.815,38.961
2044,6,20,33.963,40.283
2044,6,21,33.186,39.936
2044,6,22,33.663,41.303
2044,6,23,36.472,42.046
2044,6,24,38.883,40.288
2044,6,25,38.831,39.966
2044,6,26,38.895,37.413
2044,6,27,36.988,36.943
2044,6,28,33.606,39.541
2044,6,29,31.452,40.007
2044,6,30,32.359,40.372
2044,7,1,35.745,42.453
2044,7,2,40.268,42.176
2044,7,3,41.281,42.154
2044,7,4,41.528,41.28
2044,7,5,40.722,39.692
2044,7,6,42.799,37.891
2044,7,7,41.315,38.73
2044,7,8,40.858,39.819
2044,7,9,37.523,40.516
2044,7,10,35.157,39.372
2044,7,11,36.896,38.357
2044,7,12,37.463,37.379
2044,7,13,38.006,37.885
2044,7,14,36.868,38.385
2044,7,15,37.553,38.419
2044,7,16,37.761,39.87
2044,7,17,37.73,42.231
2044,7,18,36.659,43.05
2044,7,19,36.75,42.042
2044,7,20,40.178,41.416
2044,7,21,40.482,41.996
2044,7,22,40.128,41.884
2044,7,23,39.419,40.948
2044,7,24,39.242,39.458
2044,7,25,36.291,39.191
2044,7,26,34.736,41.577
2044,7,27,34.067,41.827
2044,7,28,35.032,40.927
2044,7,29,34.871,42.124
2044,7,30,35.239,41.661
2044,7,31,34.761,40.814
2044,8,1,34.085,40.451
2044,8,2,32.881,40.736
2044,8,3,32.536,41.705
2044,8,4,32.981,42.252
2044,8,5,37.588,40.665
2044,8,6,42.162,43.412
2044,8,7,42.375,41.707
2044,8,8,41.264,42.328
2044,8,9,41.739,42.822
2044,8,10,37.293,44.44
2044,8,11,34.589,43.128
2044,8,12,33.792,44.931
2044,8,13,35.176,43.594
2044,8,14,36.419,43.159
2044,8,15,37.339,42.534
2044,8,16,36.955,41.023
2044,8,17,34.296,38.068
2044,8,18,31.345,37.829
2044,8,19,29.261,37.995
2044,8,20,30.092,37.97
2044,8,21,32.039,40.153
2044,8,22,32.602,39.277
2044,8,23,32.445,37.356
2044,8,24,31.584,35.533
2044,8,25,31.159,35.431
2044,8,26,32.721,38.529
2044,8,27,33.859,39.661
2044,8,28,33.1,39.064
2044,8,29,33.068,40.534
2044,8,30,33.075,42.622
2044,8,31,31.926,41.196
2044,9,1,31.682,41.132
2044,9,2,30.761,40.034
2044,9,3,31.232,36.992
2044,9,4,32.638,35.864
2044,9,5,32.67,35.389
2044,9,6,32.44,36.254
2044,9,7,34.206,33.478
2044,9,8,32.572,31.366
2044,9,9,31.073,31.002
2044,9,10,30.724,34.844
2044,9,11,32.462,32.058
2044,9,12,30.469,24.138
2044,9,13,28.586,26.421
2044,9,14,28.77,25.804
2044,9,15,25.66,27.183
2044,9,16,27.654,28.754
2044,9,17,30.809,28.983
2044,9,18,33.586,25.222
2044,9,19,32.797,27.28
2044,9,20,32.713,28.154
2044,9,21,33.747,31.545
2044,9,22,32.723,29.33
2044,9,23,30.843,23.957
2044,9,24,22.123,19.606
2044,9,25,26.464,21.678
2044,9,26,25.978,25.799
2044,9,27,27.357,32.28
2044,9,28,28.728,34.046
2044,9,29,31.105,36.172
2044,9,30,33.425,35.216
2044,10,1,31.548,31.213
2044,10,2,33.365,31.273
2044,10,3,31.022,30.832
2044,10,4,29.423,32.458
2044,10,5,32.441,31.459
2044,10,6,33.9,32.442
2044,10,7,36.923,33.336
2044,10,8,36.664,35.0
2044,10,9,33.366,34.286
2044,10,10,28.878,33.789
2044,10,11,21.849,35.329
2044,10,12,21.63,35.015
2044,10,13,20.939,32.813
2044,10,14,20.808,27.862
2044,10,15,20.478,26.137
2044,10,16,26.108,21.984
2044,10,17,27.766,17.258
2044,10,18,27.696,13.747
2044,10,19,22.635,12.051
2044,10,20,21.162,11.733
2044,10,21,22.199,12.175
2044,10,22,20.259,18.362
2044,10,23,20.028,18.753
2044,10,24,22.026,19.801
2044,10,25,20.664,20.717
2044,10,26,19.375,21.979
2044,10,27,15.243,22.433
2044,10,28,18.84,25.533
2044,10,29,20.014,22.235
2044,10,30,20.373,21.109
2044,10,31,17.878,11.449
2044,11,1,20.521,16.358
2044,11,2,22.725,16.218
2044,11,3,22.18,17.814
2044,11,4,18.131,20.018
2044,11,5,21.031,21.072
2044,11,6,21.031,18.956
2044,11,7,21.418,17.334
2044,11,8,21.918,18.933
2044,11,9,24.537,18.363
2044,11,10,24.002,15.616
2044,11,11,26.625,15.678
2044,11,12,22.656,17.356
2044,11,13,20.135,18.609
2044,11,14,20.286,19.241
2044,11,15,19.506,19.204
2044,11,16,18.701,16.099
2044,11,17,16.611,12.93
2044,11,18,14.418,14.097
2044,11,19,12.887,15.123
2044,11,20,11.446,16.364
2044,11,21,13.313,16.534
2044,11,22,10.142,15.058
2044,11,23,10.11,13.387
2044,11,24,13.99,16.813
2044,11,25,15.199,17.784
2044,11,26,13.458,15.171
2044,11,27,11.358,16.06
2044,11,28,12.089,16.05
2044,11,29,12.654,18.512
2044,11,30,12.916,12.755
2044,12,1,13.973,16.176
2044,12,2,11.698,15.757
2044,12,3,13.07,17.584
2044,12,4,13.586,16.84
2044,12,5,14.707,15.943
2044,12,6,14.652,17.816
2044,12,7,16.668,17.435
2044,12,8,16.784,14.988
2044,12,9,20.444,13.961
2044,12,10,19.668,14.544
2044,12,11,20.572,13.326
2044,12,12,18.375,15.937
2044,12,13,16.029,14.635
2044,12,14,15.701,13.183
2044,12,15,16.16,13.181
2044,12,16,10.749,15.376
2044,12,17,10.72,14.225
2044,12,18,12.064,11.139
2044,12,19,14.297,13.046
2044,12,20,13.288,12.827
2044,12,21,14.717,12.106
2044,12,22,13.893,14.131
2044,12,23,15.006,16.398
2044,12,24,16.253,14.882
2044,12,25,13.594,15.528
2044,12,26,13.441,16.493
2044,12,27,17.753,18.427
2044,12,28,18.281,15.745
2044,12,29,17.498,11.055
2044,12,30,18.048,12.126
2044,12,31,21.319,17.001
2045,1,1,19.604,14.737
2045,1,2,18.379,12.121
2045,1,3,17.276,15.969
2045,1,4,15.599,16.653
2045,1,5,18.3,11.961
2045,1,6,17.877,13.043
2045,1,7,14.563,13.644
2045,1,8,12.825,12.839
2045,1,9,12.62,12.008
2045,1,10,11.405,10.558
2045,1,11,14.506,10.666
2045,1,12,14.599,11.3
2045,1,13,16.818,13.144
2045,1,14,17.861,13.824
2045,1,15,17.599,8.284
2045,1,16,17.841,5.764
2045,1,17,15.479,6.281
2045,1,18,12.181,11.158
2045,1,19,12.239,15.984
2045,1,20,9.357,15.463
2045,1,21,6.443,14.152
2045,1,22,6.579,14.274
2045,1,23,5.48,12.809
2045,1,24,7.94,12.645
2045,1,25,9.858,13.467
2045,1,26,8.958,16.499
2045,1,27,12.818,16.073
2045,1,28,12.882,14.504
2045,1,29,12.73,15.912
2045,1,30,12.661,18.983
2045,1,31,11.368,17.892
2045,2,1,14.552,20.114
2045,2,2,14.167,21.411
2045,2,3,12.365,21.237
2045,2,4,13.414,22.401
2045,2,5,12.295,21.569
2045,2,6,12.338,18.91
2045,2,7,15.324,17.91
2045,2,8,16.513,16.343
2045,2,9,16.834,20.28
2045,2,10,16.865,18.358
2045,2,11,17.302,18.485
2045,2,12,12.267,18.965
2045,2,13,12.112,19.237
2045,2,14,14.787,18.278
2045,2,15,15.562,20.293
2045,2,16,15.828,20.601
2045,2,17,16.32,21.211
2045,2,18,17.457,26.189
2045,2,19,18.355,24.728
2045,2,20,13.455,24.624
2045,2,21,16.337,22.773
2045,2,22,15.798,21.354
2045,2,23,19.97,15.578
2045,2,24,19.886,15.822
2045,2,25,16.243,16.955
2045,2,26,17.732,17.664
2045,2,27,21.808,20.193
2045,2,28,20.627,18.346
2045,3,1,13.664,18.9
2045,3,2,12.426,17.787
2045,3,3,15.594,18.387
2045,3,4,17.367,19.316
2045,3,5,18.007,18.111
2045,3,6,13.817,19.459
2045,3,7,11.829,18.502
2045,3,8,10.211,18.114
2045,3,9,11.368,17.156
2045,3,10,13.722,17.663
2045,3,11,14.388,17.051
2045,3,12,16.487,16.681
2045,3,13,18.307,14.032
2045,3,14,18.307,10.135
2045,3,15,20.954,11.863
2045,3,16,18.175,14.276
2045,3,17,16.256,17.428
2045,3,18,16.64,18.532
2045,3,19,18.082,17.44
2045,3,20,17.648,18.817
2045,3,21,18.377,19.576
2045,3,22,15.309,24.2
2045,3,23,16.676,26.527
2045,3,24,16.951,26.724
2045,3,25,17.309,24.707
2045,3,26,15.266,25.982
2045,3,27,14.964,19.537
2045,3,28,17.706,21.501
2045,3,29,18.339,24.849
2045,3,30,20.798,24.877
2045,3,31,25.182,21.779
2045,4,1,23.8,23.976
2045,4,2,22.247,21.889
2045,4,3,22.356,15.071
2045,4,4,25.613,21.529
2045,4,5,20.676,25.191
2045,4,6,15.794,26.508
2045,4,7,18.574,21.721
2045,4,8,20.038,24.316
2045,4,9,18.84,24.577
2045,4,10,14.045,27.748
2045,4,11,16.787,29.107
2045,4,12,23.283,29.883
2045,4,13,24.367,27.013
2045,4,14,21.736,28.745
2045,4,15,18.646,27.352
2045,4,16,24.066,24.353
2045,4,17,27.906,24.895
2045,4,18,28.195,24.491
2045,4,19,28.294,26.995
2045,4,20,27.697,26.555
2045,4,21,28.513,24.245
2045,4,22,25.994,17.364
2045,4,23,23.318,19.266
2045,4,24,23.424,20.485
2045,4,25,20.736,19.036
2045,4,26,19.038,21.776
2045,4,27,15.34,22.577
2045,4,28,19.693,27.069
2045,4,29,23.269,28.935
2045,4,30,25.667,30.962
2045,5,1,27.51,31.334
2045,5,2,25.855,31.222
2045,5,3,25.71,31.833
2045,5,4,20.514,34.666
2045,5,5,13.64,33.673
2045,5,6,15.531,30.297
2045,5,7,19.968,30.589
2045,5,8,23.627,28.137
2045,5,9,26.34,26.305
2045,5,10,30.376,21.945
2045,5,11,33.882,18.59
2045,5,12,32.859,22.521
2045,5,13,34.991,28.845
2045,5,14,36.073,29.753
2045,5,15,35.399,29.649
2045,5,16,38.485,32.399
2045,5,17,35.735,33.462
2045,5,18,34.598,32.47
2045,5,19,34.469,27.164
2045,5,20,31.763,28.42
2045,5,21,21.013,29.048
2045,5,22,20.852,32.345
2045,5,23,26.489,34.946
2045,5,24,31.408,34.807
2045,5,25,30.716,33.9
2045,5,26,31.431,35.649
2045,5,27,31.091,35.792
2045,5,28,29.671,34.239
2045,5,29,24.648,35.707
2045,5,30,21.662,35.869
2045,5,31,20.832,34.496
2045,6,1,22.274,33.52
2045,6,2,27.345,31.777
2045,6,3,32.082,31.457
2045,6,4,34.475,33.961
2045,6,5,38.525,36.33
2045,6,6,39.525,36.598
2045,6,7,39.137,36.754
2045,6,8,37.715,38.289
2045,6,9,37.839,37.961
2045,6,10,39.598,37.22
2045,6,11,41.436,40.366
2045,6,12,40.65,41.584
2045,6,13,38.383,40.329
2045,6,14,38.347,40.388
2045,6,15,36.179,40.049
2045,6,16,36.76,36.927
2045,6,17,36.574,35.86
2045,6,18,35.174,35.485
2045,6,19,34.21,35.195
2045,6,20,33.121,34.382
2045,6,21,32.181,33.691
2045,6,22,32.2,35.157
2045,6,23,33.892,34.655
2045,6,24,33.574,33.945
2045,6,25,33.013,33.055
2045,6,26,30.968,32.81
2045,6,27,35.789,35.176
2045,6,28,33.407,33.417
2045,6,29,34.956,34.044
2045,6,30,37.19,35.704
2045,7,1,37.722,39.656
2045,7,2,35.935,42.585
2045,7,3,37.616,41.378
2045,7,4,39.867,39.398
2045,7,5,42.97,40.442
2045,7,6,42.466,41.271
2045,7,7,41.59,41.837
2045,7,8,40.849,40.681
2045,7,9,41.101,40.683
2045,7,10,39.153,42.72
2045,7,11,34.006,44.611
2045,7,12,32.836,43.994
2045,7,13,33.751,41.868
2045,7,14,34.973,41.495
2045,7,15,35.154,44.51
2045,7,16,37.407,43.176
2045,7,17,38.329,44.257
2045,7,18,40.074,40.958
2045,7,19,41.259,37.089
2045,7,20,42.769,30.576
2045,7,21,37.469,30.667
2045,7,22,36.009,32.376
2045,7,23,33.463,30.96
2045,7,24,32.647,36.311
2045,7,25,32.123,38.738
2045,7,26,35.284,39.917
2045,7,27,35.523,42.522
2045,7,28,37.727,40.159
2045,7,29,39.418,39.793
2045,7,30,41.268,37.244
2045,7,31,40.751,33.721
2045,8,1,40.704,33.632
2045,8,2,40.132,35.214
2045,8,3,41.758,36.498
2045,8,4,40.021,37.305
2045,8,5,36.979,37.44
2045,8,6,34.669,39.532
2045,8,7,36.292,41.236
2045,8,8,40.829,41.522
2045,8,9,43.312,41.194
2045,8,10,45.107,40.77
2045,8,11,43.082,40.467
2045,8,12,40.534,39.979
2045,8,13,39.598,38.235
2045,8,14,39.817,37.191
2045,8,15,38.605,37.594
2045,8,16,36.961,36.926
2045,8,17,34.979,34.526
2045,8,18,33.0,33.366
2045,8,19,32.756,30.899
2045,8,20,34.321,32.588
2045,8,21,33.184,36.212
2045,8,22,33.604,36.807
2045,8,23,34.925,36.343
2045,8,24,36.162,38.65
2045,8,25,37.376,38.568
2045,8,26,36.71,36.493
2045,8,27,37.367,37.648
2045,8,28,38.107,37.921
2045,8,29,36.934,32.809
2045,8,30,34.319,32.876
2045,8,31,31.158,32.831
2045,9,1,29.967,36.019
2045,9,2,30.171,36.112
2045,9,3,30.217,37.675
2045,9,4,31.721,37.286
2045,9,5,33.285,37.065
2045,9,6,33.644,36.667
2045,9,7,33.182,33.571
2045,9,8,30.009,34.569
2045,9,9,29.329,35.634
2045,9,10,29.964,32.692
2045,9,11,27.682,27.377
2045,9,12,27.28,27.151
2045,9,13,23.194,31.601
2045,9,14,20.512,35.14
2045,9,15,13.712,34.93
2045,9,16,22.675,35.897
2045,9,17,25.091,40.077
2045,9,18,30.404,40.654
2045,9,19,30.213,39.116
2045,9,20,26.285,35.473
2045,9,21,23.582,25.571
2045,9,22,27.73,23.824
2045,9,23,31.86,23.963
2045,9,24,35.89,22.901
2045,9,25,37.573,27.032
2045,9,26,34.567,28.81
2045,9,27,30.173,30.652
2045,9,28,27.488,30.886
2045,9,29,28.812,30.297
2045,9,30,29.833,29.14
2045,10,1,33.897,22.831
2045,10,2,33.042,18.444
2045,10,3,34.22,25.945
2045,10,4,33.476,29.487
2045,10,5,31.913,24.055
2045,10,6,26.935,24.504
2045,10,7,25.463,26.547
2045,10,8,25.426,31.651
2045,10,9,24.587,35.325
2045,10,10,26.529,28.684
2045,10,11,27.404,28.185
2045,10,12,28.114,24.816
2045,10,13,29.533,26.404
2045,10,14,27.299,28.406
2045,10,15,25.865,28.14
2045,10,16,25.746,29.237
2045,10,17,24.09,26.914
2045,10,18,22.892,23.834
2045,10,19,18.159,22.155
2045,10,20,16.571,19.43
2045,10,21,19.976,19.744
2045,10,22,23.867,17.731
2045,10,23,25.832,18.416
2045,10,24,27.921,19.728
2045,10,25,30.698,19.963
2045,10,26,30.265,17.506
2045,10,27,27.031,21.932
2045,10,28,27.056,23.013
2045,10,29,26.584,22.052
2045,10,30,26.468,21.516
2045,10,31,28.681,18.026
2045,11,1,28.249,20.847
2045,11,2,28.026,22.996
2045,11,3,21.846,20.94
2045,11,4,21.045,21.868
2045,11,5,21.395,19.436
2045,11,6,21.994,20.127
2045,11,7,19.938,19.883
2045,11,8,20.234,20.811
2045,11,9,20.309,18.852
2045,11,10,19.775,15.306
2045,11,11,15.998,14.485
2045,11,12,15.909,12.198
2045,11,13,15.177,14.241
2045,11,14,18.305,16.474
2045,11,15,16.458,15.886
2045,11,16,17.71,16.106
2045,11,17,16.672,14.568
2045,11,18,17.747,13.823
2045,11,19,18.861,16.148
2045,11,20,18.54,16.898
2045,11,21,20.244,20.35
2045,11,22,17.657,20.038
2045,11,23,18.1,16.212
2045,11,24,18.23,18.631
2045,11,25,16.428,19.087
2045,11,26,18.31,18.888
2045,11,27,20.337,18.837
2045,11,28,19.749,18.527
2045,11,29,20.311,15.865
2045,11,30,19.563,15.965
2045,12,1,18.405,18.008
2045,12,2,16.626,18.198
2045,12,3,20.551,18.274
2045,12,4,16.617,19.683
2045,12,5,13.087,19.261
2045,12,6,11.364,16.284
2045,12,7,8.927,16.226
2045,12,8,10.366,15.915
2045,12,9,10.228,16.735
2045,12,10,10.449,17.094
2045,12,11,10.859,16.654
2045,12,12,7.455,15.831
2045,12,13,11.356,13.745
2045,12,14,14.729,15.901
2045,12,15,15.57,14.579
2045,12,16,13.743,12.023
2045,12,17,12.005,12.907
2045,12,18,13.791,13.553
2045,12,19,13.739,15.724
2045,12,20,16.394,13.263
2045,12,21,18.677,10.791
2045,12,22,19.089,12.76
2045,12,23,16.641,10.103
2045,12,24,16.178,11.034
2045,12,25,15.051,15.974
2045,12,26,17.987,15.258
2045,12,27,16.059,14.903
2045,12,28,15.17,16.438
2045,12,29,12.332,16.555
2045,12,30,11.676,17.563
2045,12,31,10.902,17.844
2046,1,1,9.39,14.802
2046,1,2,8.23,16.592
2046,1,3,8.991,15.112
2046,1,4,10.7,17.766
2046,1,5,11.951,19.288
2046,1,6,13.144,18.71
2046,1,7,14.011,15.427
2046,1,8,17.003,17.603
2046,1,9,12.838,17.891
2046,1,10,10.388,14.994
2046,1,11,12.961,14.571
2046,1,12,13.898,16.006
2046,1,13,12.814,17.829
2046,1,14,13.868,17.044
2046,1,15,16.329,17.069
2046,1,16,16.558,13.532
2046,1,17,13.461,18.931
2046,1,18,10.464,14.132
2046,1,19,6.945,13.228
2046,1,20,6.935,15.574
2046,1,21,5.943,14.997
2046,1,22,7.134,12.526
2046,1,23,7.719,8.543
2046,1,24,9.489,9.923
2046,1,25,7.488,13.4
2046,1,26,8.569,12.546
2046,1,27,9.723,13.884
2046,1,28,11.629,13.991
2046,1,29,13.899,11.08
2046,1,30,13.842,11.197
2046,1,31,15.582,13.414
2046,2,1,17.357,13.782
2046,2,2,17.346,13.569
2046,2,3,19.362,14.746
2046,2,4,19.67,15.193
2046,2,5,18.677,14.723
2046,2,6,18.779,15.719
2046,2,7,18.283,12.762
2046,2,8,18.016,12.555
2046,2,9,16.777,12.046
2046,2,10,19.058,10.262
2046,2,11,15.899,12.404
2046,2,12,14.437,15.377
2046,2,13,12.026,18.191
2046,2,14,14.507,18.318
2046,2,15,16.401,14.956
2046,2,16,16.132,16.104
2046,2,17,15.61,14.932
2046,2,18,19.764,15.494
2046,2,19,21.946,16.829
2046,2,20,23.997,16.651
2046,2,21,24.422,21.171
2046,2,22,24.189,15.285
2046,2,23,16.817,20.246
2046,2,24,17.969,22.228
2046,2,25,21.487,21.519
2046,2,26,18.978,13.377
2046,2,27,17.918,14.624
2046,2,28,16.8,15.518
2046,3,1,18.346,19.33
2046,3,2,17.238,17.314
2046,3,3,19.325,16.14
2046,3,4,21.775,15.414
2046,3,5,23.391,16.686
2046,3,6,21.323,15.471
2046,3,7,20.718,17.8
2046,3,8,19.328,21.081
2046,3,9,14.811,23.642
2046,3,10,18.785,23.04
2046,3,11,20.068,21.559
2046,3,12,21.222,22.336
2046,3,13,21.452,23.773
2046,3,14,19.776,21.147
2046,3,15,19.216,19.818
2046,3,16,22.439,16.11
2046,3,17,20.064,19.954
2046,3,18,20.858,22.221
2046,3,19,18.247,20.969
2046,3,20,15.883,21.292
2046,3,21,17.016,22.753
2046,3,22,14.64,21.481
2046,3,23,17.708,18.231
2046,3,24,17.978,16.917
2046,3,25,17.309,13.802
2046,3,26,18.575,17.632
2046,3,27,17.995,17.828
2046,3,28,19.636,17.089
2046,3,29,20.768,18.495
2046,3,30,24.253,21.514
2046,3,31,26.433,26.842
2046,4,1,27.3,25.652
2046,4,2,25.659,22.373
2046,4,3,25.117,23.319
2046,4,4,15.343,21.615
2046,4,5,18.647,18.011
2046,4,6,23.328,22.488
2046,4,7,26.259,27.536
2046,4,8,25.236,27.16
2046,4,9,24.24,24.62
2046,4,10,14.747,18.202
2046,4,11,15.377,16.59
2046,4,12,15.279,19.473
2046,4,13,14.027,19.016
2046,4,14,13.806,14.881
2046,4,15,13.443,18.512
2046,4,16,12.955,23.053
2046,4,17,17.079,26.497
2046,4,18,17.321,22.711
2046,4,19,17.397,16.505
2046,4,20,17.558,16.526
2046,4,21,20.038,14.127
2046,4,22,24.711,15.038
2046,4,23,26.441,8.747
2046,4,24,27.089,9.868
2046,4,25,30.343,10.438
2046,4,26,28.903,13.374
2046,4,27,26.648,19.858
2046,4,28,26.14,21.319
2046,4,29,27.209,22.207
2046,4,30,27.226,20.627
2046,5,1,28.552,20.326
2046,5,2,27.071,20.438
2046,5,3,23.07,18.653
2046,5,4,22.602,17.421
2046,5,5,26.002,15.714
2046,5,6,32.524,16.445
2046,5,7,34.217,18.579
2046,5,8,35.711,20.817
2046,5,9,35.847,20.209
2046,5,10,38.55,21.112
2046,5,11,38.301,25.787
2046,5,12,36.231,30.817
2046,5,13,32.453,29.451
2046,5,14,27.486,32.36
2046,5,15,25.611,29.925
2046,5,16,28.022,31.124
2046,5,17,33.794,28.663
2046,5,18,37.626,27.413
2046,5,19,34.506,29.409
2046,5,20,25.596,28.66
2046,5,21,20.421,28.538
2046,5,22,23.727,29.847
2046,5,23,25.285,31.471
2046,5,24,24.272,29.531
2046,5,25,25.803,28.654
2046,5,26,25.938,28.718
2046,5,27,26.082,28.602
2046,5,28,26.492,28.539
2046,5,29,26.223,21.797
2046,5,30,25.793,20.828
2046,5,31,28.17,20.986
2046,6,1,24.432,23.356
2046,6,2,23.018,27.725
2046,6,3,28.238,27.49
2046,6,4,29.195,26.801
2046,6,5,27.748,30.614
2046,6,6,27.33,33.095
2046,6,7,30.982,31.282
2046,6,8,31.58,31.599
2046,6,9,32.715,29.56
2046,6,10,34.084,33.518
2046,6,11,33.183,37.172
2046,6,12,32.105,36.519
2046,6,13,29.146,37.783
2046,6,14,21.045,36.105
2046,6,15,27.469,36.203
2046,6,16,35.026,33.132
2046,6,17,38.498,30.739
2046,6,18,39.062,34.606
2046,6,19,39.443,37.76
2046,6,20,37.427,36.127
2046,6,21,36.209,38.38
2046,6,22,38.232,40.352
2046,6,23,36.722,42.898
2046,6,24,35.522,42.534
2046,6,25,33.9,42.294
2046,6,26,31.566,41.346
2046,6,27,32.184,41.06
2046,6,28,32.053,39.263
2046,6,29,36.805,39.057
2046,6,30,35.923,40.291
2046,7,1,34.973,42.031
2046,7,2,34.966,42.761
2046,7,3,34.763,42.913
2046,7,4,36.648,41.669
2046,7,5,36.703,41.818
2046,7,6,40.356,42.313
2046,7,7,41.383,42.651
2046,7,8,43.727,43.069
2046,7,9,43.681,42.171
2046,7,10,42.909,40.856
2046,7,11,41.077,39.669
2046,7,12,40.717,38.109
2046,7,13,40.779,39.119
2046,7,14,41.476,40.666
2046,7,15,41.639,40.958
2046,7,16,40.079,39.597
2046,7,17,40.286,34.619
2046,7,18,40.661,36.207
2046,7,19,39.421,37.642
2046,7,20,39.453,40.823
2046,7,21,38.457,42.795
2046,7,22,39.175,43.035
2046,7,23,40.085,42.411
2046,7,24,39.783,41.905
2046,7,25,37.278,40.571
2046,7,26,35.202,39.381
2046,7,27,36.354,37.65
2046,7,28,38.503,36.026
2046,7,29,41.607,35.977
2046,7,30,42.758,38.001
2046,7,31,39.616,39.652
2046,8,1,40.062,38.751
2046,8,2,38.27,38.39
2046,8,3,40.499,39.511
2046,8,4,41.777,34.595
2046,8,5,41.776,34.456
2046,8,6,42.741,36.336
2046,8,7,41.16,36.109
2046,8,8,42.197,37.713
2046,8,9,42.783,35.359
2046,8,10,44.388,35.436
2046,8,11,43.337,35.014
2046,8,12,41.637,37.139
2046,8,13,40.27,35.991
2046,8,14,37.565,35.74
2046,8,15,33.259,31.725
2046,8,16,30.346,34.43
2046,8,17,26.788,35.62
2046,8,18,29.25,33.476
2046,8,19,29.616,32.61
2046,8,20,29.371,33.851
2046,8,21,30.59,35.33
2046,8,22,31.229,36.806
2046,8,23,33.45,37.492
2046,8,24,32.492,37.346
2046,8,25,32.12,37.656
2046,8,26,32.3,39.054
2046,8,27,36.157,39.003
2046,8,28,37.299,39.049
2046,8,29,37.131,38.584
2046,8,30,37.81,37.584
2046,8,31,39.683,39.261
2046,9,1,41.061,40.011
2046,9,2,37.673,41.026
2046,9,3,36.856,39.643
2046,9,4,34.767,38.701
2046,9,5,33.012,36.963
2046,9,6,31.738,37.528
2046,9,7,33.197,41.11
2046,9,8,30.476,39.391
2046,9,9,28.341,36.207
2046,9,10,30.586,39.968
2046,9,11,29.593,40.549
2046,9,12,29.798,40.649
2046,9,13,36.55,39.764
2046,9,14,39.011,40.025
2046,9,15,37.883,39.365
2046,9,16,33.044,39.653
2046,9,17,26.153,39.013
2046,9,18,31.31,39.846
2046,9,19,33.131,38.332
2046,9,20,33.756,35.353
2046,9,21,35.654,34.061
2046,9,22,29.722,32.209
2046,9,23,30.882,29.911
2046,9,24,34.783,34.599
2046,9,25,33.361,36.839
2046,9,26,32.276,36.893
2046,9,27,32.59,35.762
2046,9,28,31.635,36.63
2046,9,29,32.438,37.701
2046,9,30,33.77,38.273
2046,10,1,31.478,37.511
2046,10,2,31.51,37.256
2046,10,3,29.089,36.377
2046,10,4,29.047,36.679
2046,10,5,33.837,33.958
2046,10,6,36.341,32.272
2046,10,7,37.118,32.392
2046,10,8,36.454,25.834
2046,10,9,33.881,17.311
2046,10,10,26.387,16.832
2046,10,11,24.414,16.422
2046,10,12,24.092,18.119
2046,10,13,22.071,22.64
2046,10,14,20.662,25.128
2046,10,15,21.421,27.047
2046,10,16,22.304,27.142
2046,10,17,21.758,22.069
2046,10,18,22.893,18.868
2046,10,19,25.314,20.772
2046,10,20,22.917,25.17
2046,10,21,24.828,30.328
2046,10,22,28.68,29.898
2046,10,23,28.104,30.688
2046,10,24,21.855,31.338
2046,10,25,15.701,28.569
2046,10,26,16.193,24.966
2046,10,27,20.083,20.252
2046,10,28,23.464,17.894
2046,10,29,21.537,19.039
2046,10,30,22.043,18.473
2046,10,31,23.106,23.25
2046,11,1,21.334,23.036
2046,11,2,20.752,23.923
2046,11,3,18.689,25.025
2046,11,4,18.013,24.863
2046,11,5,16.367,24.049
2046,11,6,17.818,26.076
2046,11,7,18.11,27.259
2046,11,8,16.891,27.333
2046,11,9,18.607,27.91
2046,11,10,17.465,28.775
2046,11,11,12.453,26.968
2046,11,12,10.974,26.333
2046,11,13,12.804,24.359
2046,11,14,13.044,21.128
2046,11,15,12.882,20.053
2046,11,16,10.885,25.1
2046,11,17,11.993,22.87
2046,11,18,12.883,21.518
2046,11,19,14.871,18.383
2046,11,20,17.91,16.485
2046,11,21,21.227,17.235
2046,11,22,18.518,17.948
2046,11,23,18.0,20.215
2046,11,24,16.84,18.956
2046,11,25,14.029,17.742
2046,11,26,12.253,13.902
2046,11,27,13.191,15.462
2046,11,28,13.011,17.02
2046,11,29,10.548,16.821
2046,11,30,11.782,16.08
2046,12,1,12.275,14.236
2046,12,2,9.524,14.822
2046,12,3,12.062,13.93
2046,12,4,8.13,14.692
2046,12,5,12.964,14.475
2046,12,6,12.517,12.169
2046,12,7,11.556,15.48
2046,12,8,11.55,14.614
2046,12,9,10.782,16.779
2046,12,10,9.109,20.741
2046,12,11,10.481,20.008
2046,12,12,10.177,18.205
2046,12,13,9.364,17.91
2046,12,14,8.476,15.366
2046,12,15,11.086,16.694
2046,12,16,14.708,17.41
2046,12,17,12.281,14.615
2046,12,18,10.565,15.558
2046,12,19,10.399,17.742
2046,12,20,6.293,19.019
2046,12,21,8.902,18.86
2046,12,22,7.567,20.391
2046,12,23,10.181,18.433
2046,12,24,10.596,17.299
2046,12,25,10.189,16.55
2046,12,26,10.725,16.17
2046,12,27,10.507,13.961
2046,12,28,12.471,15.265
2046,12,29,15.123,13.919
2046,12,30,11.368,14.773
2046,12,31,10.093,12.302
2047,1,1,9.332,11.609
2047,1,2,11.89,11.086
2047,1,3,14.539,14.202
2047,1,4,14.85,12.86
2047,1,5,15.891,14.283
2047,1,6,16.676,9.022
2047,1,7,17.625,11.155
2047,1,8,18.85,8.651
2047,1,9,19.929,9.523
2047,1,10,21.176,10.116
2047,1,11,20.585,12.666
2047,1,12,20.334,13.059
2047,1,13,17.99,10.751
2047,1,14,14.842,12.137
2047,1,15,13.961,13.587
2047,1,16,13.297,14.216
2047,1,17,11.076,12.103
2047,1,18,11.734,11.148
2047,1,19,12.168,9.759
2047,1,20,17.247,10.709
2047,1,21,19.6,11.899
2047,1,22,18.492,16.028
2047,1,23,21.039,16.537
2047,1,24,21.471,13.667
2047,1,25,20.62,14.047
2047,1,26,20.67,16.98
2047,1,27,16.957,16.811
2047,1,28,16.704,17.376
2047,1,29,13.103,19.603
2047,1,30,13.079,15.534
2047,1,31,12.251,15.079
2047,2,1,13.374,13.359
2047,2,2,14.082,15.666
2047,2,3,16.904,14.206
2047,2,4,16.348,14.413
2047,2,5,15.224,14.969
2047,2,6,12.269,12.456
2047,2,7,11.784,16.622
2047,2,8,13.617,16.517
2047,2,9,17.825,19.269
2047,2,10,19.006,15.936
2047,2,11,19.099,13.078
2047,2,12,22.161,15.592
2047,2,13,22.148,14.321
2047,2,14,21.883,13.984
2047,2,15,22.287,12.528
2047,2,16,19.238,14.471
2047,2,17,18.613,18.316
2047,2,18,14.288,14.714
2047,2,19,17.041,13.772
2047,2,20,15.026,15.39
2047,2,21,20.929,17.974
2047,2,22,19.282,14.496
2047,2,23,13.991,10.288
2047,2,24,12.926,9.545
2047,2,25,16.33,8.425
2047,2,26,16.625,12.054
2047,2,27,18.147,12.312
2047,2,28,19.267,16.762
2047,3,1,22.48,16.387
2047,3,2,26.109,9.859
2047,3,3,22.098,11.331
2047,3,4,19.688,13.472
2047,3,5,19.977,15.882
2047,3,6,19.866,17.581
2047,3,7,20.125,18.511
2047,3,8,21.843,19.976
2047,3,9,20.876,21.585
2047,3,10,17.557,20.92
2047,3,11,15.771,21.695
2047,3,12,17.782,22.018
2047,3,13,19.933,21.163
2047,3,14,19.251,23.568
2047,3,15,14.301,23.274
2047,3,16,11.831,23.805
2047,3,17,18.427,24.922
2047,3,18,17.463,20.998
2047,3,19,16.762,17.91
2047,3,20,18.338,13.014
2047,3,21,19.76,17.142
2047,3,22,20.892,18.129
2047,3,23,20.859,20.297
2047,3,24,21.005,21.509
2047,3,25,23.092,20.989
2047,3,26,26.327,19.151
2047,3,27,24.373,17.074
2047,3,28,18.535,16.375
2047,3,29,21.502,16.431
2047,3,30,25.162,17.907
2047,3,31,25.747,20.441
2047,4,1,27.887,18.699
2047,4,2,22.791,20.679
2047,4,3,16.659,22.056
2047,4,4,21.274,24.286
2047,4,5,17.885,29.282
2047,4,6,15.346,25.483
2047,4,7,12.724,19.604
2047,4,8,12.902,20.885
2047,4,9,16.801,22.503
2047,4,10,22.675,23.992
2047,4,11,24.439,24.781
2047,4,12,20.178,27.314
2047,4,13,13.466,25.64
2047,4,14,17.011,26.434
2047,4,15,17.957,25.42
2047,4,16,20.01,23.774
2047,4,17,19.007,26.328
2047,4,18,21.906,25.345
2047,4,19,26.875,20.156
2047,4,20,30.32,21.295
2047,4,21,31.225,21.885
2047,4,22,31.183,24.139
2047,4,23,30.213,22.412
2047,4,24,26.027,21.065
2047,4,25,19.773,25.564
2047,4,26,17.916,29.663
2047,4,27,21.859,30.432
2047,4,28,29.191,32.984
2047,4,29,30.519,32.826
2047,4,30,33.043,33.407
2047,5,1,28.919,32.907
2047,5,2,19.336,24.527
2047,5,3,21.837,21.785
2047,5,4,25.521,24.315
2047,5,5,28.23,21.189
2047,5,6,27.116,21.271
2047,5,7,28.26,25.004
2047,5,8,26.133,23.124
2047,5,9,21.474,23.126
2047,5,10,21.689,21.235
2047,5,11,23.645,23.763
2047,5,12,25.154,27.21
2047,5,13,24.52,28.495
2047,5,14,24.14,29.011
2047,5,15,28.992,28.576
2047,5,16,30.213,23.811
2047,5,17,30.894,22.609
2047,5,18,31.195,26.573
2047,5,19,29.241,27.874
2047,5,20,33.235,27.778
2047,5,21,35.528,27.851
2047,5,22,37.34,29.581
2047,5,23,38.15,30.548
2047,5,24,37.291,28.978
2047,5,25,35.458,30.785
2047,5,26,32.833,30.171
2047,5,27,30.559,30.306
2047,5,28,32.612,32.353
2047,5,29,34.14,31.745
2047,5,30,34.631,34.362
2047,5,31,31.134,36.488
2047,6,1,32.757,39.571
2047,6,2,33.549,38.149
2047,6,3,37.136,34.796
2047,6,4,38.078,22.225
2047,6,5,37.202,27.013
2047,6,6,32.909,30.363
2047,6,7,35.451,33.578
2047,6,8,37.043,34.965
2047,6,9,36.463,33.826
2047,6,10,34.238,33.378
2047,6,11,36.026,31.922
2047,6,12,38.26,32.654
2047,6,13,40.399,32.313
2047,6,14,40.176,32.148
2047,6,15,39.344,27.861
2047,6,16,37.245,25.916
2047,6,17,33.777,22.012
2047,6,18,29.657,25.216
2047,6,19,30.244,30.587
2047,6,20,30.213,34.296
2047,6,21,29.054,34.337
2047,6,22,33.27,38.464
2047,6,23,36.959,39.628
2047,6,24,38.759,38.43
2047,6,25,39.56,36.06
2047,6,26,40.177,38.679
2047,6,27,39.356,37.376
2047,6,28,39.015,35.885
2047,6,29,39.267,34.996
2047,6,30,40.801,35.126
2047,7,1,40.355,32.654
2047,7,2,39.72,31.658
2047,7,3,36.447,34.3
2047,7,4,36.55,36.358
2047,7,5,33.201,39.265
2047,7,6,33.942,38.451
2047,7,7,33.39,40.52
2047,7,8,34.658,40.261
2047,7,9,34.901,39.057
2047,7,10,33.701,35.847
2047,7,11,33.467,38.692
2047,7,12,36.739,40.427
2047,7,13,38.903,42.052
2047,7,14,38.59,42.612
2047,7,15,38.728,42.027
2047,7,16,39.776,42.818
2047,7,17,40.948,39.137
2047,7,18,40.896,35.847
2047,7,19,38.447,32.697
2047,7,20,34.822,34.624
2047,7,21,34.738,37.182
2047,7,22,36.135,40.427
2047,7,23,39.685,40.145
2047,7,24,41.405,40.5
2047,7,25,42.727,41.291
2047,7,26,43.124,42.703
2047,7,27,42.112,41.301
2047,7,28,36.53,42.494
2047,7,29,37.531,41.408
2047,7,30,41.812,39.891
2047,7,31,41.974,38.446
2047,8,1,43.346,41.241
2047,8,2,40.683,43.586
2047,8,3,41.186,42.184
2047,8,4,39.712,41.934
2047,8,5,34.529,42.77
2047,8,6,31.273,40.415
2047,8,7,31.839,38.122
2047,8,8,32.629,36.996
2047,8,9,33.405,37.621
2047,8,10,37.197,36.007
2047,8,11,41.527,33.051
2047,8,12,43.115,32.602
2047,8,13,41.473,34.184
2047,8,14,40.284,35.174
2047,8,15,39.506,35.016
2047,8,16,39.705,33.136
2047,8,17,39.037,32.873
2047,8,18,41.154,34.205
2047,8,19,40.402,37.151
2047,8,20,41.77,39.268
2047,8,21,42.213,42.448
2047,8,22,41.6,40.532
2047,8,23,41.915,41.995
2047,8,24,41.543,39.577
2047,8,25,41.809,39.221
2047,8,26,39.07,38.666
2047,8,27,34.149,37.087
2047,8,28,34.447,35.84
2047,8,29,33.485,32.538
2047,8,30,31.302,33.387
2047,8,31,30.705,31.739
2047,9,1,31.736,32.271
2047,9,2,30.011,32.404
2047,9,3,31.088,28.035
2047,9,4,33.767,20.702
2047,9,5,35.982,27.156
2047,9,6,35.393,32.866
2047,9,7,34.048,28.48
2047,9,8,33.824,27.933
2047,9,9,35.734,29.001
2047,9,10,36.167,25.116
2047,9,11,36.0,24.476
2047,9,12,31.937,24.918
2047,9,13,32.778,30.839
2047,9,14,33.776,35.136
2047,9,15,31.177,37.389
2047,9,16,32.524,34.389
2047,9,17,35.955,37.407
2047,9,18,36.382,38.398
2047,9,19,32.945,38.42
2047,9,20,32.289,33.466
2047,9,21,29.649,31.541
2047,9,22,30.642,24.22
2047,9,23,33.678,19.732
2047,9,24,28.394,19.942
2047,9,25,25.893,22.045
2047,9,26,28.092,25.965
2047,9,27,29.841,27.564
2047,9,28,28.998,26.988
2047,9,29,32.389,24.883
2047,9,30,34.211,29.068
2047,10,1,33.304,28.457
2047,10,2,27.953,30.489
2047,10,3,24.533,24.53
2047,10,4,26.736,28.566
2047,10,5,25.82,27.768
2047,10,6,31.391,28.045
2047,10,7,35.791,26.008
2047,10,8,37.288,25.896
2047,10,9,35.789,27.936
2047,10,10,34.67,23.686
2047,10,11,31.469,24.353
2047,10,12,27.37,26.421
2047,10,13,26.608,28.988
2047,10,14,26.182,24.169
2047,10,15,26.572,19.986
2047,10,16,28.837,18.615
2047,10,17,31.483,21.813
2047,10,18,32.116,22.927
2047,10,19,31.29,23.047
2047,10,20,26.896,22.507
2047,10,21,24.287,19.253
2047,10,22,24.657,18.184
2047,10,23,28.242,17.704
2047,10,24,28.572,18.972
2047,10,25,26.842,22.179
2047,10,26,22.901,19.183
2047,10,27,22.694,16.74
2047,10,28,24.197,15.435
2047,10,29,21.542,17.981
2047,10,30,19.938,18.706
2047,10,31,19.566,16.119
2047,11,1,19.343,19.319
2047,11,2,21.836,18.16
2047,11,3,21.508,16.304
2047,11,4,20.122,17.142
2047,11,5,16.95,17.934
2047,11,6,19.452,19.669
2047,11,7,18.743,21.536
2047,11,8,15.199,23.329
2047,11,9,19.799,20.478
2047,11,10,22.91,16.484
2047,11,11,24.08,14.215
2047,11,12,26.092,14.46
2047,11,13,25.507,14.699
2047,11,14,22.0,12.862
2047,11,15,21.185,15.981
2047,11,16,23.11,17.279
2047,11,17,24.187,21.253
2047,11,18,22.588,19.812
2047,11,19,22.168,18.927
2047,11,20,22.852,20.174
2047,11,21,24.462,20.317
2047,11,22,22.661,21.174
2047,11,23,20.479,20.933
2047,11,24,19.108,19.046
2047,11,25,15.063,20.162
2047,11,26,10.874,16.179
2047,11,27,17.839,19.038
2047,11,28,19.03,17.897
2047,11,29,14.889,16.739
2047,11,30,12.795,15.256
2047,12,1,14.422,19.58
2047,12,2,17.483,21.868
2047,12,3,18.931,20.986
2047,12,4,17.503,18.706
2047,12,5,17.578,16.335
2047,12,6,16.709,21.41
2047,12,7,17.971,16.448
2047,12,8,12.389,18.131
2047,12,9,11.336,19.804
2047,12,10,8.976,14.77
2047,12,11,14.215,14.306
2047,12,12,11.107,15.341
2047,12,13,9.844,16.96
2047,12,14,8.94,16.179
2047,12,15,9.721,16.488
2047,12,16,9.677,15.995
2047,12,17,12.033,15.706
2047,12,18,12.39,16.226
2047,12,19,12.506,20.323
2047,12,20,9.02,20.293
2047,12,21,12.732,19.108
2047,12,22,12.089,17.626
2047,12,23,11.164,20.249
2047,12,24,8.912,21.277
2047,12,25,13.472,19.285
2047,12,26,15.565,18.137
2047,12,27,16.312,18.16
2047,12,28,14.343,14.742
2047,12,29,15.82,15.306
2047,12,30,18.283,16.891
2047,12,31,17.743,17.096
2048,1,1,16.328,13.578
2048,1,2,15.809,13.042
2048,1,3,15.006,15.534
2048,1,4,12.227,14.412
2048,1,5,9.611,13.729
2048,1,6,12.65,13.786
2048,1,7,9.53,12.303
2048,1,8,8.834,11.582
2048,1,9,11.636,8.269
2048,1,10,10.374,6.74
2048,1,11,9.713,7.282
2048,1,12,14.674,11.961
2048,1,13,12.468,12.961
2048,1,14,15.546,14.952
2048,1,15,14.575,14.605
2048,1,16,13.833,13.047
2048,1,17,15.897,12.67
2048,1,18,14.974,13.643
2048,1,19,19.67,14.468
2048,1,20,21.14,10.537
2048,1,21,22.837,9.107
2048,1,22,23.151,12.121
2048,1,23,20.538,13.316
2048,1,24,20.474,14.782
2048,1,25,20.526,17.515
2048,1,26,19.652,16.11
2048,1,27,20.177,16.326
2048,1,28,19.196,17.214
2048,1,29,16.733,18.003
2048,1,30,14.486,14.872
2048,1,31,12.893,13.165
2048,2,1,11.91,14.55
2048,2,2,17.064,14.985
2048,2,3,14.707,16.66
2048,2,4,12.536,19.413
2048,2,5,12.999,18.495
2048,2,6,14.289,14.126
2048,2,7,13.126,14.515
2048,2,8,16.757,11.101
2048,2,9,16.708,14.292
2048,2,10,10.997,12.674
2048,2,11,8.72,15.736
2048,2,12,10.446,19.92
2048,2,13,11.516,20.402
2048,2,14,12.551,20.936
2048,2,15,13.456,20.655
2048,2,16,14.622,21.218
2048,2,17,16.915,21.397
2048,2,18,17.722,14.741
2048,2,19,22.585,14.152
2048,2,20,21.557,12.27
2048,2,21,22.077,13.615
2048,2,22,21.411,15.815
2048,2,23,16.385,12.199
2048,2,24,16.918,13.126
2048,2,25,18.098,14.301
2048,2,26,16.775,14.807
2048,2,27,15.386,17.105
2048,2,28,15.426,17.437
2048,2,29,15.709,12.585
2048,3,1,14.94,14.408
2048,3,2,13.27,13.497
2048,3,3,12.059,16.215
2048,3,4,12.917,17.726
2048,3,5,14.469,18.779
2048,3,6,15.127,18.863
2048,3,7,13.918,18.137
2048,3,8,17.377,20.246
2048,3,9,18.402,17.829
2048,3,10,16.559,17.36
2048,3,11,16.781,17.987
2048,3,12,20.129,17.068
2048,3,13,20.59,18.083
2048,3,14,22.454,19.765
2048,3,15,21.153,22.336
2048,3,16,19.117,26.027
2048,3,17,15.076,27.291
2048,3,18,12.697,27.4
2048,3,19,11.17,27.548
2048,3,20,11.743,28.59
2048,3,21,13.958,23.903
2048,3,22,15.254,19.847
2048,3,23,14.733,22.634
2048,3,24,13.434,22.779
2048,3,25,9.754,21.669
2048,3,26,14.499,23.305
2048,3,27,18.976,20.798
2048,3,28,21.382,18.228
2048,3,29,23.883,19.325
2048,3,30,24.238,21.105
2048,3,31,26.05,19.661
2048,4,1,27.039,14.806
2048,4,2,30.284,22.526
2048,4,3,30.477,21.379
2048,4,4,27.749,21.425
2048,4,5,21.044,17.764
2048,4,6,21.18,23.374
2048,4,7,22.163,25.7
2048,4,8,23.023,27.615
2048,4,9,17.895,26.006
2048,4,10,17.541,27.777
2048,4,11,17.751,27.484
2048,4,12,20.902,22.384
2048,4,13,25.387,26.153
2048,4,14,25.914,24.736
2048,4,15,18.574,22.779
2048,4,16,23.017,23.058
2048,4,17,25.982,24.899
2048,4,18,28.346,22.651
2048,4,19,29.595,20.28
2048,4,20,28.712,24.258
2048,4,21,25.526,23.598
2048,4,22,22.502,21.032
2048,4,23,20.234,26.524
2048,4,24,19.039,26.964
2048,4,25,15.926,20.358
2048,4,26,23.202,17.115
2048,4,27,30.248,21.941
2048,4,28,31.003,20.226
2048,4,29,31.865,16.438
2048,4,30,29.451,15.796
2048,5,1,23.374,18.272
2048,5,2,22.45,20.942
2048,5,3,29.45,25.682
2048,5,4,32.573,27.229
2048,5,5,33.983,28.628
2048,5,6,34.455,31.323
2048,5,7,33.921,33.473
2048,5,8,33.371,32.355
2048,5,9,31.348,33.382
2048,5,10,32.878,31.345
2048,5,11,33.134,29.511
2048,5,12,28.802,29.042
2048,5,13,27.277,26.898
2048,5,14,26.167,30.737
2048,5,15,26.759,31.22
2048,5,16,27.472,28.439
2048,5,17,28.167,20.898
2048,5,18,29.817,20.799
2048,5,19,30.539,19.301
2048,5,20,34.689,20.66
2048,5,21,34.279,24.142
2048,5,22,35.368,28.935
2048,5,23,32.355,31.17
2048,5,24,32.84,31.199
2048,5,25,34.13,30.031
2048,5,26,33.847,33.014
2048,5,27,33.104,35.197
2048,5,28,34.169,35.204
2048,5,29,30.957,35.374
2048,5,30,26.011,27.259
2048,5,31,25.033,22.854
2048,6,1,24.971,27.945
2048,6,2,28.461,32.185
2048,6,3,31.188,33.448
2048,6,4,33.789,33.875
2048,6,5,33.497,34.713
2048,6,6,33.539,35.174
2048,6,7,33.222,34.793
2048,6,8,35.906,35.182
2048,6,9,33.62,31.992
2048,6,10,29.307,30.935
2048,6,11,31.885,34.094
2048,6,12,31.16,36.593
2048,6,13,34.155,39.311
2048,6,14,37.479,41.81
2048,6,15,38.967,42.272
2048,6,16,38.264,39.956
2048,6,17,34.984,34.992
2048,6,18,38.114,34.558
2048,6,19,39.864,33.513
2048,6,20,39.186,32.502
2048,6,21,36.925,32.187
2048,6,22,36.013,35.52
2048,6,23,39.277,37.023
2048,6,24,39.662,38.996
2048,6,25,39.83,39.986
2048,6,26,39.444,42.65
2048,6,27,40.03,42.569
2048,6,28,38.806,40.482
2048,6,29,39.268,39.321
2048,6,30,37.78,39.277
2048,7,1,36.125,39.787
2048,7,2,34.387,39.251
2048,7,3,35.105,39.487
2048,7,4,37.849,40.788
2048,7,5,37.33,43.106
2048,7,6,37.358,42.643
2048,7,7,39.614,42.71
2048,7,8,38.543,42.039
2048,7,9,35.951,42.206
2048,7,10,33.334,41.658
2048,7,11,34.262,40.827
2048,7,12,34.218,37.182
2048,7,13,33.713,37.184
2048,7,14,32.058,40.326
2048,7,15,33.121,41.795
2048,7,16,34.357,42.665
2048,7,17,38.33,43.576
2048,7,18,39.212,43.862
2048,7,19,38.441,45.358
2048,7,20,37.717,45.607
2048,7,21,38.774,44.623
2048,7,22,36.475,46.718
2048,7,23,37.623,45.475
2048,7,24,35.408,44.721
2048,7,25,34.113,42.804
2048,7,26,34.102,43.178
2048,7,27,35.556,43.707
2048,7,28,36.885,41.915
2048,7,29,33.049,42.27
2048,7,30,34.288,39.892
2048,7,31,35.425,38.053
2048,8,1,41.415,41.241
2048,8,2,43.081,41.387
2048,8,3,41.483,39.256
2048,8,4,35.972,37.764
2048,8,5,35.483,40.631
2048,8,6,37.855,42.102
2048,8,7,36.889,42.433
2048,8,8,37.836,40.294
2048,8,9,34.574,36.462
2048,8,10,32.775,35.622
2048,8,11,33.224,35.277
2048,8,12,38.264,33.273
2048,8,13,40.537,32.991
2048,8,14,38.689,31.707
2048,8,15,36.881,33.527
2048,8,16,35.614,31.303
2048,8,17,32.114,31.059
2048,8,18,30.651,31.583
2048,8,19,31.398,32.747
2048,8,20,33.28,32.329
2048,8,21,35.836,31.48
2048,8,22,34.224,28.598
2048,8,23,33.672,29.109
2048,8,24,30.744,28.965
2048,8,25,30.549,33.486
2048,8,26,28.829,35.93
2048,8,27,26.055,35.942
2048,8,28,27.053,37.245
2048,8,29,28.865,37.336
2048,8,30,31.379,38.68
2048,8,31,33.37,36.195
2048,9,1,28.103,36.562
2048,9,2,30.856,35.12
2048,9,3,33.903,35.539
2048,9,4,32.253,35.001
2048,9,5,36.146,37.816
2048,9,6,36.045,37.704
2048,9,7,37.937,37.973
2048,9,8,40.173,35.389
2048,9,9,41.432,34.461
2048,9,10,40.819,36.987
2048,9,11,38.551,35.175
2048,9,12,36.904,29.999
2048,9,13,34.452,29.948
2048,9,14,34.984,29.213
2048,9,15,36.727,32.306
2048,9,16,36.455,32.442
2048,9,17,38.306,33.697
2048,9,18,38.403,36.271
2048,9,19,37.063,35.898
2048,9,20,36.504,38.47
2048,9,21,35.523,37.734
2048,9,22,33.106,38.425
2048,9,23,30.852,38.18
2048,9,24,33.638,38.547
2048,9,25,35.787,37.662
2048,9,26,34.07,37.024
2048,9,27,32.496,35.625
2048,9,28,29.087,35.287
2048,9,29,23.863,33.939
2048,9,30,23.25,32.828
2048,10,1,23.28,30.536
2048,10,2,23.391,29.312
2048,10,3,29.553,30.839
2048,10,4,28.975,30.779
2048,10,5,30.362,32.659
2048,10,6,29.848,31.231
2048,10,7,28.425,28.933
2048,10,8,29.402,27.404
2048,10,9,29.346,26.752
2048,10,10,26.373,28.951
2048,10,11,22.97,32.084
2048,10,12,20.801,31.368
2048,10,13,20.27,31.996
2048,10,14,19.127,31.777
2048,10,15,18.138,29.897
2048,10,16,25.181,27.358
2048,10,17,24.518,27.565
2048,10,18,23.682,31.323
2048,10,19,20.875,29.027
2048,10,20,19.312,21.629
2048,10,21,22.316,17.77
2048,10,22,25.403,17.436
2048,10,23,28.561,17.938
2048,10,24,27.761,18.233
2048,10,25,29.492,23.103
2048,10,26,32.272,23.168
2048,10,27,26.418,23.631
2048,10,28,26.325,28.178
2048,10,29,24.37,28.81
2048,10,30,21.332,27.524
2048,10,31,22.659,28.131
2048,11,1,23.441,25.15
2048,11,2,22.544,18.94
2048,11,3,19.017,21.903
2048,11,4,17.599,24.38
2048,11,5,16.952,27.753
2048,11,6,19.205,24.762
2048,11,7,24.711,26.266
2048,11,8,25.754,26.208
2048,11,9,26.787,26.464
2048,11,10,24.598,27.33
2048,11,11,16.445,27.023
2048,11,12,10.662,26.385
2048,11,13,12.815,26.87
2048,11,14,15.97,26.415
2048,11,15,13.117,23.616
2048,11,16,11.5,21.609
2048,11,17,13.793,19.712
2048,11,18,15.772,17.357
2048,11,19,13.941,19.478
2048,11,20,12.433,20.156
2048,11,21,10.874,17.583
2048,11,22,9.319,16.576
2048,11,23,13.481,20.976
2048,11,24,15.262,25.85
2048,11,25,15.84,25.106
2048,11,26,15.928,25.957
2048,11,27,17.954,22.41
2048,11,28,15.271,21.501
2048,11,29,18.596,20.238
2048,11,30,16.846,17.189
2048,12,1,13.397,22.191
2048,12,2,16.333,20.38
2048,12,3,20.466,20.394
2048,12,4,20.035,14.604
2048,12,5,21.113,16.815
2048,12,6,20.585,15.302
2048,12,7,17.435,14.889
2048,12,8,12.816,17.515
2048,12,9,11.286,15.581
2048,12,10,11.286,15.367
2048,12,11,9.565,19.019
2048,12,12,9.207,14.734
2048,12,13,12.919,14.477
2048,12,14,11.825,16.425
2048,12,15,12.205,11.941
2048,12,16,9.618,9.578
2048,12,17,12.252,11.733
2048,12,18,13.203,17.029
2048,12,19,12.675,18.18
2048,12,20,11.947,17.077
2048,12,21,11.008,16.917
2048,12,22,10.923,18.374
2048,12,23,12.794,18.936
2048,12,24,13.61,18.716
2048,12,25,12.779,17.82
2048,12,26,13.652,17.649
2048,12,27,15.537,16.852
2048,12,28,14.793,19.013
2048,12,29,12.477,17.218
2048,12,30,13.193,16.905
2048,12,31,14.399,16.838
2049,1,1,12.211,18.463
2049,1,2,11.709,15.433
2049,1,3,12.041,14.101
2049,1,4,13.387,9.278
2049,1,5,14.133,9.656
2049,1,6,14.879,11.646
2049,1,7,16.052,10.507
2049,1,8,14.15,12.378
2049,1,9,15.419,13.019
2049,1,10,13.557,18.109
2049,1,11,14.211,17.082
2049,1,12,14.24,17.247
2049,1,13,13.075,20.342
2049,1,14,15.19,18.572
2049,1,15,15.313,18.098
2049,1,16,11.718,13.379
2049,1,17,16.148,11.514
2049,1,18,17.404,10.622
2049,1,19,15.532,6.558
2049,1,20,14.856,8.25
2049,1,21,15.96,9.903
2049,1,22,14.77,10.986
2049,1,23,14.096,11.443
2049,1,24,13.247,10.435
2049,1,25,12.654,12.213
2049,1,26,10.87,12.395
2049,1,27,12.352,11.819
2049,1,28,14.622,15.38
2049,1,29,14.875,18.166
2049,1,30,13.369,16.495
2049,1,31,11.429,14.481
2049,2,1,12.598,16.808
2049,2,2,13.488,18.51
2049,2,3,14.327,19.227
2049,2,4,10.828,19.426
2049,2,5,8.302,22.08
2049,2,6,7.805,22.002
2049,2,7,11.57,20.773
2049,2,8,15.696,17.326
2049,2,9,15.074,14.532
2049,2,10,13.02,11.636
2049,2,11,19.034,10.765
2049,2,12,20.02,14.675
2049,2,13,18.742,12.503
2049,2,14,14.644,14.034
2049,2,15,15.193,11.99
2049,2,16,12.245,14.174
2049,2,17,16.569,15.731
2049,2,18,16.69,14.398
2049,2,19,15.334,13.89
2049,2,20,21.512,10.001
2049,2,21,21.107,8.103
2049,2,22,21.039,14.014
2049,2,23,20.957,14.993
2049,2,24,20.093,21.265
2049,2,25,14.091,22.377
2049,2,26,13.472,21.189
2049,2,27,15.783,21.537
2049,2,28,17.934,19.197
2049,3,1,21.439,14.424
2049,3,2,21.423,16.44
2049,3,3,16.794,18.013
2049,3,4,16.111,18.57
2049,3,5,16.325,14.677
2049,3,6,15.206,14.294
2049,3,7,16.11,14.854
2049,3,8,19.276,17.302
2049,3,9,17.969,17.823
2049,3,10,18.555,25.718
2049,3,11,20.485,20.642
2049,3,12,22.349,21.414
2049,3,13,20.228,23.673
2049,3,14,16.599,21.001
2049,3,15,15.364,20.359
2049,3,16,17.729,17.865
2049,3,17,19.64,13.796
2049,3,18,17.79,12.481
2049,3,19,22.734,12.592
2049,3,20,23.857,12.95
2049,3,21,25.205,16.121
2049,3,22,24.895,15.515
2049,3,23,20.07,18.11
2049,3,24,17.236,18.809
2049,3,25,18.486,19.619
2049,3,26,19.807,17.871
2049,3,27,22.567,8.377
2049,3,28,26.591,14.448
2049,3,29,26.979,17.242
2049,3,30,26.79,19.957
2049,3,31,27.518,18.167
2049,4,1,27.579,15.135
2049,4,2,25.79,15.923
2049,4,3,27.623,20.317
2049,4,4,26.378,22.612
2049,4,5,25.205,22.33
2049,4,6,19.07,18.307
2049,4,7,11.774,11.662
2049,4,8,10.456,11.423
2049,4,9,15.214,13.411
2049,4,10,14.719,16.711
2049,4,11,12.767,17.409
2049,4,12,10.169,19.931
2049,4,13,16.235,18.679
2049,4,14,21.662,20.54
2049,4,15,22.662,24.726
2049,4,16,19.55,24.094
2049,4,17,15.67,20.689
2049,4,18,10.231,17.733
2049,4,19,12.353,13.281
2049,4,20,11.575,18.419
2049,4,21,12.119,22.239
2049,4,22,17.051,22.495
2049,4,23,21.539,22.006
2049,4,24,24.506,20.2
2049,4,25,26.618,17.665
2049,4,26,25.937,24.492
2049,4,27,25.579,30.648
2049,4,28,28.258,29.927
2049,4,29,25.273,28.022
2049,4,30,18.983,24.097
2049,5,1,15.977,22.473
2049,5,2,16.471,21.586
2049,5,3,19.744,19.964
2049,5,4,21.872,24.847
2049,5,5,24.743,29.826
2049,5,6,24.91,34.095
2049,5,7,23.759,32.95
2049,5,8,23.927,26.759
2049,5,9,26.627,26.121
2049,5,10,29.997,28.831
2049,5,11,30.28,32.243
2049,5,12,32.773,34.175
2049,5,13,35.349,34.476
2049,5,14,33.698,34.577
2049,5,15,29.899,29.601
2049,5,16,26.141,24.319
2049,5,17,25.72,21.036
2049,5,18,28.418,21.923
2049,5,19,32.703,22.556
2049,5,20,34.73,23.493
2049,5,21,35.391,27.909
2049,5,22,32.841,30.569
2049,5,23,26.369,31.291
2049,5,24,27.0,30.958
2049,5,25,27.534,30.712
2049,5,26,27.123,33.758
2049,5,27,27.994,33.557
2049,5,28,30.241,31.078
2049,5,29,27.826,23.975
2049,5,30,29.97,19.191
2049,5,31,31.454,23.291
2049,6,1,32.676,24.201
2049,6,2,32.89,24.9
2049,6,3,33.633,25.968
2049,6,4,37.524,26.239
2049,6,5,36.432,27.75
2049,6,6,35.63,33.509
2049,6,7,34.387,33.867
2049,6,8,34.007,35.893
2049,6,9,35.807,39.101
2049,6,10,36.213,39.992
2049,6,11,36.474,39.715
2049,6,12,34.819,38.993
2049,6,13,35.061,32.582
2049,6,14,34.005,30.138
2049,6,15,33.314,30.71
2049,6,16,34.284,32.339
2049,6,17,36.643,34.828
2049,6,18,36.794,40.426
2049,6,19,34.206,38.509
2049,6,20,36.323,35.046
2049,6,21,38.996,31.106
2049,6,22,38.447,28.028
2049,6,23,39.329,27.861
2049,6,24,39.334,35.116
2049,6,25,38.425,39.561
2049,6,26,37.598,39.045
2049,6,27,37.682,38.763
2049,6,28,39.12,38.512
2049,6,29,37.601,39.065
2049,6,30,37.815,38.776
2049,7,1,39.106,39.048
2049,7,2,36.856,38.927
2049,7,3,36.293,40.828
2049,7,4,37.513,38.993
2049,7,5,37.826,39.608
2049,7,6,36.331,40.47
2049,7,7,35.944,38.522
2049,7,8,37.533,39.241
2049,7,9,36.378,39.644
2049,7,10,34.994,40.401
2049,7,11,36.166,40.979
2049,7,12,39.086,41.217
2049,7,13,38.342,37.934
2049,7,14,39.931,39.31
2049,7,15,39.375,38.471
2049,7,16,40.49,37.63
2049,7,17,36.818,35.741
2049,7,18,33.257,33.788
2049,7,19,31.788,35.018
2049,7,20,32.816,36.552
2049,7,21,35.617,36.576
2049,7,22,37.409,37.514
2049,7,23,41.583,41.029
2049,7,24,46.278,42.556
2049,7,25,47.038,42.756
2049,7,26,44.995,41.595
2049,7,27,40.674,41.065
2049,7,28,37.434,39.144
2049,7,29,40.374,39.374
2049,7,30,40.066,38.319
2049,7,31,41.29,36.804
2049,8,1,38.699,40.031
2049,8,2,38.605,38.201
2049,8,3,37.489,40.408
2049,8,4,37.253,41.444
2049,8,5,40.382,41.116
2049,8,6,41.458,41.13
2049,8,7,40.645,41.491
2049,8,8,37.377,41.19
2049,8,9,36.242,39.155
2049,8,10,37.214,37.552
2049,8,11,41.177,37.246
2049,8,12,39.959,37.269
2049,8,13,39.085,37.084
2049,8,14,35.745,33.631
2049,8,15,33.91,33.429
2049,8,16,34.179,35.679
2049,8,17,33.48,34.214
2049,8,18,34.739,31.91
2049,8,19,33.22,33.411
2049,8,20,36.185,30.882
2049,8,21,36.135,31.225
2049,8,22,34.213,31.485
2049,8,23,31.951,30.622
2049,8,24,30.683,27.615
2049,8,25,32.391,26.114
2049,8,26,35.799,30.151
2049,8,27,33.356,34.099
2049,8,28,33.33,36.99
2049,8,29,30.914,35.913
2049,8,30,32.511,35.736
2049,8,31,34.206,33.982
2049,9,1,22.74,34.608
2049,9,2,26.915,33.358
2049,9,3,35.822,32.938
2049,9,4,40.185,32.325
2049,9,5,42.308,31.717
2049,9,6,43.43,31.898
2049,9,7,42.089,30.8
2049,9,8,39.9,29.948
2049,9,9,39.282,32.818
2049,9,10,36.573,34.601
2049,9,11,37.02,34.386
2049,9,12,36.72,34.461
2049,9,13,36.592,34.803
2049,9,14,34.071,36.735
2049,9,15,27.408,35.924
2049,9,16,28.363,34.485
2049,9,17,34.287,28.268
2049,9,18,35.198,29.869
2049,9,19,36.63,27.523
2049,9,20,34.211,24.035
2049,9,21,31.007,23.723
2049,9,22,28.229,23.651
2049,9,23,26.594,23.192
2049,9,24,25.003,25.061
2049,9,25,22.562,30.887
2049,9,26,24.869,33.081
2049,9,27,30.397,31.48
2049,9,28,31.795,30.471
2049,9,29,30.608,27.44
2049,9,30,30.244,26.53
2049,10,1,33.778,26.773
2049,10,2,33.104,27.281
2049,10,3,33.318,30.998
2049,10,4,34.49,30.984
2049,10,5,33.997,24.438
2049,10,6,32.42,26.705
2049,10,7,33.893,32.422
2049,10,8,31.5,33.135
2049,10,9,25.829,34.38
2049,10,10,23.098,33.369
2049,10,11,25.301,34.304
2049,10,12,26.193,35.329
2049,10,13,24.715,35.278
2049,10,14,17.592,36.161
2049,10,15,19.674,36.246
2049,10,16,15.703,35.489
2049,10,17,19.688,36.412
2049,10,18,19.015,33.812
2049,10,19,18.503,28.102
2049,10,20,17.782,27.893
2049,10,21,17.896,30.018
2049,10,22,13.825,28.601
2049,10,23,19.359,25.698
2049,10,24,22.372,22.904
2049,10,25,22.511,18.44
2049,10,26,19.187,17.04
2049,10,27,19.636,17.2
2049,10,28,18.272,18.675
2049,10,29,20.737,18.599
2049,10,30,15.596,17.675
2049,10,31,19.483,18.92
2049,11,1,20.474,20.625
2049,11,2,23.049,17.787
2049,11,3,21.043,23.08
2049,11,4,18.744,21.331
2049,11,5,19.056,18.413
2049,11,6,20.549,18.442
2049,11,7,18.753,17.282
2049,11,8,18.258,18.201
2049,11,9,17.445,20.64
2049,11,10,17.594,21.839
2049,11,11,18.879,20.834
2049,11,12,16.97,19.391
2049,11,13,16.138,19.919
2049,11,14,18.051,19.634
2049,11,15,15.379,19.336
2049,11,16,13.919,17.038
2049,11,17,13.213,17.895
2049,11,18,12.554,13.162
2049,11,19,14.938,15.039
2049,11,20,11.999,17.069
2049,11,21,10.864,16.138
2049,11,22,15.466,16.125
2049,11,23,16.987,15.866
2049,11,24,17.549,18.48
2049,11,25,16.359,17.067
2049,11,26,13.65,17.57
2049,11,27,16.711,15.2
2049,11,28,15.756,13.98
2049,11,29,14.678,15.12
2049,11,30,17.063,17.034
2049,12,1,15.197,18.121
2049,12,2,15.014,17.165
2049,12,3,14.392,16.166
2049,12,4,15.008,14.088
2049,12,5,16.229,14.609
2049,12,6,13.775,12.15
2049,12,7,14.199,11.391
2049,12,8,13.586,13.508
2049,12,9,10.531,13.561
2049,12,10,8.593,15.716
2049,12,11,10.666,14.795
2049,12,12,9.49,16.088
2049,12,13,10.981,18.222
2049,12,14,13.827,17.529
2049,12,15,10.283,18.041
2049,12,16,10.15,16.309
2049,12,17,11.138,15.401
2049,12,18,12.699,16.692
2049,12,19,18.061,14.675
2049,12,20,16.362,14.123
2049,12,21,16.794,9.751
2049,12,22,13.543,12.172
2049,12,23,11.596,10.908
2049,12,24,9.681,12.183
2049,12,25,13.879,12.222
2049,12,26,14.485,13.107
2049,12,27,15.343,14.137
2049,12,28,13.181,15.372
2049,12,29,13.15,18.077
2049,12,30,13.915,14.965
2049,12,31,16.577,17.523
2050,1,1,15.643,15.443
2050,1,2,13.733,13.221
2050,1,3,16.155,14.01
2050,1,4,15.538,14.653
2050,1,5,14.728,14.614
2050,1,6,17.376,15.439
2050,1,7,17.699,16.424
2050,1,8,15.931,16.221
2050,1,9,15.224,17.826
2050,1,10,13.013,14.464
2050,1,11,14.892,14.253
2050,1,12,16.251,13.952
2050,1,13,16.514,14.656
2050,1,14,14.434,12.432
2050,1,15,12.845,9.27
2050,1,16,11.364,8.248
2050,1,17,11.255,11.233
2050,1,18,12.303,13.583
2050,1,19,11.982,12.081
2050,1,20,12.863,13.53
2050,1,21,17.916,14.859
2050,1,22,18.838,15.784
2050,1,23,16.443,14.869
2050,1,24,18.717,14.422
2050,1,25,20.01,16.339
2050,1,26,19.942,15.806
2050,1,27,21.201,17.218
2050,1,28,20.874,18.653
2050,1,29,15.649,19.406
2050,1,30,15.422,19.027
2050,1,31,15.375,19.328
2050,2,1,18.769,17.224
2050,2,2,16.857,16.333
2050,2,3,20.419,16.329
2050,2,4,18.799,16.307
2050,2,5,15.424,13.449
2050,2,6,15.407,14.088
2050,2,7,15.681,15.302
2050,2,8,16.232,15.895
2050,2,9,17.489,13.226
2050,2,10,17.897,16.073
2050,2,11,13.967,15.469
2050,2,12,13.072,17.802
2050,2,13,14.396,16.851
2050,2,14,16.53,14.075
2050,2,15,16.739,13.411
2050,2,16,17.149,17.03
2050,2,17,18.538,19.946
2050,2,18,19.437,20.239
2050,2,19,16.729,21.748
2050,2,20,16.135,20.741
2050,2,21,17.64,14.432
2050,2,22,19.083,14.173
2050,2,23,21.323,14.554
2050,2,24,19.099,12.776
2050,2,25,17.742,15.122
2050,2,26,14.546,16.15
2050,2,27,15.781,20.003
2050,2,28,14.975,18.11
2050,3,1,10.29,15.995
2050,3,2,10.595,17.355
2050,3,3,12.373,21.21
2050,3,4,15.81,22.886
2050,3,5,16.401,24.261
2050,3,6,14.477,18.619
2050,3,7,19.665,12.497
2050,3,8,16.894,14.485
2050,3,9,13.19,15.712
2050,3,10,13.715,15.169
2050,3,11,13.983,14.357
2050,3,12,15.499,15.754
2050,3,13,20.705,17.635
2050,3,14,20.065,19.028
2050,3,15,21.47,22.723
2050,3,16,18.735,23.105
2050,3,17,15.585,26.493
2050,3,18,15.375,27.018
2050,3,19,15.85,24.248
2050,3,20,18.977,22.084
2050,3,21,22.152,21.998
2050,3,22,24.118,21.836
2050,3,23,22.359,21.973
2050,3,24,19.539,26.535
2050,3,25,18.16,28.4
2050,3,26,16.622,27.604
2050,3,27,14.243,21.408
2050,3,28,16.379,18.462
2050,3,29,20.01,20.624
2050,3,30,27.356,24.06
2050,3,31,29.352,23.92
2050,4,1,30.134,21.65
2050,4,2,30.042,20.228
2050,4,3,30.21,21.478
2050,4,4,20.682,26.558
2050,4,5,17.338,28.499
2050,4,6,18.674,25.375
2050,4,7,20.631,21.784
2050,4,8,21.655,18.028
2050,4,9,20.743,11.629
2050,4,10,23.989,15.18
2050,4,11,27.943,19.15
2050,4,12,30.36,18.186
2050,4,13,30.058,16.917
2050,4,14,27.332,21.932
2050,4,15,25.725,23.728
2050,4,16,23.066,24.972
2050,4,17,21.31,28.605
2050,4,18,17.362,28.928
2050,4,19,20.354,28.062
2050,4,20,20.919,28.17
2050,4,21,14.878,27.305
2050,4,22,15.091,24.213
2050,4,23,14.364,21.504
2050,4,24,15.004,14.721
2050,4,25,15.555,17.808
2050,4,26,21.346,16.528
2050,4,27,26.274,14.412
2050,4,28,29.637,14.446
2050,4,29,25.917,18.739
2050,4,30,23.931,22.077
2050,5,1,21.418,22.014
2050,5,2,20.552,19.344
2050,5,3,21.337,15.946
2050,5,4,26.041,14.614
2050,5,5,27.795,15.297
2050,5,6,31.697,18.339
2050,5,7,29.805,20.463
2050,5,8,26.65,24.182
2050,5,9,27.806,27.223
2050,5,10,32.275,30.03
2050,5,11,34.591,26.024
2050,5,12,34.731,29.267
2050,5,13,28.239,31.099
2050,5,14,22.239,32.614
2050,5,15,21.273,32.058
2050,5,16,14.849,30.737
2050,5,17,18.26,26.313
2050,5,18,21.392,29.666
2050,5,19,24.051,30.216
2050,5,20,25.559,23.803
2050,5,21,29.312,25.326
2050,5,22,31.088,26.228
2050,5,23,33.964,26.482
2050,5,24,33.152,30.044
2050,5,25,31.644,28.152
2050,5,26,31.975,28.812
2050,5,27,34.66,31.822
2050,5,28,33.453,31.205
2050,5,29,32.085,28.483
2050,5,30,31.509,26.883
2050,5,31,29.81,28.169
2050,6,1,26.709,33.314
2050,6,2,18.845,34.464
2050,6,3,18.187,36.309
2050,6,4,19.653,37.301
2050,6,5,23.088,36.909
2050,6,6,24.098,35.815
2050,6,7,21.727,34.442
2050,6,8,20.633,34.783
2050,6,9,17.896,35.616
2050,6,10,18.825,35.212
2050,6,11,21.171,34.082
2050,6,12,24.221,32.236
2050,6,13,24.796,32.368
2050,6,14,27.779,34.451
2050,6,15,27.495,33.404
2050,6,16,29.943,35.6
2050,6,17,28.586,36.801
2050,6,18,29.679,36.365
2050,6,19,31.67,35.253
2050,6,20,31.008,37.836
2050,6,21,31.352,39.772
2050,6,22,30.535,40.266
2050,6,23,31.587,39.637
2050,6,24,28.619,40.09
2050,6,25,30.057,41.562
2050,6,26,31.34,41.022
2050,6,27,35.38,40.066
2050,6,28,38.903,39.941
2050,6,29,37.545,39.994
2050,6,30,37.427,39.468
2050,7,1,36.352,38.792
2050,7,2,36.788,37.221
2050,7,3,40.867,37.508
2050,7,4,39.179,37.446
2050,7,5,35.427,38.215
2050,7,6,33.485,37.766
2050,7,7,31.71,38.776
2050,7,8,33.129,40.894
2050,7,9,31.801,40.452
2050,7,10,30.817,38.852
2050,7,11,30.856,42.243
2050,7,12,32.16,42.475
2050,7,13,35.485,40.829
2050,7,14,34.678,41.424
2050,7,15,35.708,42.297
2050,7,16,37.546,41.132
2050,7,17,40.374,37.479
2050,7,18,42.135,33.55
2050,7,19,41.731,34.858
2050,7,20,41.817,36.853
2050,7,21,42.988,40.129
2050,7,22,43.283,39.025
2050,7,23,43.423,36.775
2050,7,24,41.606,37.979
2050,7,25,40.983,37.611
2050,7,26,40.027,36.13
2050,7,27,37.395,35.962
2050,7,28,34.901,36.168
2050,7,29,34.019,38.075
2050,7,30,34.242,36.834
2050,7,31,35.55,37.011
2050,8,1,36.413,38.202
2050,8,2,37.519,39.911
2050,8,3,37.284,39.249
2050,8,4,36.739,37.721
2050,8,5,38.816,36.521
2050,8,6,38.134,38.627
2050,8,7,37.179,37.985
2050,8,8,36.026,37.728
2050,8,9,37.478,36.544
2050,8,10,37.661,36.877
2050,8,11,33.759,37.728
2050,8,12,31.478,37.909
2050,8,13,33.474,39.495
2050,8,14,34.491,38.153
2050,8,15,37.359,38.497
2050,8,16,38.242,38.142
2050,8,17,37.886,36.235
2050,8,18,35.617,35.117
2050,8,19,34.749,33.003
2050,8,20,33.688,33.363
2050,8,21,34.823,36.11
2050,8,22,34.024,34.788
2050,8,23,33.718,34.018
2050,8,24,31.658,32.459
2050,8,25,30.8,35.807
2050,8,26,36.353,38.397
2050,8,27,38.713,37.062
2050,8,28,39.472,36.67
2050,8,29,40.047,37.836
2050,8,30,38.155,39.314
2050,8,31,36.228,38.952
2050,9,1,34.1,38.507
2050,9,2,29.503,38.746
2050,9,3,27.571,39.805
2050,9,4,27.898,39.131
2050,9,5,30.629,32.568
2050,9,6,31.161,35.968
2050,9,7,38.262,33.097
2050,9,8,40.37,33.659
2050,9,9,40.418,34.739
2050,9,10,39.338,31.335
2050,9,11,38.696,28.959
2050,9,12,37.636,27.369
2050,9,13,34.849,25.496
2050,9,14,32.149,29.832
2050,9,15,30.988,31.293
2050,9,16,27.036,34.21
2050,9,17,29.17,36.194
2050,9,18,33.381,41.504
2050,9,19,35.825,41.004
2050,9,20,36.815,40.564
2050,9,21,37.305,39.299
2050,9,22,34.779,35.938
2050,9,23,34.318,30.442
2050,9,24,32.997,31.904
2050,9,25,35.06,34.793
2050,9,26,36.488,37.802
2050,9,27,37.494,37.849
2050,9,28,38.358,37.867
2050,9,29,39.38,32.239
2050,9,30,36.903,32.646
2050,10,1,35.885,31.172
2050,10,2,33.831,29.416
2050,10,3,36.01,33.458
2050,10,4,33.719,34.04
2050,10,5,32.073,34.163
2050,10,6,33.509,26.825
2050,10,7,28.262,27.288
2050,10,8,27.108,33.849
2050,10,9,31.56,35.63
2050,10,10,32.379,35.935
2050,10,11,30.947,36.671
2050,10,12,27.673,37.507
2050,10,13,26.06,38.915
2050,10,14,26.656,37.977
2050,10,15,25.371,34.988
2050,10,16,26.103,33.575
2050,10,17,28.199,30.461
2050,10,18,32.924,24.784
2050,10,19,33.946,24.893
2050,10,20,34.403,28.894
2050,10,21,33.305,31.701
2050,10,22,28.833,31.393
2050,10,23,23.281,23.564
2050,10,24,24.273,22.187
2050,10,25,20.742,24.19
2050,10,26,18.534,25.257
2050,10,27,14.697,27.093
2050,10,28,18.148,28.083
2050,10,29,18.014,25.946
2050,10,30,20.905,25.578
2050,10,31,24.024,28.477
2050,11,1,22.53,31.145
2050,11,2,19.929,28.625
2050,11,3,20.019,29.368
2050,11,4,18.241,28.759
2050,11,5,18.703,26.339
2050,11,6,19.166,26.272
2050,11,7,19.351,28.264
2050,11,8,20.779,28.105
2050,11,9,20.925,24.039
2050,11,10,22.905,19.516
2050,11,11,21.031,19.119
2050,11,12,18.873,19.767
2050,11,13,18.358,16.963
2050,11,14,19.903,17.973
2050,11,15,21.107,18.615
2050,11,16,21.977,22.99
2050,11,17,21.246,20.269
2050,11,18,19.495,15.754
2050,11,19,22.793,12.874
2050,11,20,22.252,12.243
2050,11,21,22.537,11.157
2050,11,22,21.786,18.153
2050,11,23,18.298,16.159
2050,11,24,15.505,19.301
2050,11,25,16.346,18.877
2050,11,26,16.609,18.466
2050,11,27,16.688,20.253
2050,11,28,16.658,18.124
2050,11,29,14.171,15.576
2050,11,30,11.216,15.616
2050,12,1,13.39,16.903
2050,12,2,14.402,19.978
2050,12,3,11.968,18.847
2050,12,4,12.758,17.933
2050,12,5,13.126,16.836
2050,12,6,15.238,13.919
2050,12,7,15.027,16.646
2050,12,8,15.472,15.983
2050,12,9,15.926,16.47
2050,12,10,17.157,14.124
2050,12,11,14.353,16.64
2050,12,12,15.579,18.001
2050,12,13,17.853,20.334
2050,12,14,12.708,14.344
2050,12,15,13.824,10.246
2050,12,16,13.232,8.87
2050,12,17,12.795,8.707
2050,12,18,13.246,3.62
2050,12,19,13.003,5.885
2050,12,20,13.489,10.328
2050,12,21,11.378,12.036
2050,12,22,8.203,12.352
2050,12,23,9.214,6.933
2050,12,24,12.719,13.579
2050,12,25,12.935,13.077
2050,12,26,14.794,12.204
2050,12,27,16.493,9.906
2050,12,28,16.129,9.4
2050,12,29,13.796,10.433
2050,12,30,15.862,11.917
2050,12,31,18.225,11.951
2051,1,1,16.332,9.092
2051,1,2,14.204,12.418
2051,1,3,17.114,13.48
2051,1,4,16.613,13.116
2051,1,5,14.898,10.457
2051,1,6,10.672,8.273
2051,1,7,10.472,10.876
2051,1,8,10.997,10.658
2051,1,9,12.825,12.419
2051,1,10,9.708,13.993
2051,1,11,11.282,13.671
2051,1,12,14.515,14.297
2051,1,13,15.102,17.337
2051,1,14,13.261,17.582
2051,1,15,14.2,16.3
2051,1,16,13.053,16.762
2051,1,17,13.071,19.557
2051,1,18,13.738,19.936
2051,1,19,12.253,20.266
2051,1,20,11.992,20.84
2051,1,21,11.513,18.974
2051,1,22,9.376,15.746
2051,1,23,11.296,15.37
2051,1,24,11.999,18.904
2051,1,25,12.374,19.339
2051,1,26,13.81,18.346
2051,1,27,13.778,13.861
2051,1,28,14.281,13.173
2051,1,29,15.18,12.929
2051,1,30,13.423,14.441
2051,1,31,14.286,11.807
2051,2,1,15.715,14.279
2051,2,2,14.486,13.733
2051,2,3,15.507,14.306
2051,2,4,13.417,17.254
2051,2,5,15.587,17.669
2051,2,6,13.583,16.991
2051,2,7,13.656,15.838
2051,2,8,14.531,14.876
2051,2,9,12.634,15.785
2051,2,10,14.983,13.41
2051,2,11,14.766,18.703
2051,2,12,15.223,16.762
2051,2,13,17.239,17.048
2051,2,14,14.684,16.287
2051,2,15,13.728,15.101
2051,2,16,15.247,15.596
2051,2,17,17.719,16.108
2051,2,18,16.352,16.154
2051,2,19,16.506,13.621
2051,2,20,13.817,13.483
2051,2,21,12.096,14.55
2051,2,22,13.277,15.166
2051,2,23,17.687,16.512
2051,2,24,19.327,18.1
2051,2,25,19.402,17.699
2051,2,26,19.349,18.924
2051,2,27,20.346,17.771
2051,2,28,17.859,14.329
2051,3,1,15.239,9.598
2051,3,2,16.2,11.497
2051,3,3,14.903,11.314
2051,3,4,17.283,11.329
2051,3,5,18.979,10.17
2051,3,6,21.258,11.421
2051,3,7,23.478,10.998
2051,3,8,23.396,10.562
2051,3,9,23.457,12.451
2051,3,10,22.488,13.504
2051,3,11,20.162,17.688
2051,3,12,17.804,15.987
2051,3,13,16.046,20.444
2051,3,14,18.862,19.158
2051,3,15,19.518,13.44
2051,3,16,20.337,13.651
2051,3,17,20.766,17.971
2051,3,18,20.664,16.743
2051,3,19,18.834,17.662
2051,3,20,14.877,22.241
2051,3,21,13.147,23.291
2051,3,22,16.521,23.747
2051,3,23,15.744,24.705
2051,3,24,16.304,26.937
2051,3,25,19.25,23.119
2051,3,26,22.439,18.789
2051,3,27,20.589,15.363
2051,3,28,15.87,19.31
2051,3,29,13.484,20.479
2051,3,30,13.931,19.503
2051,3,31,13.699,18.304
2051,4,1,12.944,18.264
2051,4,2,12.313,20.29
2051,4,3,10.472,21.42
2051,4,4,13.849,21.175
2051,4,5,16.13,25.853
2051,4,6,20.09,28.427
2051,4,7,19.846,24.72
2051,4,8,20.154,23.084
2051,4,9,17.483,22.007
2051,4,10,13.767,24.788
2051,4,11,11.0,24.972
2051,4,12,10.246,26.989
2051,4,13,13.936,30.011
2051,4,14,17.106,28.953
2051,4,15,20.238,27.556
2051,4,16,23.32,23.634
2051,4,17,28.431,23.236
2051,4,18,28.362,17.115
2051,4,19,26.893,15.897
2051,4,20,27.274,15.288
2051,4,21,26.224,13.814
2051,4,22,26.485,18.267
2051,4,23,26.051,19.098
2051,4,24,24.483,19.466
2051,4,25,21.748,13.871
2051,4,26,19.731,12.931
2051,4,27,20.21,20.446
2051,4,28,20.419,22.746
2051,4,29,24.995,21.613
2051,4,30,27.994,21.238
2051,5,1,27.727,25.127
2051,5,2,27.836,26.935
2051,5,3,28.5,29.45
2051,5,4,22.572,30.47
2051,5,5,21.065,28.43
2051,5,6,22.712,30.145
2051,5,7,22.417,28.347
2051,5,8,22.232,29.187
2051,5,9,20.093,31.765
2051,5,10,21.289,33.25
2051,5,11,16.852,34.822
2051,5,12,19.079,35.276
2051,5,13,19.506,33.604
2051,5,14,19.752,32.198
2051,5,15,23.332,32.731
2051,5,16,23.105,31.469
2051,5,17,22.19,31.439
2051,5,18,22.974,34.257
2051,5,19,24.49,34.356
2051,5,20,23.952,34.746
2051,5,21,20.138,31.47
2051,5,22,22.056,26.309
2051,5,23,24.222,26.302
2051,5,24,23.879,30.223
2051,5,25,23.574,36.625
2051,5,26,26.615,37.587
2051,5,27,29.243,36.843
2051,5,28,30.842,35.767
2051,5,29,31.009,35.895
2051,5,30,30.724,38.336
2051,5,31,28.873,39.402
2051,6,1,33.024,39.653
2051,6,2,32.437,39.832
2051,6,3,33.5,39.635
2051,6,4,36.876,38.562
2051,6,5,39.106,35.33
2051,6,6,40.076,34.884
2051,6,7,39.811,35.477
2051,6,8,39.886,36.252
2051,6,9,40.082,38.815
2051,6,10,41.224,39.472
2051,6,11,40.102,38.623
2051,6,12,39.033,35.67
2051,6,13,32.975,35.587
2051,6,14,30.077,37.103
2051,6,15,28.006,41.552
2051,6,16,29.927,40.449
2051,6,17,32.349,40.426
2051,6,18,31.975,38.168
2051,6,19,31.842,34.424
2051,6,20,28.186,34.223
2051,6,21,26.246,34.947
2051,6,22,27.081,34.295
2051,6,23,28.889,32.167
2051,6,24,32.493,30.895
2051,6,25,32.923,31.639
2051,6,26,34.791,32.435
2051,6,27,36.649,32.243
2051,6,28,37.688,33.271
2051,6,29,38.243,37.195
2051,6,30,36.33,39.871
2051,7,1,32.963,40.139
2051,7,2,33.358,40.158
2051,7,3,33.573,40.991
2051,7,4,34.186,41.821
2051,7,5,35.454,42.945
2051,7,6,36.147,43.49
2051,7,7,35.85,45.412
2051,7,8,36.544,46.397
2051,7,9,37.511,43.733
2051,7,10,37.216,41.251
2051,7,11,34.732,34.802
2051,7,12,35.345,36.271
2051,7,13,36.269,41.327
2051,7,14,34.976,42.428
2051,7,15,36.959,43.662
2051,7,16,36.48,43.594
2051,7,17,36.659,38.629
2051,7,18,39.87,37.688
2051,7,19,39.148,37.726
2051,7,20,41.314,41.351
2051,7,21,40.623,41.107
2051,7,22,41.115,42.041
2051,7,23,41.06,42.388
2051,7,24,39.923,43.76
2051,7,25,39.339,43.232
2051,7,26,38.472,39.69
2051,7,27,35.194,35.964
2051,7,28,34.462,35.969
2051,7,29,36.291,35.758
2051,7,30,38.311,36.138
2051,7,31,40.147,35.233
2051,8,1,39.18,38.304
2051,8,2,38.458,37.322
2051,8,3,38.754,37.807
2051,8,4,36.736,37.427
2051,8,5,38.858,37.035
2051,8,6,39.351,34.447
2051,8,7,42.151,34.248
2051,8,8,39.395,36.979
2051,8,9,37.672,41.87
2051,8,10,38.416,41.467
2051,8,11,38.946,41.253
2051,8,12,39.242,40.797
2051,8,13,38.697,39.179
2051,8,14,36.526,37.757
2051,8,15,35.439,34.865
2051,8,16,33.447,36.619
2051,8,17,36.348,38.522
2051,8,18,35.901,42.454
2051,8,19,36.203,41.977
2051,8,20,36.913,39.704
2051,8,21,38.591,37.471
2051,8,22,37.763,35.118
2051,8,23,37.915,36.103
2051,8,24,39.78,37.005
2051,8,25,40.11,38.046
2051,8,26,40.124,39.21
2051,8,27,39.872,38.658
2051,8,28,37.135,36.263
2051,8,29,34.218,36.398
2051,8,30,33.704,39.658
2051,8,31,34.688,40.794
2051,9,1,36.344,38.252
2051,9,2,35.133,37.459
2051,9,3,30.921,31.817
2051,9,4,33.122,38.31
2051,9,5,36.398,37.931
2051,9,6,36.312,36.776
2051,9,7,37.089,36.936
2051,9,8,36.669,33.787
2051,9,9,34.988,32.14
2051,9,10,33.298,28.68
2051,9,11,35.379,26.594
2051,9,12,34.902,27.78
2051,9,13,36.831,30.169
2051,9,14,34.461,31.496
2051,9,15,33.777,29.178
2051,9,16,34.278,32.423
2051,9,17,31.989,36.23
2051,9,18,31.992,34.533
2051,9,19,33.879,36.314
2051,9,20,33.778,37.508
2051,9,21,31.618,40.576
2051,9,22,31.138,39.459
2051,9,23,33.658,38.455
2051,9,24,33.369,35.617
2051,9,25,33.054,34.221
2051,9,26,30.769,33.821
2051,9,27,30.117,34.7
2051,9,28,31.496,34.199
2051,9,29,33.238,31.535
2051,9,30,31.497,29.806
2051,10,1,31.396,24.179
2051,10,2,32.726,23.27
2051,10,3,34.044,24.873
2051,10,4,35.286,24.035
2051,10,5,38.582,22.103
2051,10,6,37.427,19.077
2051,10,7,27.425,17.933
2051,10,8,24.946,17.92
2051,10,9,25.423,19.682
2051,10,10,31.044,21.933
2051,10,11,31.418,22.444
2051,10,12,31.507,22.823
2051,10,13,30.902,25.207
2051,10,14,29.591,26.856
2051,10,15,27.697,26.845
2051,10,16,24.229,26.224
2051,10,17,22.805,26.414
2051,10,18,22.097,29.97
2051,10,19,24.416,29.004
2051,10,20,26.569,24.576
2051,10,21,25.482,21.728
2051,10,22,20.574,19.546
2051,10,23,20.775,18.664
2051,10,24,19.522,24.234
2051,10,25,24.254,27.44
2051,10,26,27.271,27.893
2051,10,27,27.779,21.385
2051,10,28,28.143,21.159
2051,10,29,30.305,21.152
2051,10,30,30.649,18.798
2051,10,31,25.628,19.953
2051,11,1,24.522,20.628
2051,11,2,23.605,21.556
2051,11,3,27.918,21.692
2051,11,4,25.364,23.36
2051,11,5,21.102,22.84
2051,11,6,21.465,25.304
2051,11,7,22.373,23.444
2051,11,8,24.206,24.225
2051,11,9,24.634,25.019
2051,11,10,24.695,21.388
2051,11,11,24.472,23.216
2051,11,12,24.115,23.232
2051,11,13,22.942,24.305
2051,11,14,22.047,24.172
2051,11,15,21.568,19.066
2051,11,16,18.875,19.535
2051,11,17,20.764,18.347
2051,11,18,23.204,17.258
2051,11,19,23.237,16.049
2051,11,20,26.25,15.852
2051,11,21,25.782,18.407
2051,11,22,26.224,20.938
2051,11,23,22.752,18.997
2051,11,24,21.018,18.736
2051,11,25,19.948,14.729
2051,11,26,17.996,14.904
2051,11,27,16.166,14.266
2051,11,28,16.924,16.465
2051,11,29,18.567,16.9
2051,11,30,17.678,19.044
2051,12,1,18.476,17.083
2051,12,2,16.386,17.626
2051,12,3,18.568,16.894
2051,12,4,15.558,16.88
2051,12,5,15.431,15.204
2051,12,6,14.651,19.878
2051,12,7,16.816,18.923
2051,12,8,19.886,15.364
2051,12,9,17.365,15.225
2051,12,10,19.028,14.795
2051,12,11,18.107,13.925
2051,12,12,19.533,13.861
2051,12,13,18.728,13.444
2051,12,14,21.275,15.414
2051,12,15,20.844,17.319
2051,12,16,19.945,18.686
2051,12,17,17.779,18.782
2051,12,18,15.918,15.345
2051,12,19,14.406,14.224
2051,12,20,10.559,17.578
2051,12,21,10.441,16.15
2051,12,22,11.797,17.478
2051,12,23,12.741,18.0
2051,12,24,12.492,18.317
2051,12,25,14.886,18.422
2051,12,26,12.337,16.343
2051,12,27,13.09,19.141
2051,12,28,12.374,21.196
2051,12,29,13.125,19.41
2051,12,30,14.032,17.984
2051,12,31,13.126,19.563
2052,1,1,9.549,13.993
2052,1,2,10.192,11.663
2052,1,3,9.858,14.769
2052,1,4,13.844,15.176
2052,1,5,13.007,15.047
2052,1,6,12.637,13.268
2052,1,7,14.95,13.67
2052,1,8,14.81,15.748
2052,1,9,17.743,15.259
2052,1,10,18.534,15.805
2052,1,11,19.478,14.459
2052,1,12,19.648,18.108
2052,1,13,16.666,16.543
2052,1,14,18.316,14.253
2052,1,15,14.889,17.703
2052,1,16,16.067,11.627
2052,1,17,17.78,7.384
2052,1,18,19.833,9.229
2052,1,19,18.738,12.504
2052,1,20,17.56,10.632
2052,1,21,16.593,12.214
2052,1,22,13.256,11.477
2052,1,23,16.137,7.515
2052,1,24,12.999,9.971
2052,1,25,12.364,11.496
2052,1,26,10.02,8.751
2052,1,27,10.821,11.318
2052,1,28,12.441,10.464
2052,1,29,16.373,10.113
2052,1,30,16.718,11.121
2052,1,31,14.68,11.569
2052,2,1,15.696,10.806
2052,2,2,15.871,14.211
2052,2,3,13.418,15.084
2052,2,4,15.949,14.372
2052,2,5,15.575,15.213
2052,2,6,13.337,17.218
2052,2,7,11.879,18.226
2052,2,8,13.033,19.608
2052,2,9,17.878,17.578
2052,2,10,17.198,17.121
2052,2,11,13.255,15.436
2052,2,12,12.145,15.246
2052,2,13,11.507,15.288
2052,2,14,16.416,13.746
2052,2,15,18.203,13.349
2052,2,16,19.344,13.533
2052,2,17,19.936,19.141
2052,2,18,18.805,19.373
2052,2,19,18.059,20.532
2052,2,20,16.511,21.676
2052,2,21,17.12,20.169
2052,2,22,18.064,20.836
2052,2,23,18.782,19.549
2052,2,24,21.508,17.323
2052,2,25,24.119,15.299
2052,2,26,23.485,15.335
2052,2,27,22.889,16.143
2052,2,28,23.4,15.351
2052,2,29,19.001,19.002
2052,3,1,14.891,17.28
2052,3,2,13.764,13.933
2052,3,3,14.568,15.97
2052,3,4,17.269,14.0
2052,3,5,21.142,13.808
2052,3,6,20.701,12.193
2052,3,7,14.586,12.458
2052,3,8,16.596,13.247
2052,3,9,18.734,11.563
2052,3,10,12.545,9.441
2052,3,11,13.788,9.24
2052,3,12,15.554,11.654
2052,3,13,12.413,12.663
2052,3,14,11.117,13.369
2052,3,15,14.523,15.201
2052,3,16,16.118,15.021
2052,3,17,17.99,14.535
2052,3,18,18.774,13.629
2052,3,19,15.669,13.934
2052,3,20,16.935,13.28
2052,3,21,17.868,14.742
2052,3,22,18.445,15.668
2052,3,23,17.051,15.634
2052,3,24,17.917,16.898
2052,3,25,19.605,14.302
2052,3,26,20.645,15.853
2052,3,27,23.351,14.472
2052,3,28,24.973,14.313
2052,3,29,25.131,16.365
2052,3,30,28.765,17.345
2052,3,31,28.724,14.661
2052,4,1,28.958,12.924
2052,4,2,31.088,11.461
2052,4,3,31.853,12.617
2052,4,4,26.751,14.34
2052,4,5,22.814,20.909
2052,4,6,20.064,22.905
2052,4,7,19.255,24.67
2052,4,8,17.707,27.755
2052,4,9,16.057,26.881
2052,4,10,16.34,28.073
2052,4,11,21.351,31.57
2052,4,12,24.437,31.965
2052,4,13,24.659,31.475
2052,4,14,26.01,25.32
2052,4,15,27.74,20.314
2052,4,16,25.98,20.708
2052,4,17,22.259,20.152
2052,4,18,14.424,19.515
2052,4,19,14.351,11.119
2052,4,20,15.812,14.879
2052,4,21,14.779,19.735
2052,4,22,13.139,24.702
2052,4,23,15.676,28.225
2052,4,24,17.73,29.9
2052,4,25,16.238,26.374
2052,4,26,16.037,18.905
2052,4,27,17.116,16.07
2052,4,28,19.541,20.55
2052,4,29,23.289,21.708
2052,4,30,23.816,20.341
2052,5,1,29.061,21.192
2052,5,2,27.914,20.163
2052,5,3,30.885,19.722
2052,5,4,32.933,26.012
2052,5,5,33.512,29.482
2052,5,6,34.016,33.588
2052,5,7,29.076,32.035
2052,5,8,23.641,31.819
2052,5,9,20.645,27.066
2052,5,10,20.181,28.933
2052,5,11,24.441,24.498
2052,5,12,29.818,23.587
2052,5,13,30.737,20.776
2052,5,14,30.57,25.15
2052,5,15,31.267,24.179
2052,5,16,31.984,27.377
2052,5,17,31.37,31.68
2052,5,18,31.081,32.252
2052,5,19,28.018,33.691
2052,5,20,24.803,26.85
2052,5,21,23.084,22.768
2052,5,22,28.693,24.635
2052,5,23,32.269,25.496
2052,5,24,29.535,26.613
2052,5,25,27.74,25.324
2052,5,26,26.981,21.777
2052,5,27,25.953,19.793
2052,5,28,22.29,22.797
2052,5,29,22.914,25.389
2052,5,30,20.767,26.467
2052,5,31,18.867,27.527
2052,6,1,19.128,27.378
2052,6,2,20.386,28.988
2052,6,3,21.594,27.756
2052,6,4,23.732,24.904
2052,6,5,27.225,25.889
2052,6,6,25.823,28.191
2052,6,7,29.179,30.596
2052,6,8,29.403,29.971
2052,6,9,29.739,29.655
2052,6,10,26.81,32.215
2052,6,11,25.796,34.371
2052,6,12,25.329,32.617
2052,6,13,26.465,30.184
2052,6,14,26.25,31.898
2052,6,15,27.779,33.413
2052,6,16,30.763,33.061
2052,6,17,33.151,35.202
2052,6,18,35.524,34.55
2052,6,19,32.452,34.597
2052,6,20,27.232,38.036
2052,6,21,26.496,39.288
2052,6,22,28.877,39.671
2052,6,23,29.696,40.252
2052,6,24,32.159,38.823
2052,6,25,34.571,37.324
2052,6,26,36.253,36.993
2052,6,27,37.506,40.644
2052,6,28,36.645,40.462
2052,6,29,38.712,39.98
2052,6,30,39.092,38.075
2052,7,1,39.041,40.15
2052,7,2,37.121,42.619
2052,7,3,37.175,42.471
2052,7,4,34.295,42.361
2052,7,5,33.603,39.035
2052,7,6,33.849,35.659
2052,7,7,34.02,36.697
2052,7,8,37.603,36.623
2052,7,9,39.521,36.859
2052,7,10,39.878,38.294
2052,7,11,38.882,40.074
2052,7,12,37.257,40.901
2052,7,13,37.881,39.822
2052,7,14,36.031,40.83
2052,7,15,39.295,39.501
2052,7,16,39.597,38.112
2052,7,17,38.693,38.287
2052,7,18,36.615,39.001
2052,7,19,36.924,37.652
2052,7,20,38.424,36.952
2052,7,21,37.679,39.156
2052,7,22,38.754,34.996
2052,7,23,38.047,35.079
2052,7,24,35.239,37.358
2052,7,25,29.789,38.556
2052,7,26,28.503,40.639
2052,7,27,28.915,43.603
2052,7,28,29.117,43.273
2052,7,29,29.022,43.106
2052,7,30,32.427,42.92
2052,7,31,35.378,42.941
2052,8,1,35.22,40.31
2052,8,2,36.011,38.206
2052,8,3,35.634,38.396
2052,8,4,37.382,34.164
2052,8,5,39.019,31.795
2052,8,6,40.548,30.698
2052,8,7,40.593,32.366
2052,8,8,40.41,33.424
2052,8,9,42.092,32.641
2052,8,10,39.825,32.981
2052,8,11,40.58,33.859
2052,8,12,38.398,31.96
2052,8,13,35.941,31.329
2052,8,14,33.083,30.377
2052,8,15,32.675,31.043
2052,8,16,34.443,32.774
2052,8,17,32.92,31.911
2052,8,18,33.499,29.203
2052,8,19,34.13,32.775
2052,8,20,33.874,32.113
2052,8,21,33.95,37.77
2052,8,22,37.793,38.979
2052,8,23,36.795,38.589
2052,8,24,33.923,38.036
2052,8,25,34.552,39.282
2052,8,26,37.019,39.142
2052,8,27,35.164,41.027
2052,8,28,34.369,40.736
2052,8,29,37.607,39.006
2052,8,30,39.994,38.039
2052,8,31,41.317,35.796
2052,9,1,40.321,34.097
2052,9,2,40.78,33.769
2052,9,3,42.731,35.213
2052,9,4,42.332,34.437
2052,9,5,41.666,36.04
2052,9,6,37.488,32.683
2052,9,7,36.201,31.519
2052,9,8,32.454,31.79
2052,9,9,30.68,35.476
2052,9,10,31.022,36.35
2052,9,11,33.115,38.299
2052,9,12,34.356,39.387
2052,9,13,35.806,38.147
2052,9,14,35.357,36.029
2052,9,15,37.323,37.265
2052,9,16,38.761,36.321
2052,9,17,38.325,37.101
2052,9,18,38.407,35.146
2052,9,19,38.961,33.963
2052,9,20,37.154,37.946
2052,9,21,35.104,38.677
2052,9,22,35.788,40.462
2052,9,23,29.947,40.565
2052,9,24,26.369,38.286
2052,9,25,21.693,34.681
2052,9,26,23.692,29.25
2052,9,27,23.782,29.399
2052,9,28,26.131,27.977
2052,9,29,30.145,21.544
2052,9,30,33.723,23.947
2052,10,1,34.358,22.701
2052,10,2,33.774,19.218
2052,10,3,28.076,18.025
2052,10,4,25.579,20.51
2052,10,5,27.755,23.737
2052,10,6,28.794,21.517
2052,10,7,29.959,20.698
2052,10,8,30.467,20.572
2052,10,9,31.818,20.012
2052,10,10,32.062,19.798
2052,10,11,30.51,21.139
2052,10,12,32.265,25.078
2052,10,13,29.816,25.812
2052,10,14,27.931,25.763
2052,10,15,25.282,26.949
2052,10,16,25.343,30.043
2052,10,17,25.256,29.035
2052,10,18,24.133,27.898
2052,10,19,23.869,25.626
2052,10,20,27.166,27.492
2052,10,21,28.536,29.139
2052,10,22,27.606,29.712
2052,10,23,24.148,32.382
2052,10,24,22.401,32.458
2052,10,25,23.475,31.725
2052,10,26,24.38,25.264
2052,10,27,20.133,22.74
2052,10,28,19.238,20.715
2052,10,29,19.303,19.766
2052,10,30,19.273,20.045
2052,10,31,19.372,21.48
2052,11,1,19.285,23.343
2052,11,2,17.854,23.798
2052,11,3,17.818,24.086
2052,11,4,20.881,25.554
2052,11,5,20.981,26.583
2052,11,6,22.275,25.149
2052,11,7,21.274,25.202
2052,11,8,19.889,19.928
2052,11,9,19.451,19.328
2052,11,10,18.378,24.953
2052,11,11,13.323,26.216
2052,11,12,12.676,27.063
2052,11,13,13.97,24.504
2052,11,14,14.08,24.692
2052,11,15,14.41,22.588
2052,11,16,14.728,19.668
2052,11,17,17.792,20.045
2052,11,18,19.074,19.237
2052,11,19,17.799,18.797
2052,11,20,15.777,20.159
2052,11,21,15.137,18.344
2052,11,22,14.562,20.634
2052,11,23,13.689,19.302
2052,11,24,11.504,16.341
2052,11,25,11.976,15.192
2052,11,26,12.515,16.727
2052,11,27,10.585,15.18
2052,11,28,10.463,16.869
2052,11,29,9.598,21.015
2052,11,30,12.149,22.409
2052,12,1,11.277,21.36
2052,12,2,11.658,19.185
2052,12,3,15.275,16.226
2052,12,4,16.468,19.092
2052,12,5,18.319,15.664
2052,12,6,16.8,11.504
2052,12,7,15.649,12.21
2052,12,8,16.892,16.666
2052,12,9,14.216,16.394
2052,12,10,15.172,17.949
2052,12,11,19.064,16.573
2052,12,12,19.2,17.749
2052,12,13,18.612,17.366
2052,12,14,19.068,16.246
2052,12,15,18.85,17.762
2052,12,16,19.504,19.789
2052,12,17,17.838,19.255
2052,12,18,18.115,18.147
2052,12,19,15.147,19.122
2052,12,20,15.092,16.075
2052,12,21,13.99,15.763
2052,12,22,17.673,16.061
2052,12,23,18.527,15.324
2052,12,24,15.496,15.198
2052,12,25,16.326,18.558
2052,12,26,15.926,17.797
2052,12,27,14.479,15.851
2052,12,28,14.85,11.869
2052,12,29,13.052,11.044
2052,12,30,14.091,10.388
2052,12,31,14.539,8.967
2053,1,1,12.597,11.579
2053,1,2,12.448,12.983
2053,1,3,9.087,11.454
2053,1,4,11.079,11.03
2053,1,5,11.353,12.505
2053,1,6,14.859,15.453
2053,1,7,13.959,17.116
2053,1,8,14.826,15.988
2053,1,9,14.188,17.47
2053,1,10,10.751,17.139
2053,1,11,12.438,16.026
2053,1,12,11.9,15.054
2053,1,13,12.726,18.025
2053,1,14,13.757,18.149
2053,1,15,15.781,13.999
2053,1,16,13.96,15.579
2053,1,17,13.956,15.372
2053,1,18,12.691,13.248
2053,1,19,15.133,15.442
2053,1,20,13.117,15.168
2053,1,21,14.948,13.579
2053,1,22,17.033,15.309
2053,1,23,15.619,16.437
2053,1,24,15.648,17.396
2053,1,25,17.666,16.568
2053,1,26,15.947,15.269
2053,1,27,19.38,16.16
2053,1,28,18.693,15.981
2053,1,29,12.326,16.013
2053,1,30,11.679,14.637
2053,1,31,10.082,17.573
2053,2,1,9.372,16.504
2053,2,2,13.62,19.771
2053,2,3,14.207,18.897
2053,2,4,13.971,17.732
2053,2,5,13.648,14.756
2053,2,6,13.279,15.288
2053,2,7,16.747,14.913
2053,2,8,18.688,13.784
2053,2,9,19.516,16.804
2053,2,10,21.612,18.586
2053,2,11,20.748,19.096
2053,2,12,21.183,18.156
2053,2,13,13.909,16.789
2053,2,14,11.633,17.062
2053,2,15,8.125,14.741
2053,2,16,12.186,15.973
2053,2,17,12.196,17.315
2053,2,18,11.508,19.013
2053,2,19,12.02,17.157
2053,2,20,13.676,15.826
2053,2,21,13.917,19.328
2053,2,22,12.931,20.985
2053,2,23,9.469,20.51
2053,2,24,8.343,18.742
2053,2,25,10.323,15.663
2053,2,26,12.993,15.599
2053,2,27,13.609,17.002
2053,2,28,12.723,15.932
2053,3,1,15.985,17.528
2053,3,2,15.629,18.948
2053,3,3,19.489,18.168
2053,3,4,16.404,17.152
2053,3,5,13.209,16.275
2053,3,6,13.808,18.364
2053,3,7,14.19,18.797
2053,3,8,14.305,20.82
2053,3,9,17.077,24.119
2053,3,10,17.782,25.534
2053,3,11,18.218,24.838
2053,3,12,16.933,21.268
2053,3,13,20.28,14.934
2053,3,14,20.815,17.031
2053,3,15,19.759,18.563
2053,3,16,22.176,20.976
2053,3,17,22.721,25.829
2053,3,18,19.81,25.125
2053,3,19,18.323,22.749
2053,3,20,15.921,15.46
2053,3,21,15.91,17.107
2053,3,22,17.404,18.282
2053,3,23,17.548,18.866
2053,3,24,20.03,24.47
2053,3,25,24.177,24.156
2053,3,26,23.165,25.22
2053,3,27,19.298,26.375
2053,3,28,17.984,28.15
2053,3,29,21.94,28.86
2053,3,30,26.121,27.994
2053,3,31,25.071,27.92
2053,4,1,25.885,27.442
2053,4,2,26.461,25.764
2053,4,3,25.003,22.823
2053,4,4,22.094,23.358
2053,4,5,24.772,29.029
2053,4,6,22.63,31.806
2053,4,7,19.93,30.687
2053,4,8,24.042,26.477
2053,4,9,28.951,24.88
2053,4,10,31.181,21.561
2053,4,11,29.692,18.678
2053,4,12,24.32,21.84
2053,4,13,19.721,21.821
2053,4,14,19.004,21.607
2053,4,15,20.909,22.344
2053,4,16,25.087,23.592
2053,4,17,24.999,27.278
2053,4,18,19.84,27.47
2053,4,19,15.618,23.643
2053,4,20,19.7,23.487
2053,4,21,21.238,26.29
2053,4,22,24.241,30.145
2053,4,23,26.974,29.416
2053,4,24,25.849,28.297
2053,4,25,26.393,24.917
2053,4,26,17.456,24.097
2053,4,27,22.111,18.19
2053,4,28,22.802,12.087
2053,4,29,17.789,14.08
2053,4,30,16.563,18.925
2053,5,1,17.693,21.427
2053,5,2,20.892,23.829
2053,5,3,23.191,25.265
2053,5,4,20.782,24.707
2053,5,5,16.82,23.665
2053,5,6,22.801,26.175
2053,5,7,14.86,26.918
2053,5,8,15.134,29.596
2053,5,9,17.023,30.662
2053,5,10,23.451,27.709
2053,5,11,25.109,31.447
2053,5,12,25.073,29.795
2053,5,13,27.648,29.176
2053,5,14,28.126,27.958
2053,5,15,29.61,30.235
2053,5,16,28.815,29.975
2053,5,17,27.53,32.471
2053,5,18,29.799,24.371
2053,5,19,30.997,23.325
2053,5,20,29.234,25.442
2053,5,21,20.458,28.867
2053,5,22,15.689,31.008
2053,5,23,22.279,32.788
2053,5,24,26.228,32.281
2053,5,25,24.659,32.11
2053,5,26,23.682,31.277
2053,5,27,26.907,29.501
2053,5,28,28.618,28.552
2053,5,29,30.255,29.108
2053,5,30,34.381,27.853
2053,5,31,36.719,29.977
2053,6,1,39.883,37.512
2053,6,2,39.094,38.16
2053,6,3,37.431,37.113
2053,6,4,35.665,35.48
2053,6,5,31.492,33.815
2053,6,6,33.51,31.679
2053,6,7,36.696,32.051
2053,6,8,38.774,30.12
2053,6,9,38.661,32.473
2053,6,10,38.283,34.314
2053,6,11,38.381,34.555
2053,6,12,39.698,33.303
2053,6,13,36.324,31.886
2053,6,14,33.883,29.817
2053,6,15,32.245,34.873
2053,6,16,31.96,36.011
2053,6,17,31.863,32.936
2053,6,18,36.03,33.025
2053,6,19,39.324,36.169
2053,6,20,40.071,36.649
2053,6,21,35.781,39.339
2053,6,22,34.764,42.256
2053,6,23,38.194,40.07
2053,6,24,39.78,38.42
2053,6,25,37.952,36.778
2053,6,26,38.237,34.528
2053,6,27,34.959,35.701
2053,6,28,36.123,37.268
2053,6,29,36.301,34.483
2053,6,30,33.85,28.164
2053,7,1,34.999,27.82
2053,7,2,36.26,33.259
2053,7,3,35.586,36.688
2053,7,4,34.743,40.126
2053,7,5,35.329,40.774
2053,7,6,35.41,40.217
2053,7,7,32.945,41.207
2053,7,8,34.425,40.842
2053,7,9,32.763,40.962
2053,7,10,35.087,39.132
2053,7,11,37.435,38.11
2053,7,12,37.811,35.001
2053,7,13,36.247,34.832
2053,7,14,34.653,34.719
2053,7,15,35.597,39.655
2053,7,16,39.657,41.119
2053,7,17,40.634,42.697
2053,7,18,41.503,42.888
2053,7,19,40.089,42.831
2053,7,20,37.118,42.144
2053,7,21,39.541,43.145
2053,7,22,38.786,42.762
2053,7,23,38.785,40.688
2053,7,24,39.108,38.621
2053,7,25,39.331,37.265
2053,7,26,38.756,37.409
2053,7,27,39.333,38.249
2053,7,28,40.037,38.151
2053,7,29,34.445,40.928
2053,7,30,38.825,40.422
2053,7,31,39.483,38.798
2053,8,1,38.819,37.875
2053,8,2,39.568,35.115
2053,8,3,41.34,37.577
2053,8,4,41.386,38.913
2053,8,5,42.177,37.08
2053,8,6,39.253,35.848
2053,8,7,40.969,35.22
2053,8,8,38.676,36.058
2053,8,9,38.204,38.57
2053,8,10,37.026,41.212
2053,8,11,36.43,43.059
2053,8,12,36.705,43.37
2053,8,13,37.838,40.851
2053,8,14,40.551,40.81
2053,8,15,40.75,40.571
2053,8,16,40.714,38.738
2053,8,17,37.857,32.66
2053,8,18,36.35,33.525
2053,8,19,37.583,32.414
2053,8,20,38.247,33.679
2053,8,21,37.844,34.914
2053,8,22,38.005,35.182
2053,8,23,39.002,34.377
2053,8,24,41.695,34.386
2053,8,25,37.363,34.354
2053,8,26,33.821,34.949
2053,8,27,35.676,38.196
2053,8,28,34.647,39.008
2053,8,29,33.735,38.515
2053,8,30,33.342,39.036
2053,8,31,32.532,40.637
2053,9,1,29.801,42.279
2053,9,2,29.774,42.492
2053,9,3,33.17,42.397
2053,9,4,33.409,41.922
2053,9,5,33.408,39.306
2053,9,6,33.199,37.2
2053,9,7,33.82,36.126
2053,9,8,36.073,34.07
2053,9,9,40.106,34.368
2053,9,10,42.84,34.81
2053,9,11,43.543,34.304
2053,9,12,40.993,30.582
2053,9,13,35.011,30.046
2053,9,14,36.059,28.698
2053,9,15,35.355,27.854
2053,9,16,32.853,28.106
2053,9,17,29.615,30.888
2053,9,18,25.136,34.414
2053,9,19,27.656,34.206
2053,9,20,33.485,33.556
2053,9,21,36.547,31.979
2053,9,22,36.946,33.022
2053,9,23,37.898,31.577
2053,9,24,35.021,35.443
2053,9,25,33.782,36.849
2053,9,26,29.563,37.08
2053,9,27,33.412,37.75
2053,9,28,36.125,36.891
2053,9,29,37.673,36.672
2053,9,30,36.797,34.192
2053,10,1,33.963,34.08
2053,10,2,30.702,37.313
2053,10,3,27.909,39.095
2053,10,4,32.029,36.034
2053,10,5,34.68,31.585
2053,10,6,36.118,31.886
2053,10,7,36.371,31.345
2053,10,8,31.113,32.425
2053,10,9,26.676,28.206
2053,10,10,23.708,30.446
2053,10,11,22.863,33.016
2053,10,12,21.619,36.136
2053,10,13,20.201,37.784
2053,10,14,15.192,40.103
2053,10,15,14.982,39.12
2053,10,16,15.406,37.255
2053,10,17,19.23,35.304
2053,10,18,17.732,33.031
2053,10,19,18.454,31.098
2053,10,20,18.488,33.696
2053,10,21,18.67,34.945
2053,10,22,18.062,35.19
2053,10,23,17.472,31.857
2053,10,24,21.626,30.435
2053,10,25,23.036,23.817
2053,10,26,21.865,27.858
2053,10,27,20.928,29.114
2053,10,28,20.676,30.472
2053,10,29,21.551,28.387
2053,10,30,17.964,24.138
2053,10,31,18.292,23.35
2053,11,1,21.084,22.23
2053,11,2,20.945,21.577
2053,11,3,18.799,21.846
2053,11,4,18.77,19.601
2053,11,5,18.143,19.034
2053,11,6,18.254,18.259
2053,11,7,16.617,20.223
2053,11,8,18.157,19.532
2053,11,9,18.843,20.886
2053,11,10,19.537,20.175
2053,11,11,19.619,20.839
2053,11,12,18.131,22.5
2053,11,13,21.442,21.255
2053,11,14,19.763,19.484
2053,11,15,14.965,17.777
2053,11,16,13.377,16.964
2053,11,17,19.179,22.213
2053,11,18,19.602,21.974
2053,11,19,22.027,23.738
2053,11,20,18.173,22.494
2053,11,21,19.43,20.333
2053,11,22,14.29,16.69
2053,11,23,15.319,16.238
2053,11,24,14.071,14.796
2053,11,25,16.034,12.777
2053,11,26,19.258,12.782
2053,11,27,20.118,11.266
2053,11,28,21.903,13.908
2053,11,29,20.656,13.998
2053,11,30,19.725,14.418
2053,12,1,18.033,13.313
2053,12,2,19.75,12.702
2053,12,3,19.95,13.677
2053,12,4,21.441,13.899
2053,12,5,21.336,16.622
2053,12,6,18.859,17.994
2053,12,7,14.544,18.369
2053,12,8,7.608,19.137
2053,12,9,12.166,17.802
2053,12,10,14.241,16.698
2053,12,11,14.367,17.704
2053,12,12,12.567,17.546
2053,12,13,14.357,17.764
2053,12,14,14.116,18.78
2053,12,15,11.507,17.787
2053,12,16,9.358,15.534
2053,12,17,11.104,18.09
2053,12,18,10.906,16.795
2053,12,19,7.714,18.537
2053,12,20,7.969,18.637
2053,12,21,9.286,19.588
2053,12,22,11.983,19.574
2053,12,23,6.672,17.333
2053,12,24,9.399,13.074
2053,12,25,10.383,8.64
2053,12,26,11.47,12.52
2053,12,27,6.951,15.943
2053,12,28,11.502,14.895
2053,12,29,13.006,16.998
2053,12,30,11.642,18.732
2053,12,31,10.807,15.578
2054,1,1,10.685,15.552
2054,1,2,11.835,14.219
2054,1,3,15.557,14.976
2054,1,4,15.179,13.99
2054,1,5,16.124,14.135
2054,1,6,15.932,15.034
2054,1,7,16.066,13.578
2054,1,8,15.705,13.084
2054,1,9,14.629,13.243
2054,1,10,12.174,14.059
2054,1,11,8.63,14.576
2054,1,12,11.789,13.192
2054,1,13,12.496,13.918
2054,1,14,11.906,11.995
2054,1,15,11.386,13.254
2054,1,16,11.073,13.199
2054,1,17,11.363,11.81
2054,1,18,14.108,11.843
2054,1,19,14.516,13.549
2054,1,20,15.15,14.41
2054,1,21,19.205,17.669
2054,1,22,18.777,17.575
2054,1,23,19.727,17.537
2054,1,24,18.73,18.368
2054,1,25,15.621,18.783
2054,1,26,10.97,16.592
2054,1,27,13.201,18.111
2054,1,28,13.123,17.819
2054,1,29,12.878,20.499
2054,1,30,13.664,17.869
2054,1,31,15.46,18.018
2054,2,1,15.332,14.526
2054,2,2,16.713,14.593
2054,2,3,15.362,17.91
2054,2,4,16.08,19.116
2054,2,5,15.166,18.196
2054,2,6,14.601,14.803
2054,2,7,15.6,13.46
2054,2,8,16.083,14.706
2054,2,9,17.35,16.969
2054,2,10,18.423,17.574
2054,2,11,19.285,19.76
2054,2,12,19.239,17.181
2054,2,13,19.982,16.621
2054,2,14,18.562,20.651
2054,2,15,19.274,16.605
2054,2,16,20.981,18.361
2054,2,17,20.238,20.307
2054,2,18,15.695,17.218
2054,2,19,14.582,15.222
2054,2,20,12.202,14.978
2054,2,21,16.187,16.279
2054,2,22,16.508,16.895
2054,2,23,13.895,19.099
2054,2,24,14.53,17.415
2054,2,25,16.574,19.008
2054,2,26,15.395,18.781
2054,2,27,18.405,18.805
2054,2,28,20.103,20.55
2054,3,1,15.929,21.438
2054,3,2,13.013,22.016
2054,3,3,12.626,22.421
2054,3,4,12.731,18.244
2054,3,5,13.585,14.198
2054,3,6,16.297,14.779
2054,3,7,16.573,17.078
2054,3,8,16.252,14.311
2054,3,9,15.189,14.696
2054,3,10,16.786,16.84
2054,3,11,18.989,15.03
2054,3,12,20.714,16.802
2054,3,13,23.439,24.828
2054,3,14,21.986,23.793
2054,3,15,18.919,22.765
2054,3,16,19.568,17.612
2054,3,17,20.632,14.288
2054,3,18,22.565,17.841
2054,3,19,22.611,17.794
2054,3,20,19.067,19.194
2054,3,21,20.813,15.258
2054,3,22,20.226,17.632
2054,3,23,15.391,19.037
2054,3,24,12.675,16.521
2054,3,25,9.056,16.313
2054,3,26,17.493,17.517
2054,3,27,20.983,16.905
2054,3,28,20.903,17.739
2054,3,29,22.193,16.429
2054,3,30,22.8,20.629
2054,3,31,22.067,21.935
2054,4,1,22.794,22.624
2054,4,2,24.28,25.559
2054,4,3,26.396,22.69
2054,4,4,28.403,22.651
2054,4,5,29.217,22.751
2054,4,6,28.952,21.497
2054,4,7,23.924,23.46
2054,4,8,21.704,25.712
2054,4,9,21.504,24.78
2054,4,10,21.813,19.127
2054,4,11,19.615,16.513
2054,4,12,22.097,19.164
2054,4,13,21.708,20.12
2054,4,14,23.202,19.149
2054,4,15,24.62,19.75
2054,4,16,24.577,18.28
2054,4,17,19.28,16.364
2054,4,18,14.461,13.425
2054,4,19,13.307,13.866
2054,4,20,14.27,13.449
2054,4,21,22.385,7.95
2054,4,22,27.585,13.248
2054,4,23,27.557,18.862
2054,4,24,28.911,22.83
2054,4,25,27.019,23.531
2054,4,26,24.444,24.86
2054,4,27,25.746,22.209
2054,4,28,30.419,19.333
2054,4,29,30.828,18.596
2054,4,30,31.017,18.493
2054,5,1,25.558,17.085
2054,5,2,22.113,18.368
2054,5,3,20.431,20.308
2054,5,4,22.955,21.852
2054,5,5,26.071,23.727
2054,5,6,27.857,27.384
2054,5,7,27.274,30.741
2054,5,8,28.488,29.406
2054,5,9,29.072,27.352
2054,5,10,30.141,25.424
2054,5,11,29.46,27.691
2054,5,12,32.12,28.244
2054,5,13,35.499,29.787
2054,5,14,36.596,27.586
2054,5,15,35.726,26.782
2054,5,16,31.167,26.246
2054,5,17,28.89,24.866
2054,5,18,28.978,22.239
2054,5,19,26.834,22.618
2054,5,20,25.708,26.641
2054,5,21,26.321,31.011
2054,5,22,27.856,32.157
2054,5,23,28.012,31.992
2054,5,24,32.908,30.986
2054,5,25,34.472,33.136
2054,5,26,35.412,32.919
2054,5,27,33.107,36.304
2054,5,28,31.436,37.198
2054,5,29,24.792,39.05
2054,5,30,26.151,36.848
2054,5,31,31.146,36.776
2054,6,1,32.907,32.88
2054,6,2,37.485,27.593
2054,6,3,37.733,25.869
2054,6,4,36.013,25.645
2054,6,5,34.191,33.442
2054,6,6,33.527,35.893
2054,6,7,29.984,38.499
2054,6,8,34.203,38.851
2054,6,9,33.031,32.507
2054,6,10,37.05,29.973
2054,6,11,35.358,38.749
2054,6,12,28.527,41.281
2054,6,13,25.878,40.633
2054,6,14,24.771,38.68
2054,6,15,23.535,35.86
2054,6,16,25.372,36.111
2054,6,17,27.717,35.926
2054,6,18,28.423,35.355
2054,6,19,27.444,37.771
2054,6,20,31.797,42.489
2054,6,21,34.171,43.042
2054,6,22,35.608,41.554
2054,6,23,36.943,39.324
2054,6,24,31.127,35.594
2054,6,25,31.355,39.196
2054,6,26,36.541,40.964
2054,6,27,40.161,40.103
2054,6,28,39.964,37.075
2054,6,29,42.049,39.266
2054,6,30,39.429,39.462
2054,7,1,38.536,38.179
2054,7,2,36.497,35.904
2054,7,3,38.346,35.275
2054,7,4,37.571,34.315
2054,7,5,33.253,34.719
2054,7,6,36.934,33.696
2054,7,7,33.377,34.412
2054,7,8,38.228,37.266
2054,7,9,39.22,36.069
2054,7,10,38.49,37.0
2054,7,11,37.714,35.214
2054,7,12,33.452,36.944
2054,7,13,33.042,37.423
2054,7,14,35.833,39.454
2054,7,15,33.919,40.731
2054,7,16,37.991,37.78
2054,7,17,39.097,37.521
2054,7,18,41.171,38.21
2054,7,19,41.69,38.6
2054,7,20,42.556,41.079
2054,7,21,43.519,42.438
2054,7,22,43.794,42.983
2054,7,23,41.946,42.643
2054,7,24,36.355,38.669
2054,7,25,34.647,35.851
2054,7,26,35.001,37.752
2054,7,27,34.646,39.25
2054,7,28,36.427,36.683
2054,7,29,40.164,35.207
2054,7,30,41.649,33.428
2054,7,31,41.348,30.717
2054,8,1,39.201,31.373
2054,8,2,36.004,34.835
2054,8,3,33.763,35.775
2054,8,4,34.427,33.956
2054,8,5,35.924,33.453
2054,8,6,36.573,33.589
2054,8,7,40.2,33.72
2054,8,8,41.37,36.595
2054,8,9,40.715,38.093
2054,8,10,41.232,38.177
2054,8,11,41.636,38.307
2054,8,12,41.552,37.675
2054,8,13,41.305,34.428
2054,8,14,39.011,34.072
2054,8,15,35.698,34.195
2054,8,16,34.865,35.839
2054,8,17,33.621,34.625
2054,8,18,31.486,32.813
2054,8,19,30.371,32.556
2054,8,20,31.411,34.283
2054,8,21,32.806,34.462
2054,8,22,32.713,31.227
2054,8,23,34.914,31.996
2054,8,24,34.19,29.319
2054,8,25,34.371,26.823
2054,8,26,34.65,25.411
2054,8,27,35.021,28.122
2054,8,28,37.567,32.54
2054,8,29,38.052,34.443
2054,8,30,37.604,35.863
2054,8,31,39.508,36.545
2054,9,1,37.376,36.689
2054,9,2,37.158,38.792
2054,9,3,38.558,38.764
2054,9,4,36.685,34.026
2054,9,5,33.28,33.829
2054,9,6,32.403,33.218
2054,9,7,30.566,35.532
2054,9,8,29.386,37.635
2054,9,9,28.796,36.035
2054,9,10,33.118,36.74
2054,9,11,29.746,34.241
2054,9,12,34.762,36.008
2054,9,13,37.297,38.928
2054,9,14,39.967,38.511
2054,9,15,39.941,39.504
2054,9,16,39.2,38.452
2054,9,17,38.211,38.416
2054,9,18,37.843,39.067
2054,9,19,33.914,38.206
2054,9,20,32.356,37.702
2054,9,21,34.934,38.499
2054,9,22,36.433,37.984
2054,9,23,33.069,35.07
2054,9,24,31.587,36.849
2054,9,25,30.093,35.17
2054,9,26,28.306,38.369
2054,9,27,27.912,38.194
2054,9,28,28.64,38.624
2054,9,29,30.638,38.354
2054,9,30,30.588,36.334
2054,10,1,33.12,35.002
2054,10,2,30.82,31.965
2054,10,3,22.63,29.996
2054,10,4,19.689,31.368
2054,10,5,20.055,28.227
2054,10,6,20.749,29.815
2054,10,7,21.634,31.193
2054,10,8,22.125,30.621
2054,10,9,25.38,28.808
2054,10,10,27.714,26.858
2054,10,11,31.264,23.778
2054,10,12,32.68,17.336
2054,10,13,32.046,21.283
2054,10,14,33.084,16.931
2054,10,15,33.172,22.459
2054,10,16,33.005,23.555
2054,10,17,31.558,25.489
2054,10,18,26.069,26.211
2054,10,19,23.435,25.432
2054,10,20,24.914,23.0
2054,10,21,29.211,19.648
2054,10,22,29.698,22.746
2054,10,23,28.926,24.091
2054,10,24,27.029,24.173
2054,10,25,29.489,22.855
2054,10,26,31.12,25.57
2054,10,27,30.395,26.644
2054,10,28,28.155,27.643
2054,10,29,27.586,28.511
2054,10,30,26.719,28.946
2054,10,31,28.403,27.48
2054,11,1,29.151,24.981
2054,11,2,27.693,22.463
2054,11,3,24.59,21.831
2054,11,4,26.513,21.43
2054,11,5,27.99,25.062
2054,11,6,27.722,23.177
2054,11,7,17.145,18.696
2054,11,8,19.32,17.163
2054,11,9,20.205,20.403
2054,11,10,18.277,23.556
2054,11,11,24.303,23.837
2054,11,12,23.807,21.125
2054,11,13,22.268,25.229
2054,11,14,22.89,23.624
2054,11,15,20.212,18.944
2054,11,16,22.024,19.186
2054,11,17,19.336,22.153
2054,11,18,21.015,19.298
2054,11,19,21.594,18.15
2054,11,20,22.977,17.782
2054,11,21,22.319,17.608
2054,11,22,15.937,20.207
2054,11,23,15.484,20.888
2054,11,24,16.794,19.643
2054,11,25,16.674,20.208
2054,11,26,15.476,18.934
2054,11,27,18.097,22.052
2054,11,28,23.819,18.684
2054,11,29,21.605,17.86
2054,11,30,21.322,17.303
2054,12,1,16.044,17.589
2054,12,2,14.872,18.649
2054,12,3,14.628,14.315
2054,12,4,14.439,11.775
2054,12,5,14.505,14.525
2054,12,6,13.755,13.668
2054,12,7,12.232,12.647
2054,12,8,15.675,15.519
2054,12,9,12.575,15.761
2054,12,10,10.819,14.154
2054,12,11,10.808,13.356
2054,12,12,14.809,15.356
2054,12,13,15.528,15.702
2054,12,14,16.954,12.016
2054,12,15,18.94,15.811
2054,12,16,19.891,14.007
2054,12,17,15.037,14.371
2054,12,18,19.431,18.947
2054,12,19,19.88,17.131
2054,12,20,18.543,14.417
2054,12,21,22.866,14.754
2054,12,22,22.538,14.189
2054,12,23,16.77,9.216
2054,12,24,17.694,11.839
2054,12,25,16.033,15.579
2054,12,26,14.927,15.626
2054,12,27,12.865,17.424
2054,12,28,12.728,13.701
2054,12,29,15.17,16.024
2054,12,30,15.666,18.198
2054,12,31,16.461,18.972
2055,1,1,14.988,16.934
2055,1,2,14.176,12.767
2055,1,3,19.168,16.063
2055,1,4,17.977,14.595
2055,1,5,18.271,15.284
2055,1,6,12.998,12.349
2055,1,7,12.279,12.339
2055,1,8,14.079,11.545
2055,1,9,11.934,12.398
2055,1,10,15.541,10.837
2055,1,11,15.129,9.375
2055,1,12,14.432,11.441
2055,1,13,14.137,14.351
2055,1,14,13.361,15.442
2055,1,15,14.897,14.933
2055,1,16,15.222,17.404
2055,1,17,15.602,12.072
2055,1,18,13.958,10.218
2055,1,19,13.043,8.659
2055,1,20,11.023,7.732
2055,1,21,13.406,11.294
2055,1,22,15.384,12.212
2055,1,23,14.13,12.728
2055,1,24,16.401,12.108
2055,1,25,17.566,13.765
2055,1,26,13.232,12.48
2055,1,27,13.936,12.959
2055,1,28,12.218,14.743
2055,1,29,14.962,15.12
2055,1,30,15.041,15.639
2055,1,31,16.475,19.061
2055,2,1,19.104,18.471
2055,2,2,19.359,21.165
2055,2,3,18.097,20.842
2055,2,4,16.64,21.311
2055,2,5,15.667,17.108
2055,2,6,14.531,13.381
2055,2,7,16.912,13.469
2055,2,8,18.483,13.435
2055,2,9,21.179,16.933
2055,2,10,18.658,16.838
2055,2,11,18.935,17.378
2055,2,12,20.005,17.467
2055,2,13,21.436,17.891
2055,2,14,18.456,16.868
2055,2,15,15.728,16.507
2055,2,16,17.031,13.202
2055,2,17,17.17,12.51
2055,2,18,13.671,13.611
2055,2,19,13.927,14.033
2055,2,20,15.744,13.181
2055,2,21,15.97,13.284
2055,2,22,18.976,13.196
2055,2,23,18.377,10.658
2055,2,24,15.843,11.997
2055,2,25,18.664,11.257
2055,2,26,18.836,12.229
2055,2,27,18.359,13.209
2055,2,28,10.871,12.097
2055,3,1,13.076,16.766
2055,3,2,13.84,16.016
2055,3,3,13.105,14.42
2055,3,4,11.686,16.065
2055,3,5,12.107,15.319
2055,3,6,14.862,18.797
2055,3,7,15.364,19.856
2055,3,8,12.908,20.434
2055,3,9,16.463,16.221
2055,3,10,17.576,15.221
2055,3,11,17.449,21.002
2055,3,12,19.733,22.002
2055,3,13,20.506,25.322
2055,3,14,18.449,24.259
2055,3,15,18.906,23.727
2055,3,16,19.048,22.967
2055,3,17,17.481,21.775
2055,3,18,16.343,18.268
2055,3,19,19.273,15.681
2055,3,20,22.099,19.197
2055,3,21,19.917,21.511
2055,3,22,19.193,22.943
2055,3,23,19.984,24.554
2055,3,24,17.539,24.747
2055,3,25,15.113,24.675
2055,3,26,15.128,25.91
2055,3,27,19.865,23.085
2055,3,28,23.058,21.329
2055,3,29,20.465,21.854
2055,3,30,17.424,24.868
2055,3,31,16.159,28.356
2055,4,1,18.142,31.215
2055,4,2,18.864,31.362
2055,4,3,17.356,34.606
2055,4,4,18.876,33.729
2055,4,5,17.073,30.091
2055,4,6,16.041,18.723
2055,4,7,18.548,14.829
2055,4,8,23.734,17.069
2055,4,9,30.101,21.257
2055,4,10,26.711,24.229
2055,4,11,27.491,29.133
2055,4,12,32.159,28.901
2055,4,13,28.078,26.61
2055,4,14,21.969,22.991
2055,4,15,18.696,27.194
2055,4,16,22.03,26.328
2055,4,17,23.376,22.342
2055,4,18,18.777,25.319
2055,4,19,16.889,32.093
2055,4,20,15.336,34.51
2055,4,21,16.043,28.188
2055,4,22,17.951,19.953
2055,4,23,18.786,20.528
2055,4,24,21.501,17.303
2055,4,25,21.364,17.233
2055,4,26,20.15,19.15
2055,4,27,15.696,18.857
2055,4,28,10.592,22.005
2055,4,29,11.191,26.116
2055,4,30,11.555,26.115
2055,5,1,17.605,25.714
2055,5,2,21.612,20.143
2055,5,3,19.631,20.635
2055,5,4,16.617,19.987
2055,5,5,22.352,21.221
2055,5,6,25.49,21.868
2055,5,7,30.063,23.649
2055,5,8,34.194,29.47
2055,5,9,32.283,32.991
2055,5,10,28.788,36.08
2055,5,11,27.28,35.765
2055,5,12,26.472,36.624
2055,5,13,25.874,37.206
2055,5,14,26.903,35.736
2055,5,15,29.443,36.511
2055,5,16,28.244,36.194
2055,5,17,29.649,34.964
2055,5,18,28.407,27.949
2055,5,19,25.502,30.546
2055,5,20,23.628,31.314
2055,5,21,21.649,30.833
2055,5,22,25.516,32.071
2055,5,23,26.74,34.339
2055,5,24,23.156,35.506
2055,5,25,20.531,33.894
2055,5,26,20.39,34.717
2055,5,27,23.277,34.806
2055,5,28,24.724,32.474
2055,5,29,24.366,25.776
2055,5,30,27.634,18.283
2055,5,31,30.449,19.876
2055,6,1,30.535,24.144
2055,6,2,28.582,27.798
2055,6,3,24.459,26.714
2055,6,4,21.331,27.676
2055,6,5,18.821,28.765
2055,6,6,25.22,33.672
2055,6,7,25.614,34.001
2055,6,8,29.382,33.257
2055,6,9,32.095,31.211
2055,6,10,34.7,25.529
2055,6,11,35.778,17.545
2055,6,12,34.037,20.609
2055,6,13,29.842,23.585
2055,6,14,22.693,27.89
2055,6,15,22.938,30.596
2055,6,16,23.505,33.061
2055,6,17,27.01,34.374
2055,6,18,30.868,36.87
2055,6,19,35.765,38.484
2055,6,20,33.637,38.684
2055,6,21,34.503,37.619
2055,6,22,34.722,34.37
2055,6,23,29.875,33.694
2055,6,24,27.214,33.555
2055,6,25,28.448,34.046
2055,6,26,28.159,34.203
2055,6,27,31.754,37.209
2055,6,28,31.47,35.055
2055,6,29,33.102,34.78
2055,6,30,34.793,37.254
2055,7,1,34.932,37.665
2055,7,2,34.407,39.898
2055,7,3,32.306,41.054
2055,7,4,33.868,40.713
2055,7,5,35.26,43.013
2055,7,6,34.939,42.665
2055,7,7,36.045,41.286
2055,7,8,35.878,40.441
2055,7,9,35.987,42.466
2055,7,10,37.94,43.939
2055,7,11,38.844,43.871
2055,7,12,36.561,45.342
2055,7,13,34.081,44.067
2055,7,14,33.8,40.124
2055,7,15,36.906,38.542
2055,7,16,41.887,39.838
2055,7,17,42.276,42.173
2055,7,18,42.05,42.933
2055,7,19,36.282,43.284
2055,7,20,31.968,42.301
2055,7,21,31.078,39.687
2055,7,22,35.331,40.659
2055,7,23,35.794,36.7
2055,7,24,34.331,37.427
2055,7,25,35.838,38.51
2055,7,26,36.206,40.313
2055,7,27,32.393,37.906
2055,7,28,37.758,37.897
2055,7,29,38.399,37.345
2055,7,30,40.915,37.116
2055,7,31,40.643,38.058
2055,8,1,42.523,40.695
2055,8,2,41.508,40.541
2055,8,3,40.979,41.227
2055,8,4,40.046,37.073
2055,8,5,41.6,35.286
2055,8,6,40.953,38.007
2055,8,7,39.918,36.926
2055,8,8,40.005,37.183
2055,8,9,39.692,37.561
2055,8,10,35.711,40.219
2055,8,11,34.981,41.035
2055,8,12,39.155,41.302
2055,8,13,39.496,41.768
2055,8,14,38.492,40.984
2055,8,15,37.231,38.637
2055,8,16,41.009,36.074
2055,8,17,41.887,35.849
2055,8,18,40.666,37.328
2055,8,19,38.289,39.501
2055,8,20,36.313,38.922
2055,8,21,38.124,38.465
2055,8,22,38.019,34.955
2055,8,23,39.092,29.15
2055,8,24,41.904,23.29
2055,8,25,39.96,26.402
2055,8,26,32.663,29.611
2055,8,27,26.948,30.286
2055,8,28,26.632,28.231
2055,8,29,30.709,27.298
2055,8,30,34.688,31.098
2055,8,31,38.435,33.465
2055,9,1,40.407,32.349
2055,9,2,37.181,28.398
2055,9,3,41.677,28.279
2055,9,4,39.671,30.327
2055,9,5,38.383,38.278
2055,9,6,34.683,38.043
2055,9,7,32.346,40.842
2055,9,8,29.877,36.585
2055,9,9,34.861,31.661
2055,9,10,36.11,33.058
2055,9,11,35.038,35.556
2055,9,12,34.667,37.488
2055,9,13,31.791,37.937
2055,9,14,34.291,37.863
2055,9,15,33.004,37.558
2055,9,16,30.999,37.725
2055,9,17,28.81,37.262
2055,9,18,30.122,34.213
2055,9,19,30.606,36.045
2055,9,20,30.344,36.256
2055,9,21,35.422,37.44
2055,9,22,32.903,38.111
2055,9,23,29.495,37.598
2055,9,24,31.453,37.356
2055,9,25,26.82,37.94
2055,9,26,22.488,38.743
2055,9,27,22.884,38.116
2055,9,28,26.489,38.308
2055,9,29,22.772,36.929
2055,9,30,21.338,37.739
2055,10,1,19.347,38.413
2055,10,2,22.822,37.46
2055,10,3,23.081,35.182
2055,10,4,24.233,32.729
2055,10,5,23.207,37.539
2055,10,6,26.416,36.847
2055,10,7,28.162,37.039
2055,10,8,30.036,36.17
2055,10,9,31.207,31.555
2055,10,10,31.102,27.543
2055,10,11,32.873,23.757
2055,10,12,33.158,28.652
2055,10,13,33.52,28.013
2055,10,14,31.977,25.561
2055,10,15,32.154,23.041
2055,10,16,31.747,24.242
2055,10,17,29.232,27.206
2055,10,18,26.842,32.034
2055,10,19,21.886,32.884
2055,10,20,20.225,32.544
2055,10,21,19.76,33.591
2055,10,22,20.157,31.818
2055,10,23,21.002,26.135
2055,10,24,23.582,19.028
2055,10,25,23.073,23.797
2055,10,26,23.931,25.014
2055,10,27,24.165,28.719
2055,10,28,21.403,31.827
2055,10,29,21.315,32.707
2055,10,30,21.886,31.901
2055,10,31,19.259,28.804
2055,11,1,23.159,22.718
2055,11,2,24.541,26.227
2055,11,3,26.833,29.682
2055,11,4,26.521,28.398
2055,11,5,27.05,28.31
2055,11,6,26.788,26.346
2055,11,7,27.357,28.242
2055,11,8,26.737,26.621
2055,11,9,24.95,25.245
2055,11,10,23.537,24.486
2055,11,11,25.561,23.312
2055,11,12,24.831,28.176
2055,11,13,21.597,28.62
2055,11,14,20.218,26.748
2055,11,15,16.771,23.339
2055,11,16,16.656,18.728
2055,11,17,19.077,15.714
2055,11,18,19.712,19.537
2055,11,19,20.008,19.154
2055,11,20,19.377,18.646
2055,11,21,14.541,12.518
2055,11,22,12.12,12.224
2055,11,23,13.293,15.332
2055,11,24,17.829,14.938
2055,11,25,17.183,13.376
2055,11,26,17.784,15.998
2055,11,27,17.42,19.102
2055,11,28,19.503,21.841
2055,11,29,20.349,21.294
2055,11,30,19.978,15.937
2055,12,1,16.763,15.377
2055,12,2,14.451,15.05
2055,12,3,16.418,15.604
2055,12,4,14.902,13.626
2055,12,5,18.115,15.479
2055,12,6,15.497,15.97
2055,12,7,14.282,13.373
2055,12,8,14.041,16.755
2055,12,9,11.722,16.832
2055,12,10,12.544,17.929
2055,12,11,11.619,18.2
2055,12,12,8.181,16.033
2055,12,13,12.586,13.341
2055,12,14,11.817,13.151
2055,12,15,15.229,13.776
2055,12,16,15.76,12.213
2055,12,17,17.992,11.793
2055,12,18,19.304,13.548
2055,12,19,19.504,16.027
2055,12,20,18.251,19.171
2055,12,21,16.606,19.385
2055,12,22,18.375,19.226
2055,12,23,18.691,21.08
2055,12,24,17.239,18.063
2055,12,25,17.196,17.471
2055,12,26,20.142,17.74
2055,12,27,22.436,15.096
2055,12,28,25.679,15.115
2055,12,29,19.137,13.791
2055,12,30,19.575,12.974
2055,12,31,17.998,13.673
2056,1,1,11.045,10.003
2056,1,2,11.04,13.297
2056,1,3,14.274,17.575
2056,1,4,15.512,14.455
2056,1,5,16.396,13.054
2056,1,6,18.891,15.244
2056,1,7,19.13,13.045
2056,1,8,17.907,11.512
2056,1,9,17.833,12.837
2056,1,10,16.296,12.078
2056,1,11,16.356,12.504
2056,1,12,16.371,17.083
2056,1,13,17.585,21.58
2056,1,14,18.101,21.183
2056,1,15,18.517,19.538
2056,1,16,19.999,19.721
2056,1,17,17.99,16.713
2056,1,18,18.717,14.515
2056,1,19,16.602,13.06
2056,1,20,13.707,10.664
2056,1,21,17.178,13.648
2056,1,22,20.113,15.429
2056,1,23,20.263,12.655
2056,1,24,19.152,15.403
2056,1,25,18.653,17.855
2056,1,26,17.558,18.131
2056,1,27,13.372,14.553
2056,1,28,12.371,16.196
2056,1,29,17.372,20.017
2056,1,30,18.453,20.417
2056,1,31,17.293,20.975
2056,2,1,19.994,20.171
2056,2,2,19.459,19.345
2056,2,3,18.596,21.049
2056,2,4,16.636,20.418
2056,2,5,11.694,18.675
2056,2,6,13.578,17.04
2056,2,7,12.172,19.768
2056,2,8,16.507,18.536
2056,2,9,15.88,18.708
2056,2,10,16.968,17.878
2056,2,11,17.337,18.505
2056,2,12,15.561,19.466
2056,2,13,14.718,21.053
2056,2,14,12.698,19.805
2056,2,15,11.4,21.171
2056,2,16,11.911,21.143
2056,2,17,16.307,19.933
2056,2,18,14.338,20.491
2056,2,19,16.255,21.411
2056,2,20,16.8,22.03
2056,2,21,15.723,21.311
2056,2,22,18.418,21.179
2056,2,23,17.673,21.215
2056,2,24,14.973,19.624
2056,2,25,15.948,19.173
2056,2,26,17.103,21.026
2056,2,27,17.673,21.963
2056,2,28,15.544,24.872
2056,2,29,21.837,25.316
2056,3,1,21.248,22.379
2056,3,2,20.668,17.599
2056,3,3,22.812,19.823
2056,3,4,22.353,23.003
2056,3,5,23.669,21.016
2056,3,6,22.402,20.708
2056,3,7,21.155,21.942
2056,3,8,19.714,21.604
2056,3,9,18.06,20.95
2056,3,10,18.11,22.108
2056,3,11,17.086,18.867
2056,3,12,22.909,22.762
2056,3,13,20.869,22.434
2056,3,14,21.826,21.549
2056,3,15,23.907,18.013
2056,3,16,22.895,16.252
2056,3,17,21.071,16.231
2056,3,18,17.567,18.795
2056,3,19,22.896,17.391
2056,3,20,24.361,19.106
2056,3,21,23.751,21.131
2056,3,22,21.404,23.609
2056,3,23,18.752,23.317
2056,3,24,17.028,24.153
2056,3,25,20.164,23.305
2056,3,26,20.412,23.894
2056,3,27,21.082,22.898
2056,3,28,19.618,20.663
2056,3,29,18.872,21.252
2056,3,30,20.662,25.023
2056,3,31,23.78,27.395
2056,4,1,24.564,30.582
2056,4,2,23.401,31.804
2056,4,3,20.794,31.925
2056,4,4,16.256,33.964
2056,4,5,21.519,32.035
2056,4,6,19.158,28.401
2056,4,7,15.102,27.373
2056,4,8,16.085,25.269
2056,4,9,20.059,25.072
2056,4,10,20.481,23.407
2056,4,11,25.173,23.823
2056,4,12,20.728,26.753
2056,4,13,17.43,24.397
2056,4,14,20.69,26.52
2056,4,15,21.177,26.431
2056,4,16,20.724,28.389
2056,4,17,20.833,30.931
2056,4,18,18.881,32.088
2056,4,19,16.8,31.058
2056,4,20,12.211,31.191
2056,4,21,13.911,29.755
2056,4,22,19.676,30.345
2056,4,23,24.721,28.437
2056,4,24,24.567,25.662
2056,4,25,26.926,23.113
2056,4,26,26.471,18.612
2056,4,27,28.685,22.524
2056,4,28,31.948,22.73
2056,4,29,30.314,24.607
2056,4,30,27.066,24.444
2056,5,1,27.086,24.985
2056,5,2,26.057,20.074
2056,5,3,28.325,17.743
2056,5,4,28.201,14.297
2056,5,5,24.527,17.619
2056,5,6,27.045,23.235
2056,5,7,28.376,26.514
2056,5,8,27.501,28.782
2056,5,9,32.984,31.005
2056,5,10,26.1,30.535
2056,5,11,26.346,29.834
2056,5,12,25.304,30.81
2056,5,13,22.412,27.152
2056,5,14,20.058,19.384
2056,5,15,16.475,25.795
2056,5,16,19.779,27.153
2056,5,17,23.547,25.957
2056,5,18,21.958,27.673
2056,5,19,21.136,30.033
2056,5,20,21.6,32.029
2056,5,21,24.28,30.556
2056,5,22,23.889,31.304
2056,5,23,23.938,24.386
2056,5,24,23.217,29.038
2056,5,25,22.951,32.766
2056,5,26,22.778,36.518
2056,5,27,22.031,37.542
2056,5,28,21.007,38.654
2056,5,29,22.458,38.262
2056,5,30,21.559,37.624
2056,5,31,20.118,37.133
2056,6,1,22.162,38.41
2056,6,2,25.557,34.661
2056,6,3,27.081,33.665
2056,6,4,25.518,33.964
2056,6,5,21.783,32.983
2056,6,6,24.18,29.538
2056,6,7,18.995,30.356
2056,6,8,19.571,30.521
2056,6,9,19.481,30.742
2056,6,10,20.499,29.296
2056,6,11,27.342,31.318
2056,6,12,33.941,29.132
2056,6,13,34.241,32.297
2056,6,14,31.578,35.174
2056,6,15,27.863,34.55
2056,6,16,29.338,32.078
2056,6,17,29.277,32.104
2056,6,18,33.51,36.067
2056,6,19,35.651,38.735
2056,6,20,30.968,39.294
2056,6,21,29.734,39.18
2056,6,22,31.084,39.891
2056,6,23,30.716,37.256
2056,6,24,31.23,36.584
2056,6,25,30.889,35.679
2056,6,26,33.762,34.371
2056,6,27,32.249,34.964
2056,6,28,26.049,37.014
2056,6,29,29.609,38.509
2056,6,30,34.148,38.21
2056,7,1,34.969,37.1
2056,7,2,34.591,33.747
2056,7,3,36.033,35.286
2056,7,4,38.116,36.083
2056,7,5,40.123,36.719
2056,7,6,37.317,37.149
2056,7,7,35.154,37.705
2056,7,8,35.403,39.702
2056,7,9,35.52,40.572
2056,7,10,36.029,41.975
2056,7,11,34.077,41.916
2056,7,12,32.323,41.724
2056,7,13,31.737,41.144
2056,7,14,32.579,40.186
2056,7,15,33.584,38.179
2056,7,16,35.155,38.774
2056,7,17,37.245,40.466
2056,7,18,39.368,36.958
2056,7,19,41.2,37.184
2056,7,20,42.386,37.596
2056,7,21,46.131,37.203
2056,7,22,44.53,41.365
2056,7,23,44.304,43.128
2056,7,24,43.419,42.13
2056,7,25,43.891,39.885
2056,7,26,44.811,36.143
2056,7,27,48.386,34.738
2056,7,28,47.23,32.819
2056,7,29,44.111,34.808
2056,7,30,43.802,34.545
2056,7,31,42.006,37.361
2056,8,1,41.675,39.938
2056,8,2,39.8,40.284
2056,8,3,40.995,40.483
2056,8,4,39.159,38.58
2056,8,5,39.421,38.887
2056,8,6,38.791,38.898
2056,8,7,39.071,38.439
2056,8,8,39.704,42.336
2056,8,9,38.69,44.208
2056,8,10,39.663,41.927
2056,8,11,40.276,43.525
2056,8,12,36.104,42.948
2056,8,13,34.794,42.531
2056,8,14,33.144,42.225
2056,8,15,32.312,42.209
2056,8,16,32.231,43.355
2056,8,17,33.258,41.914
2056,8,18,35.381,40.607
2056,8,19,35.873,38.927
2056,8,20,35.479,40.509
2056,8,21,35.862,39.246
2056,8,22,35.594,37.963
2056,8,23,32.989,35.282
2056,8,24,31.043,33.261
2056,8,25,28.576,31.202
2056,8,26,28.428,33.46
2056,8,27,30.954,32.95
2056,8,28,34.514,33.931
2056,8,29,34.931,34.243
2056,8,30,35.208,34.337
2056,8,31,34.008,35.016
2056,9,1,34.814,35.668
2056,9,2,35.283,37.914
2056,9,3,35.574,30.898
2056,9,4,35.198,30.71
2056,9,5,36.223,31.64
2056,9,6,34.351,25.545
2056,9,7,37.403,27.125
2056,9,8,37.885,32.442
2056,9,9,36.664,31.725
2056,9,10,25.282,31.862
2056,9,11,25.33,37.308
2056,9,12,28.192,40.102
2056,9,13,33.09,38.558
2056,9,14,34.449,35.327
2056,9,15,37.128,33.396
2056,9,16,41.16,29.656
2056,9,17,40.914,27.984
2056,9,18,40.51,34.061
2056,9,19,40.812,34.04
2056,9,20,41.326,36.752
2056,9,21,38.9,34.649
2056,9,22,38.345,33.246
2056,9,23,38.22,30.344
2056,9,24,39.439,29.848
2056,9,25,39.177,28.866
2056,9,26,38.546,27.891
2056,9,27,35.914,26.468
2056,9,28,35.0,25.682
2056,9,29,30.254,24.666
2056,9,30,25.716,23.895
2056,10,1,23.834,30.501
2056,10,2,22.767,35.386
2056,10,3,21.614,37.569
2056,10,4,18.675,37.987
2056,10,5,19.529,38.349
2056,10,6,19.669,38.394
2056,10,7,23.8,38.007
2056,10,8,24.772,38.093
2056,10,9,23.44,37.071
2056,10,10,20.449,35.468
2056,10,11,21.012,33.71
2056,10,12,22.016,33.157
2056,10,13,22.492,31.254
2056,10,14,22.607,28.688
2056,10,15,25.038,27.062
2056,10,16,23.17,24.647
2056,10,17,24.173,22.249
2056,10,18,26.553,23.301
2056,10,19,22.436,25.178
2056,10,20,22.795,28.249
2056,10,21,23.199,26.194
2056,10,22,24.721,27.256
2056,10,23,20.641,20.603
2056,10,24,22.563,18.738
2056,10,25,18.709,21.893
2056,10,26,17.119,20.043
2056,10,27,16.389,22.049
2056,10,28,17.227,23.444
2056,10,29,19.726,24.542
2056,10,30,19.061,23.585
2056,10,31,18.271,23.974
2056,11,1,23.299,25.991
2056,11,2,20.546,28.752
2056,11,3,20.443,30.454
2056,11,4,18.616,29.485
2056,11,5,15.635,27.663
2056,11,6,14.876,27.875
2056,11,7,14.845,28.15
2056,11,8,15.252,25.971
2056,11,9,14.416,24.547
2056,11,10,16.585,25.288
2056,11,11,17.764,25.888
2056,11,12,20.739,25.628
2056,11,13,21.482,21.181
2056,11,14,18.901,19.602
2056,11,15,21.958,16.276
2056,11,16,25.008,14.301
2056,11,17,22.864,11.871
2056,11,18,23.064,14.533
2056,11,19,21.062,18.405
2056,11,20,20.981,18.458
2056,11,21,19.115,18.611
2056,11,22,21.302,17.105
2056,11,23,19.346,18.289
2056,11,24,18.044,17.314
2056,11,25,12.92,15.476
2056,11,26,14.906,15.212
2056,11,27,13.205,15.936
2056,11,28,15.849,15.066
2056,11,29,15.095,12.549
2056,11,30,13.501,14.014
2056,12,1,14.918,17.251
2056,12,2,15.216,20.113
2056,12,3,16.187,18.88
2056,12,4,15.434,17.827
2056,12,5,19.082,13.648
2056,12,6,17.735,8.812
2056,12,7,18.635,10.032
2056,12,8,15.031,11.258
2056,12,9,19.21,12.477
2056,12,10,19.778,11.989
2056,12,11,16.306,13.006
2056,12,12,16.598,17.181
2056,12,13,18.15,19.272
2056,12,14,15.103,16.478
2056,12,15,13.572,16.742
2056,12,16,13.131,14.538
2056,12,17,12.626,13.474
2056,12,18,12.345,15.005
2056,12,19,13.557,15.855
2056,12,20,12.501,20.67
2056,12,21,11.597,22.915
2056,12,22,9.465,19.328
2056,12,23,7.556,13.928
2056,12,24,8.519,12.778
2056,12,25,9.704,12.174
2056,12,26,10.639,14.607
2056,12,27,11.24,14.259
2056,12,28,11.55,12.274
2056,12,29,11.665,11.549
2056,12,30,13.236,11.489
2056,12,31,14.246,10.438
2057,1,1,14.29,13.808
2057,1,2,15.576,14.016
2057,1,3,17.747,14.486
2057,1,4,17.377,15.347
2057,1,5,17.545,12.693
2057,1,6,14.509,16.124
2057,1,7,15.194,17.039
2057,1,8,13.885,16.7
2057,1,9,13.873,17.803
2057,1,10,11.907,19.652
2057,1,11,9.933,18.761
2057,1,12,9.779,17.723
2057,1,13,11.08,18.621
2057,1,14,7.939,16.943
2057,1,15,8.081,15.395
2057,1,16,9.971,15.264
2057,1,17,13.948,13.05
2057,1,18,14.951,14.067
2057,1,19,12.592,13.581
2057,1,20,8.456,14.813
2057,1,21,7.185,15.494
2057,1,22,14.083,14.359
2057,1,23,15.383,12.774
2057,1,24,13.219,12.115
2057,1,25,15.437,13.982
2057,1,26,11.767,14.433
2057,1,27,13.977,15.369
2057,1,28,14.351,15.381
2057,1,29,16.227,14.939
2057,1,30,15.364,18.51
2057,1,31,12.473,19.185
2057,2,1,12.465,17.826
2057,2,2,14.12,16.51
2057,2,3,15.602,15.951
2057,2,4,15.55,16.42
2057,2,5,15.258,16.636
2057,2,6,15.261,13.987
2057,2,7,14.946,15.825
2057,2,8,12.731,16.801
2057,2,9,14.862,16.732
2057,2,10,14.371,15.684
2057,2,11,13.318,16.433
2057,2,12,17.4,17.928
2057,2,13,17.507,18.245
2057,2,14,17.591,17.855
2057,2,15,17.98,16.731
2057,2,16,15.826,13.691
2057,2,17,17.384,13.539
2057,2,18,17.187,13.479
2057,2,19,20.108,12.449
2057,2,20,22.931,13.419
2057,2,21,23.584,14.343
2057,2,22,24.334,18.7
2057,2,23,20.507,19.867
2057,2,24,18.033,16.131
2057,2,25,13.87,18.891
2057,2,26,19.095,14.401
2057,2,27,18.905,14.252
2057,2,28,19.043,16.859
2057,3,1,20.288,17.827
2057,3,2,20.685,19.412
2057,3,3,22.644,25.054
2057,3,4,22.377,23.399
2057,3,5,20.097,19.127
2057,3,6,15.254,17.304
2057,3,7,15.622,15.73
2057,3,8,13.781,17.534
2057,3,9,14.557,15.16
2057,3,10,14.879,20.726
2057,3,11,13.561,19.52
2057,3,12,14.48,16.181
2057,3,13,13.108,16.297
2057,3,14,15.022,17.907
2057,3,15,18.269,17.022
2057,3,16,22.717,17.889
2057,3,17,22.995,17.766
2057,3,18,21.517,18.626
2057,3,19,17.944,19.808
2057,3,20,12.77,20.881
2057,3,21,10.516,20.297
2057,3,22,13.999,21.821
2057,3,23,18.073,21.877
2057,3,24,17.967,22.703
2057,3,25,20.536,22.049
2057,3,26,24.544,22.706
2057,3,27,24.748,19.416
2057,3,28,29.501,19.23
2057,3,29,29.051,19.963
2057,3,30,28.418,18.638
2057,3,31,26.148,20.662
2057,4,1,24.376,19.483
2057,4,2,26.682,17.889
2057,4,3,25.111,18.28
2057,4,4,23.615,21.466
2057,4,5,21.117,22.082
2057,4,6,18.222,23.862
2057,4,7,18.147,19.409
2057,4,8,17.747,16.584
2057,4,9,17.966,13.804
2057,4,10,25.9,19.765
2057,4,11,24.511,24.453
2057,4,12,19.003,22.969
2057,4,13,13.416,22.085
2057,4,14,10.995,18.208
2057,4,15,13.398,12.855
2057,4,16,14.899,17.536
2057,4,17,20.089,20.616
2057,4,18,19.678,22.515
2057,4,19,18.621,23.185
2057,4,20,18.719,16.455
2057,4,21,17.443,15.242
2057,4,22,16.373,14.746
2057,4,23,16.976,16.058
2057,4,24,15.126,21.893
2057,4,25,14.299,24.934
2057,4,26,14.369,26.222
2057,4,27,16.223,27.812
2057,4,28,15.519,29.579
2057,4,29,10.206,26.67
2057,4,30,11.385,21.441
2057,5,1,13.323,16.137
2057,5,2,18.272,11.819
2057,5,3,24.619,18.746
2057,5,4,29.746,26.823
2057,5,5,28.434,27.521
2057,5,6,30.206,25.691
2057,5,7,29.214,23.954
2057,5,8,24.66,24.105
2057,5,9,21.398,28.625
2057,5,10,23.253,29.484
2057,5,11,23.594,33.839
2057,5,12,31.406,33.346
2057,5,13,33.267,32.38
2057,5,14,33.723,30.235
2057,5,15,28.276,29.976
2057,5,16,23.695,30.686
2057,5,17,23.664,29.437
2057,5,18,24.177,26.3
2057,5,19,24.906,31.571
2057,5,20,25.502,34.24
2057,5,21,24.345,34.309
2057,5,22,24.938,36.57
2057,5,23,24.575,37.409
2057,5,24,22.266,37.443
2057,5,25,22.362,38.038
2057,5,26,26.396,38.004
2057,5,27,33.027,35.912
2057,5,28,34.814,31.891
2057,5,29,34.08,28.734
2057,5,30,37.387,28.59
2057,5,31,37.887,32.469
2057,6,1,38.579,35.863
2057,6,2,35.988,35.412
2057,6,3,34.739,35.181
2057,6,4,30.509,34.412
2057,6,5,25.207,32.047
2057,6,6,18.887,35.288
2057,6,7,24.254,38.556
2057,6,8,19.49,39.4
2057,6,9,24.708,40.451
2057,6,10,22.889,43.422
2057,6,11,22.808,41.402
2057,6,12,25.343,39.91
2057,6,13,30.454,37.585
2057,6,14,35.439,35.366
2057,6,15,35.308,34.385
2057,6,16,31.455,33.715
2057,6,17,30.893,33.58
2057,6,18,32.432,39.155
2057,6,19,32.962,41.857
2057,6,20,33.563,41.338
2057,6,21,35.199,41.457
2057,6,22,37.198,41.136
2057,6,23,38.46,39.146
2057,6,24,40.348,38.519
2057,6,25,40.569,40.083
2057,6,26,41.804,41.95
2057,6,27,39.369,42.353
2057,6,28,34.681,41.668
2057,6,29,35.43,41.988
2057,6,30,33.638,37.481
2057,7,1,34.327,34.524
2057,7,2,33.291,33.296
2057,7,3,31.926,31.289
2057,7,4,31.218,32.737
2057,7,5,32.66,35.231
2057,7,6,35.214,39.207
2057,7,7,37.076,42.048
2057,7,8,36.721,40.335
2057,7,9,35.763,39.757
2057,7,10,34.283,40.517
2057,7,11,31.658,41.3
2057,7,12,32.452,40.549
2057,7,13,33.312,38.799
2057,7,14,35.065,33.898
2057,7,15,35.745,35.371
2057,7,16,34.793,37.292
2057,7,17,31.444,38.951
2057,7,18,31.15,38.332
2057,7,19,32.427,38.684
2057,7,20,34.845,40.158
2057,7,21,38.367,40.542
2057,7,22,40.067,40.159
2057,7,23,39.901,38.984
2057,7,24,38.133,33.225
2057,7,25,39.035,32.5
2057,7,26,39.403,33.673
2057,7,27,41.775,37.725
2057,7,28,39.161,38.36
2057,7,29,40.073,39.906
2057,7,30,39.247,40.638
2057,7,31,37.78,40.716
2057,8,1,37.109,44.613
2057,8,2,37.586,44.01
2057,8,3,39.354,44.164
2057,8,4,38.725,43.364
2057,8,5,42.048,41.89
2057,8,6,42.519,40.385
2057,8,7,42.438,40.49
2057,8,8,43.479,39.323
2057,8,9,42.952,41.413
2057,8,10,39.907,42.047
2057,8,11,35.008,43.508
2057,8,12,35.728,41.228
2057,8,13,34.155,41.934
2057,8,14,32.176,41.856
2057,8,15,32.038,41.486
2057,8,16,33.889,36.629
2057,8,17,35.677,34.094
2057,8,18,36.839,36.471
2057,8,19,34.782,36.136
2057,8,20,34.926,38.096
2057,8,21,32.851,38.716
2057,8,22,30.648,38.678
2057,8,23,31.143,38.806
2057,8,24,30.92,39.041
2057,8,25,32.373,39.472
2057,8,26,35.963,38.633
2057,8,27,35.023,40.281
2057,8,28,36.359,41.269
2057,8,29,31.353,41.337
2057,8,30,34.093,41.074
2057,8,31,34.617,42.47
2057,9,1,35.545,42.016
2057,9,2,35.416,41.832
2057,9,3,32.855,43.217
2057,9,4,32.241,43.892
2057,9,5,26.504,43.321
2057,9,6,30.708,40.545
2057,9,7,34.851,38.868
2057,9,8,33.268,40.12
2057,9,9,32.829,40.467
2057,9,10,31.796,39.555
2057,9,11,31.524,38.596
2057,9,12,30.729,39.922
2057,9,13,29.308,38.32
2057,9,14,28.339,33.373
2057,9,15,30.501,28.434
2057,9,16,30.671,25.688
2057,9,17,32.487,25.879
2057,9,18,32.97,28.753
2057,9,19,34.606,30.181
2057,9,20,34.279,31.947
2057,9,21,32.537,35.365
2057,9,22,36.193,33.884
2057,9,23,34.206,31.794
2057,9,24,36.189,30.524
2057,9,25,36.583,29.683
2057,9,26,35.788,33.081
2057,9,27,32.668,33.099
2057,9,28,27.936,34.695
2057,9,29,28.75,34.812
2057,9,30,29.471,37.045
2057,10,1,32.686,36.341
2057,10,2,36.242,36.515
2057,10,3,37.458,35.907
2057,10,4,36.123,36.195
2057,10,5,34.535,33.933
2057,10,6,31.175,33.579
2057,10,7,29.659,33.246
2057,10,8,26.579,34.21
2057,10,9,27.445,32.918
2057,10,10,22.506,28.601
2057,10,11,27.53,27.852
2057,10,12,28.78,32.802
2057,10,13,29.954,35.182
2057,10,14,31.363,34.59
2057,10,15,30.44,32.009
2057,10,16,25.774,31.334
2057,10,17,26.247,31.054
2057,10,18,22.052,29.095
2057,10,19,24.071,23.674
2057,10,20,26.67,21.221
2057,10,21,29.233,20.484
2057,10,22,31.187,21.09
2057,10,23,31.65,25.897
2057,10,24,31.574,28.319
2057,10,25,27.785,29.006
2057,10,26,26.678,25.445
2057,10,27,26.524,24.158
2057,10,28,27.751,24.205
2057,10,29,27.975,26.045
2057,10,30,28.092,24.218
2057,10,31,27.768,22.67
2057,11,1,25.32,22.607
2057,11,2,24.29,20.509
2057,11,3,22.96,19.277
2057,11,4,25.341,20.206
2057,11,5,25.092,22.134
2057,11,6,25.898,21.978
2057,11,7,25.429,21.308
2057,11,8,20.043,18.598
2057,11,9,19.116,19.98
2057,11,10,21.993,20.214
2057,11,11,20.873,21.788
2057,11,12,19.465,22.975
2057,11,13,19.622,23.304
2057,11,14,18.929,21.311
2057,11,15,17.456,23.031
2057,11,16,17.977,23.33
2057,11,17,16.89,23.065
2057,11,18,13.301,19.973
2057,11,19,12.373,16.722
2057,11,20,13.04,18.39
2057,11,21,13.265,20.045
2057,11,22,13.347,18.579
2057,11,23,14.704,19.812
2057,11,24,17.211,16.082
2057,11,25,17.403,16.585
2057,11,26,18.685,16.343
2057,11,27,18.03,16.735
2057,11,28,18.538,16.796
2057,11,29,17.199,15.668
2057,11,30,14.707,14.581
2057,12,1,13.943,11.456
2057,12,2,15.457,14.092
2057,12,3,15.573,13.498
2057,12,4,15.674,14.987
2057,12,5,19.245,14.048
2057,12,6,19.497,15.695
2057,12,7,20.522,14.138
2057,12,8,17.744,14.595
2057,12,9,18.571,11.57
2057,12,10,14.803,9.888
2057,12,11,14.621,6.714
2057,12,12,12.933,7.911
2057,12,13,15.955,10.772
2057,12,14,16.211,13.34
2057,12,15,13.485,13.459
2057,12,16,13.457,12.837
2057,12,17,16.205,10.237
2057,12,18,19.011,11.852
2057,12,19,16.863,14.152
2057,12,20,15.207,18.638
2057,12,21,18.335,18.069
2057,12,22,14.666,17.794
2057,12,23,10.627,15.5
2057,12,24,9.122,18.842
2057,12,25,11.56,18.432
2057,12,26,12.457,18.656
2057,12,27,9.612,15.791
2057,12,28,13.168,14.383
2057,12,29,17.276,14.506
2057,12,30,14.318,16.433
2057,12,31,12.271,16.888
2058,1,1,10.343,15.206
2058,1,2,10.69,13.778
2058,1,3,11.103,11.537
2058,1,4,12.818,11.537
2058,1,5,11.743,10.975
2058,1,6,12.279,11.487
2058,1,7,13.524,12.539
2058,1,8,15.928,11.817
2058,1,9,14.415,11.316
2058,1,10,15.628,15.775
2058,1,11,16.428,18.719
2058,1,12,17.8,19.832
2058,1,13,20.142,19.834
2058,1,14,19.793,15.122
2058,1,15,17.479,15.428
2058,1,16,14.411,13.499
2058,1,17,15.066,14.241
2058,1,18,12.171,10.122
2058,1,19,12.525,11.847
2058,1,20,13.293,10.823
2058,1,21,12.861,11.65
2058,1,22,12.584,13.481
2058,1,23,14.312,14.846
2058,1,24,13.206,15.918
2058,1,25,14.143,16.069
2058,1,26,12.977,15.156
2058,1,27,13.983,15.275
2058,1,28,13.777,14.918
2058,1,29,13.188,16.414
2058,1,30,12.546,13.922
2058,1,31,8.729,16.391
2058,2,1,10.693,20.747
2058,2,2,12.754,18.707
2058,2,3,12.276,18.203
2058,2,4,14.641,18.87
2058,2,5,11.997,15.318
2058,2,6,12.645,15.663
2058,2,7,12.724,14.845
2058,2,8,11.543,14.681
2058,2,9,13.148,18.202
2058,2,10,16.231,17.066
2058,2,11,17.088,20.993
2058,2,12,17.918,19.404
2058,2,13,17.191,19.578
2058,2,14,16.302,20.599
2058,2,15,16.925,19.485
2058,2,16,20.81,20.819
2058,2,17,19.686,20.61
2058,2,18,22.703,21.984
2058,2,19,23.012,25.154
2058,2,20,20.397,24.631
2058,2,21,14.816,22.289
2058,2,22,17.031,21.311
2058,2,23,19.415,22.984
2058,2,24,20.333,21.639
2058,2,25,22.394,20.481
2058,2,26,21.473,23.446
2058,2,27,21.465,24.912
2058,2,28,17.184,22.167
2058,3,1,15.04,18.288
2058,3,2,15.39,18.004
2058,3,3,15.595,21.446
2058,3,4,15.964,22.308
2058,3,5,16.768,21.46
2058,3,6,18.857,20.316
2058,3,7,20.651,20.876
2058,3,8,19.629,21.35
2058,3,9,16.441,21.194
2058,3,10,13.297,16.699
2058,3,11,11.682,17.391
2058,3,12,16.468,18.909
2058,3,13,16.737,21.478
2058,3,14,23.446,20.867
2058,3,15,22.677,16.496
2058,3,16,13.204,21.197
2058,3,17,12.078,23.965
2058,3,18,14.25,22.747
2058,3,19,15.5,23.353
2058,3,20,9.158,24.093
2058,3,21,12.112,21.913
2058,3,22,16.548,15.277
2058,3,23,19.281,10.057
2058,3,24,21.991,17.166
2058,3,25,23.882,18.359
2058,3,26,24.877,18.99
2058,3,27,25.355,21.08
2058,3,28,25.974,23.957
2058,3,29,28.495,26.424
2058,3,30,27.795,25.33
2058,3,31,27.499,21.557
2058,4,1,23.204,22.647
2058,4,2,14.884,24.959
2058,4,3,15.892,21.871
2058,4,4,13.692,24.805
2058,4,5,17.981,20.09
2058,4,6,24.262,19.577
2058,4,7,28.309,22.23
2058,4,8,28.985,19.423
2058,4,9,27.099,16.862
2058,4,10,25.834,15.963
2058,4,11,24.418,20.779
2058,4,12,23.009,22.212
2058,4,13,18.578,22.902
2058,4,14,14.951,22.608
2058,4,15,16.716,23.792
2058,4,16,21.114,18.702
2058,4,17,20.365,14.97
2058,4,18,18.445,12.663
2058,4,19,12.627,17.319
2058,4,20,10.557,21.676
2058,4,21,13.882,26.113
2058,4,22,14.41,30.072
2058,4,23,23.563,31.32
2058,4,24,26.154,30.715
2058,4,25,26.899,25.912
2058,4,26,28.246,22.582
2058,4,27,21.425,26.129
2058,4,28,20.922,29.007
2058,4,29,21.34,29.538
2058,4,30,21.141,28.852
2058,5,1,24.411,29.652
2058,5,2,27.198,26.277
2058,5,3,28.66,26.38
2058,5,4,29.41,25.018
2058,5,5,24.961,19.438
2058,5,6,17.434,23.928
2058,5,7,18.018,26.23
2058,5,8,18.78,25.798
2058,5,9,15.751,27.365
2058,5,10,16.381,32.232
2058,5,11,17.227,33.206
2058,5,12,17.099,32.997
2058,5,13,18.564,36.179
2058,5,14,23.357,35.407
2058,5,15,19.789,36.898
2058,5,16,11.441,36.679
2058,5,17,13.325,29.582
2058,5,18,20.126,29.584
2058,5,19,22.776,27.069
2058,5,20,25.623,28.392
2058,5,21,27.114,30.744
2058,5,22,27.216,31.472
2058,5,23,25.806,31.448
2058,5,24,24.414,33.106
2058,5,25,26.683,34.063
2058,5,26,28.603,36.906
2058,5,27,31.199,36.183
2058,5,28,32.586,36.222
2058,5,29,31.975,37.728
2058,5,30,31.176,34.939
2058,5,31,31.737,33.472
2058,6,1,29.487,38.292
2058,6,2,26.357,39.138
2058,6,3,27.044,37.313
2058,6,4,27.916,36.452
2058,6,5,24.742,35.767
2058,6,6,25.669,32.405
2058,6,7,29.052,35.541
2058,6,8,32.699,41.055
2058,6,9,32.663,41.613
2058,6,10,28.924,42.663
2058,6,11,27.178,42.149
2058,6,12,26.197,41.509
2058,6,13,27.309,42.482
2058,6,14,31.662,38.158
2058,6,15,36.504,35.768
2058,6,16,39.246,36.314
2058,6,17,40.941,34.495
2058,6,18,41.062,36.428
2058,6,19,42.387,35.621
2058,6,20,38.871,35.614
2058,6,21,36.055,34.851
2058,6,22,37.271,35.592
2058,6,23,38.111,37.21
2058,6,24,37.814,37.935
2058,6,25,38.349,37.717
2058,6,26,39.322,37.81
2058,6,27,39.798,36.668
2058,6,28,36.86,36.302
2058,6,29,34.582,38.162
2058,6,30,34.428,41.149
2058,7,1,35.661,41.923
2058,7,2,35.689,40.081
2058,7,3,39.199,38.812
2058,7,4,40.47,34.453
2058,7,5,41.597,36.331
2058,7,6,41.571,35.035
2058,7,7,41.61,37.303
2058,7,8,40.396,37.22
2058,7,9,36.503,37.616
2058,7,10,36.014,39.462
2058,7,11,34.803,38.08
2058,7,12,33.329,39.365
2058,7,13,34.669,41.339
2058,7,14,35.191,41.686
2058,7,15,34.825,42.375
2058,7,16,33.583,41.002
2058,7,17,35.091,39.899
2058,7,18,38.981,39.45
2058,7,19,37.803,39.477
2058,7,20,36.084,38.486
2058,7,21,31.315,39.007
2058,7,22,33.668,38.434
2058,7,23,34.045,40.42
2058,7,24,34.775,40.294
2058,7,25,38.816,41.974
2058,7,26,40.368,39.605
2058,7,27,42.665,38.6
2058,7,28,38.331,37.425
2058,7,29,40.229,37.409
2058,7,30,39.946,36.43
2058,7,31,41.073,36.941
2058,8,1,42.038,38.547
2058,8,2,40.566,40.323
2058,8,3,41.747,42.956
2058,8,4,43.18,41.859
2058,8,5,45.13,39.239
2058,8,6,45.224,39.358
2058,8,7,42.857,39.861
2058,8,8,42.836,38.457
2058,8,9,42.643,41.012
2058,8,10,39.76,40.697
2058,8,11,37.78,36.373
2058,8,12,34.13,34.275
2058,8,13,33.089,29.612
2058,8,14,35.129,32.02
2058,8,15,37.571,37.413
2058,8,16,39.029,37.398
2058,8,17,39.672,38.436
2058,8,18,37.825,38.367
2058,8,19,36.634,38.519
2058,8,20,36.032,41.512
2058,8,21,34.257,41.277
2058,8,22,32.832,39.968
2058,8,23,32.258,41.793
2058,8,24,32.508,41.273
2058,8,25,32.311,39.665
2058,8,26,35.039,36.408
2058,8,27,38.563,27.7
2058,8,28,39.378,31.075
2058,8,29,41.218,34.73
2058,8,30,40.875,35.505
2058,8,31,40.198,35.476
2058,9,1,37.229,34.126
2058,9,2,39.467,35.139
2058,9,3,35.353,36.149
2058,9,4,33.184,33.971
2058,9,5,36.919,29.17
2058,9,6,37.199,32.652
2058,9,7,38.244,33.221
2058,9,8,38.16,36.447
2058,9,9,37.827,36.857
2058,9,10,38.561,37.137
2058,9,11,37.613,33.076
2058,9,12,34.009,35.245
2058,9,13,31.67,38.135
2058,9,14,30.895,39.207
2058,9,15,29.174,38.859
2058,9,16,31.827,35.023
2058,9,17,34.189,38.247
2058,9,18,34.278,35.979
2058,9,19,34.679,34.167
2058,9,20,34.502,34.608
2058,9,21,33.942,34.936
2058,9,22,30.102,35.462
2058,9,23,28.385,37.088
2058,9,24,30.974,34.669
2058,9,25,33.906,30.438
2058,9,26,37.907,27.892
2058,9,27,38.84,23.339
2058,9,28,39.072,22.672
2058,9,29,39.769,23.705
2058,9,30,39.445,27.069
2058,10,1,38.545,30.226
2058,10,2,36.262,30.223
2058,10,3,32.44,32.673
2058,10,4,26.197,33.525
2058,10,5,24.397,29.787
2058,10,6,27.11,26.543
2058,10,7,27.93,27.641
2058,10,8,30.36,28.394
2058,10,9,29.162,31.466
2058,10,10,27.194,34.703
2058,10,11,29.84,31.818
2058,10,12,32.856,30.23
2058,10,13,31.298,28.983
2058,10,14,31.261,26.154
2058,10,15,26.209,23.447
2058,10,16,24.816,20.706
2058,10,17,23.694,26.199
2058,10,18,25.114,25.292
2058,10,19,26.94,20.99
2058,10,20,31.299,23.562
2058,10,21,34.328,27.069
2058,10,22,32.22,24.859
2058,10,23,29.14,26.955
2058,10,24,28.589,25.65
2058,10,25,30.035,23.145
2058,10,26,31.534,22.503
2058,10,27,31.859,20.005
2058,10,28,29.322,17.826
2058,10,29,26.644,21.381
2058,10,30,22.255,25.033
2058,10,31,21.977,21.794
2058,11,1,20.973,22.875
2058,11,2,25.127,23.544
2058,11,3,25.768,24.592
2058,11,4,25.921,22.479
2058,11,5,27.938,20.15
2058,11,6,27.49,21.007
2058,11,7,23.353,21.582
2058,11,8,22.446,21.957
2058,11,9,21.653,22.268
2058,11,10,20.095,24.957
2058,11,11,22.123,23.432
2058,11,12,19.213,26.931
2058,11,13,18.011,24.866
2058,11,14,17.468,23.409
2058,11,15,16.305,23.693
2058,11,16,15.021,20.212
2058,11,17,17.767,17.623
2058,11,18,17.015,16.457
2058,11,19,20.143,16.478
2058,11,20,14.048,16.969
2058,11,21,14.649,13.764
2058,11,22,18.19,16.591
2058,11,23,16.691,18.31
2058,11,24,14.616,16.258
2058,11,25,12.03,15.249
2058,11,26,11.982,15.291
2058,11,27,11.377,16.97
2058,11,28,11.702,15.871
2058,11,29,14.252,17.327
2058,11,30,17.634,16.356
2058,12,1,16.405,15.388
2058,12,2,19.631,16.579
2058,12,3,19.893,14.774
2058,12,4,17.042,13.498
2058,12,5,15.369,16.775
2058,12,6,14.573,16.193
2058,12,7,16.398,16.373
2058,12,8,15.343,16.697
2058,12,9,15.53,15.377
2058,12,10,20.106,11.114
2058,12,11,19.583,13.918
2058,12,12,13.946,9.306
2058,12,13,18.55,8.578
2058,12,14,18.382,11.807
2058,12,15,16.555,13.744
2058,12,16,15.978,13.288
2058,12,17,12.063,17.39
2058,12,18,13.902,17.53
2058,12,19,10.94,17.951
2058,12,20,11.547,17.397
2058,12,21,7.823,18.489
2058,12,22,6.77,19.639
2058,12,23,11.247,17.778
2058,12,24,12.807,18.364
2058,12,25,13.981,15.302
2058,12,26,16.692,16.309
2058,12,27,20.602,18.291
2058,12,28,22.369,17.549
2058,12,29,18.689,13.512
2058,12,30,18.692,12.084
2058,12,31,19.769,11.605
2059,1,1,14.209,15.17
2059,1,2,10.048,15.899
2059,1,3,11.906,15.676
2059,1,4,12.888,18.135
2059,1,5,12.81,16.766
2059,1,6,13.229,17.601
2059,1,7,11.749,16.652
2059,1,8,13.862,17.244
2059,1,9,15.364,13.041
2059,1,10,15.737,11.592
2059,1,11,13.611,10.764
2059,1,12,12.859,12.77
2059,1,13,13.778,10.932
2059,1,14,14.434,12.427
2059,1,15,15.661,13.812
2059,1,16,11.912,14.159
2059,1,17,11.473,13.867
2059,1,18,10.245,14.914
2059,1,19,13.494,14.892
2059,1,20,12.975,10.834
2059,1,21,11.529,10.863
2059,1,22,13.331,14.056
2059,1,23,14.034,12.074
2059,1,24,14.185,10.603
2059,1,25,14.286,11.887
2059,1,26,11.128,11.088
2059,1,27,12.682,13.861
2059,1,28,14.656,14.197
2059,1,29,17.812,11.961
2059,1,30,19.117,10.36
2059,1,31,18.376,11.782
2059,2,1,17.835,12.418
2059,2,2,16.681,12.61
2059,2,3,15.957,10.886
2059,2,4,18.009,11.194
2059,2,5,17.527,9.671
2059,2,6,18.137,7.657
2059,2,7,16.279,10.834
2059,2,8,15.102,13.686
2059,2,9,16.011,16.822
2059,2,10,13.877,18.581
2059,2,11,14.415,18.212
2059,2,12,14.896,17.411
2059,2,13,16.09,16.979
2059,2,14,13.987,16.878
2059,2,15,13.302,16.732
2059,2,16,16.899,16.863
2059,2,17,17.386,14.527
2059,2,18,18.756,11.828
2059,2,19,16.56,13.146
2059,2,20,19.76,14.053
2059,2,21,18.067,15.263
2059,2,22,15.188,15.94
2059,2,23,11.365,16.596
2059,2,24,10.078,14.245
2059,2,25,11.223,15.801
2059,2,26,17.216,13.147
2059,2,27,15.907,10.043
2059,2,28,16.3,14.651
2059,3,1,17.387,15.045
2059,3,2,18.731,15.71
2059,3,3,18.095,15.075
2059,3,4,17.248,15.956
2059,3,5,15.596,15.702
2059,3,6,14.211,17.473
2059,3,7,9.895,18.055
2059,3,8,9.352,15.918
2059,3,9,10.932,14.594
2059,3,10,14.808,12.678
2059,3,11,17.376,10.005
2059,3,12,18.449,11.285
2059,3,13,18.985,13.425
2059,3,14,18.409,13.963
2059,3,15,17.811,16.398
2059,3,16,16.557,21.871
2059,3,17,16.046,25.115
2059,3,18,19.09,25.096
2059,3,19,21.137,20.96
2059,3,20,21.055,16.35
2059,3,21,22.7,20.805
2059,3,22,18.796,20.059
2059,3,23,16.744,17.838
2059,3,24,18.215,17.353
2059,3,25,23.569,19.487
2059,3,26,23.069,21.155
2059,3,27,25.602,20.58
2059,3,28,24.831,22.235
2059,3,29,22.155,25.926
2059,3,30,17.065,26.441
2059,3,31,17.752,20.47
2059,4,1,20.37,14.399
2059,4,2,22.156,14.336
2059,4,3,23.928,18.078
2059,4,4,24.926,21.622
2059,4,5,26.994,24.571
2059,4,6,30.15,25.504
2059,4,7,30.173,28.444
2059,4,8,26.379,29.872
2059,4,9,23.944,27.197
2059,4,10,21.169,27.431
2059,4,11,18.627,26.006
2059,4,12,20.487,24.293
2059,4,13,23.807,24.728
2059,4,14,24.845,24.445
2059,4,15,20.915,26.227
2059,4,16,20.631,29.75
2059,4,17,22.55,33.187
2059,4,18,23.465,33.056
2059,4,19,18.341,33.232
2059,4,20,16.685,30.964
2059,4,21,16.889,23.094
2059,4,22,17.275,19.277
2059,4,23,13.971,20.875
2059,4,24,15.111,26.849
2059,4,25,20.735,30.309
2059,4,26,19.226,27.888
2059,4,27,19.846,28.732
2059,4,28,19.133,25.923
2059,4,29,20.816,22.959
2059,4,30,25.277,22.111
2059,5,1,29.045,22.163
2059,5,2,31.788,27.015
2059,5,3,34.143,31.515
2059,5,4,36.959,34.654
2059,5,5,36.734,35.815
2059,5,6,33.051,35.321
2059,5,7,28.102,31.66
2059,5,8,24.946,26.838
2059,5,9,23.334,27.278
2059,5,10,25.8,32.081
2059,5,11,28.713,34.312
2059,5,12,28.957,35.267
2059,5,13,28.493,31.308
2059,5,14,26.2,30.339
2059,5,15,24.758,29.999
2059,5,16,21.097,29.054
2059,5,17,22.971,29.219
2059,5,18,24.991,27.832
2059,5,19,24.314,28.416
2059,5,20,28.715,30.81
2059,5,21,32.854,30.791
2059,5,22,31.027,32.863
2059,5,23,31.315,30.258
2059,5,24,31.15,27.59
2059,5,25,31.241,27.185
2059,5,26,31.53,29.182
2059,5,27,33.055,31.383
2059,5,28,33.937,33.042
2059,5,29,33.141,32.901
2059,5,30,32.938,33.236
2059,5,31,32.006,34.07
2059,6,1,32.795,36.047
2059,6,2,28.776,38.835
2059,6,3,28.512,38.248
2059,6,4,32.413,39.264
2059,6,5,35.252,39.455
2059,6,6,34.632,37.494
2059,6,7,34.028,33.635
2059,6,8,29.835,37.08
2059,6,9,25.721,34.091
2059,6,10,24.634,30.362
2059,6,11,28.634,27.667
2059,6,12,33.088,29.885
2059,6,13,37.31,31.027
2059,6,14,40.344,29.82
2059,6,15,39.855,29.446
2059,6,16,42.24,26.003
2059,6,17,39.008,26.287
2059,6,18,37.745,29.883
2059,6,19,33.565,29.859
2059,6,20,31.08,29.641
2059,6,21,31.087,33.178
2059,6,22,34.708,32.172
2059,6,23,34.262,33.333
2059,6,24,31.987,33.677
2059,6,25,30.972,32.722
2059,6,26,32.337,33.53
2059,6,27,33.142,36.244
2059,6,28,32.394,38.559
2059,6,29,32.116,38.755
2059,6,30,33.138,39.103
2059,7,1,37.296,40.116
2059,7,2,38.2,41.355
2059,7,3,38.03,38.157
2059,7,4,37.651,38.987
2059,7,5,39.755,35.384
2059,7,6,40.151,35.286
2059,7,7,41.903,37.094
2059,7,8,44.582,40.623
2059,7,9,44.768,40.421
2059,7,10,40.21,40.049
2059,7,11,38.349,33.762
2059,7,12,36.299,31.895
2059,7,13,32.843,33.181
2059,7,14,33.442,34.146
2059,7,15,33.106,34.071
2059,7,16,32.359,34.22
2059,7,17,31.969,33.082
2059,7,18,34.042,35.744
2059,7,19,34.439,37.597
2059,7,20,37.723,36.969
2059,7,21,40.426,36.342
2059,7,22,40.463,38.787
2059,7,23,39.761,39.936
2059,7,24,38.475,43.395
2059,7,25,38.528,42.517
2059,7,26,41.492,39.293
2059,7,27,43.96,40.955
2059,7,28,41.991,43.55
2059,7,29,42.153,42.767
2059,7,30,37.282,43.169
2059,7,31,39.176,44.468
2059,8,1,38.971,44.67
2059,8,2,39.838,42.558
2059,8,3,40.002,42.982
2059,8,4,39.359,41.901
2059,8,5,37.256,38.665
2059,8,6,33.72,36.998
2059,8,7,33.63,32.721
2059,8,8,32.592,32.164
2059,8,9,33.51,30.118
2059,8,10,35.279,32.637
2059,8,11,33.412,36.008
2059,8,12,33.622,35.963
2059,8,13,35.384,35.138
2059,8,14,38.415,34.687
2059,8,15,41.048,32.017
2059,8,16,41.65,32.732
2059,8,17,40.131,36.103
2059,8,18,39.203,40.679
2059,8,19,37.387,41.766
2059,8,20,35.527,43.441
2059,8,21,36.004,41.278
2059,8,22,36.036,39.723
2059,8,23,32.834,39.501
2059,8,24,27.869,39.8
2059,8,25,29.773,37.971
2059,8,26,31.208,39.171
2059,8,27,31.489,36.858
2059,8,28,32.344,36.662
2059,8,29,34.906,36.978
2059,8,30,37.027,39.647
2059,8,31,39.739,40.101
2059,9,1,40.433,39.805
2059,9,2,39.19,37.182
2059,9,3,33.744,35.158
2059,9,4,33.768,30.882
2059,9,5,35.055,30.31
2059,9,6,33.496,34.698
2059,9,7,34.199,36.358
2059,9,8,35.141,38.27
2059,9,9,36.962,37.271
2059,9,10,37.733,38.271
2059,9,11,37.586,38.529
2059,9,12,36.549,37.694
2059,9,13,35.869,40.316
2059,9,14,35.018,40.515
2059,9,15,30.814,38.318
2059,9,16,27.124,37.522
2059,9,17,24.542,36.599
2059,9,18,24.1,34.787
2059,9,19,25.234,31.344
2059,9,20,27.794,33.443
2059,9,21,33.492,32.646
2059,9,22,36.871,34.246
2059,9,23,36.274,32.303
2059,9,24,36.57,27.736
2059,9,25,29.303,24.316
2059,9,26,28.728,22.889
2059,9,27,27.04,23.006
2059,9,28,26.019,28.305
2059,9,29,29.758,30.345
2059,9,30,27.971,31.804
2059,10,1,30.743,32.67
2059,10,2,33.195,32.907
2059,10,3,36.206,30.861
2059,10,4,36.546,29.198
2059,10,5,36.777,30.273
2059,10,6,34.885,27.254
2059,10,7,30.715,21.882
2059,10,8,26.929,15.751
2059,10,9,26.384,15.61
2059,10,10,26.591,16.483
2059,10,11,21.693,15.783
2059,10,12,23.665,22.475
2059,10,13,26.707,22.105
2059,10,14,30.148,24.721
2059,10,15,30.163,22.951
2059,10,16,29.631,23.647
2059,10,17,28.081,22.072
2059,10,18,27.917,23.806
2059,10,19,28.412,23.492
2059,10,20,26.242,21.41
2059,10,21,26.758,22.668
2059,10,22,25.445,23.638
2059,10,23,25.423,26.688
2059,10,24,26.927,27.904
2059,10,25,26.084,26.366
2059,10,26,25.983,25.673
2059,10,27,26.084,22.995
2059,10,28,22.694,24.113
2059,10,29,17.42,23.743
2059,10,30,18.682,19.346
2059,10,31,16.63,16.016
2059,11,1,18.569,20.622
2059,11,2,20.477,22.882
2059,11,3,17.641,22.441
2059,11,4,18.046,25.706
2059,11,5,14.589,23.241
2059,11,6,13.771,25.114
2059,11,7,13.521,25.36
2059,11,8,14.031,25.756
2059,11,9,21.983,26.982
2059,11,10,15.017,25.998
2059,11,11,17.486,25.96
2059,11,12,19.09,25.065
2059,11,13,18.739,25.373
2059,11,14,18.137,25.257
2059,11,15,16.949,26.067
2059,11,16,19.574,25.686
2059,11,17,19.169,24.563
2059,11,18,17.17,24.087
2059,11,19,14.46,25.699
2059,11,20,13.1,23.682
2059,11,21,15.049,24.848
2059,11,22,14.471,15.978
2059,11,23,13.077,15.844
2059,11,24,15.329,17.812
2059,11,25,14.765,15.071
2059,11,26,14.268,12.24
2059,11,27,11.948,15.887
2059,11,28,10.745,18.394
2059,11,29,12.117,18.453
2059,11,30,12.188,16.696
2059,12,1,15.401,15.776
2059,12,2,14.616,10.911
2059,12,3,18.517,14.027
2059,12,4,17.683,13.076
2059,12,5,15.571,12.306
2059,12,6,15.527,15.48
2059,12,7,9.741,15.942
2059,12,8,12.654,18.426
2059,12,9,13.567,16.282
2059,12,10,13.851,15.43
2059,12,11,13.402,14.044
2059,12,12,15.621,11.744
2059,12,13,14.876,11.541
2059,12,14,13.994,11.993
2059,12,15,16.009,13.255
2059,12,16,19.198,13.176
2059,12,17,19.864,15.965
2059,12,18,18.838,16.468
2059,12,19,20.731,14.349
2059,12,20,20.347,15.447
2059,12,21,18.594,16.264
2059,12,22,18.313,15.227
2059,12,23,16.942,13.111
2059,12,24,13.239,14.785
2059,12,25,15.682,15.403
2059,12,26,17.901,13.302
2059,12,27,19.084,16.244
2059,12,28,18.013,15.684
2059,12,29,11.814,14.354
2059,12,30,13.176,15.821
2059,12,31,16.222,14.03
2060,1,1,12.329,14.614
2060,1,2,12.85,16.647
2060,1,3,14.129,16.062
2060,1,4,12.841,14.191
2060,1,5,11.704,13.968
2060,1,6,12.482,14.681
2060,1,7,15.218,13.385
2060,1,8,14.494,11.042
2060,1,9,15.097,13.359
2060,1,10,16.168,15.927
2060,1,11,15.326,16.089
2060,1,12,16.797,15.92
2060,1,13,14.547,15.875
2060,1,14,15.245,16.83
2060,1,15,15.264,15.712
2060,1,16,15.036,14.894
2060,1,17,13.315,14.913
2060,1,18,10.986,14.164
2060,1,19,10.169,13.569
2060,1,20,11.499,13.416
2060,1,21,12.429,13.105
2060,1,22,11.862,13.944
2060,1,23,9.689,17.614
2060,1,24,11.824,18.782
2060,1,25,6.889,19.628
2060,1,26,8.929,19.48
2060,1,27,12.134,20.093
2060,1,28,12.204,22.125
2060,1,29,12.775,18.077
2060,1,30,14.453,20.467
2060,1,31,14.987,18.72
2060,2,1,14.25,20.889
2060,2,2,13.598,19.712
2060,2,3,15.798,18.44
2060,2,4,15.665,17.867
2060,2,5,16.419,17.488
2060,2,6,14.341,19.713
2060,2,7,13.327,21.964
2060,2,8,14.375,19.174
2060,2,9,15.564,21.323
2060,2,10,15.447,21.291
2060,2,11,14.865,23.786
2060,2,12,15.901,22.715
2060,2,13,14.955,21.54
2060,2,14,15.319,20.439
2060,2,15,18.05,19.389
2060,2,16,20.685,18.554
2060,2,17,20.664,18.402
2060,2,18,17.143,16.728
2060,2,19,19.102,12.681
2060,2,20,21.207,15.78
2060,2,21,21.719,12.892
2060,2,22,22.467,12.816
2060,2,23,21.264,15.968
2060,2,24,12.812,18.202
2060,2,25,16.015,18.325
2060,2,26,16.55,18.264
2060,2,27,17.963,19.254
2060,2,28,20.737,20.952
2060,2,29,18.845,21.916
2060,3,1,21.236,21.453
2060,3,2,19.344,18.93
2060,3,3,20.212,16.983
2060,3,4,16.096,19.023
2060,3,5,10.307,22.126
2060,3,6,14.506,22.14
2060,3,7,17.638,23.681
2060,3,8,20.49,24.125
2060,3,9,24.164,22.249
2060,3,10,23.642,21.397
2060,3,11,21.467,15.459
2060,3,12,20.828,16.185
2060,3,13,20.908,18.063
2060,3,14,22.583,18.017
2060,3,15,22.912,19.219
2060,3,16,21.96,22.126
2060,3,17,22.694,22.684
2060,3,18,24.255,23.33
2060,3,19,21.161,21.534
2060,3,20,19.466,22.529
2060,3,21,15.643,25.531
2060,3,22,16.18,23.291
2060,3,23,18.024,22.118
2060,3,24,19.844,22.254
2060,3,25,22.473,26.472
2060,3,26,24.885,29.536
2060,3,27,24.24,23.377
2060,3,28,21.92,16.181
2060,3,29,17.836,14.81
2060,3,30,12.578,12.88
2060,3,31,12.174,15.457
2060,4,1,14.309,16.91
2060,4,2,18.562,15.574
2060,4,3,21.376,15.153
2060,4,4,22.538,19.295
2060,4,5,25.083,21.449
2060,4,6,22.755,23.759
2060,4,7,21.77,21.788
2060,4,8,20.602,23.976
2060,4,9,21.2,21.198
2060,4,10,27.796,17.695
2060,4,11,23.017,13.46
2060,4,12,23.428,18.797
2060,4,13,25.91,23.066
2060,4,14,23.859,27.517
2060,4,15,20.536,30.602
2060,4,16,21.39,28.198
2060,4,17,25.053,27.159
2060,4,18,27.948,29.721
2060,4,19,30.002,30.661
2060,4,20,30.455,30.821
2060,4,21,30.45,30.684
2060,4,22,27.209,26.288
2060,4,23,20.755,26.291
2060,4,24,21.46,24.657
2060,4,25,24.237,25.756
2060,4,26,24.681,22.672
2060,4,27,24.252,17.423
2060,4,28,20.282,8.9
2060,4,29,16.629,10.612
2060,4,30,17.393,16.945
2060,5,1,18.808,23.336
2060,5,2,23.006,26.361
2060,5,3,21.212,29.085
2060,5,4,20.595,24.714
2060,5,5,25.195,20.952
2060,5,6,29.695,22.237
2060,5,7,30.433,27.242
2060,5,8,30.767,29.668
2060,5,9,29.802,31.055
2060,5,10,24.437,32.296
2060,5,11,24.021,27.57
2060,5,12,28.266,26.337
2060,5,13,30.199,31.081
2060,5,14,31.144,33.389
2060,5,15,28.939,33.666
2060,5,16,29.201,32.965
2060,5,17,26.522,28.256
2060,5,18,22.288,28.621
2060,5,19,19.398,31.767
2060,5,20,18.994,33.004
2060,5,21,23.623,32.765
2060,5,22,24.039,34.772
2060,5,23,22.11,34.666
2060,5,24,19.844,31.619
2060,5,25,25.085,27.534
2060,5,26,26.47,32.304
2060,5,27,25.039,32.491
2060,5,28,29.046,31.137
2060,5,29,28.164,31.429
2060,5,30,31.81,31.421
2060,5,31,35.598,33.15
2060,6,1,35.504,36.448
2060,6,2,35.472,36.276
2060,6,3,34.321,36.356
2060,6,4,33.081,32.614
2060,6,5,35.837,28.671
2060,6,6,37.549,25.478
2060,6,7,36.428,33.603
2060,6,8,36.038,38.18
2060,6,9,32.001,38.191
2060,6,10,26.66,37.935
2060,6,11,22.978,35.057
2060,6,12,26.916,33.573
2060,6,13,33.116,32.344
2060,6,14,30.746,30.61
2060,6,15,28.727,28.455
2060,6,16,27.685,26.227
2060,6,17,31.983,23.498
2060,6,18,32.351,27.294
2060,6,19,32.184,31.737
2060,6,20,34.39,32.936
2060,6,21,36.547,33.284
2060,6,22,39.416,34.813
2060,6,23,39.259,35.964
2060,6,24,39.109,37.522
2060,6,25,35.861,39.245
2060,6,26,37.565,35.014
2060,6,27,36.976,33.595
2060,6,28,34.99,38.146
2060,6,29,37.587,38.144
2060,6,30,39.636,40.544
2060,7,1,39.82,41.003
2060,7,2,39.016,40.136
2060,7,3,39.836,39.894
2060,7,4,39.668,38.438
2060,7,5,40.152,39.098
2060,7,6,39.015,41.714
2060,7,7,39.318,40.578
2060,7,8,37.973,40.075
2060,7,9,38.526,39.748
2060,7,10,38.752,42.187
2060,7,11,37.472,42.22
2060,7,12,39.315,39.292
2060,7,13,40.893,37.592
2060,7,14,38.283,37.749
2060,7,15,38.194,39.943
2060,7,16,38.326,41.55
2060,7,17,37.524,41.429
2060,7,18,38.57,37.967
2060,7,19,38.832,37.652
2060,7,20,38.849,34.292
2060,7,21,39.014,35.653
2060,7,22,37.509,33.472
2060,7,23,37.654,36.456
2060,7,24,39.079,39.814
2060,7,25,39.874,38.034
2060,7,26,39.666,37.033
2060,7,27,38.116,31.794
2060,7,28,37.729,35.865
2060,7,29,38.56,35.796
2060,7,30,39.062,33.97
2060,7,31,37.417,34.022
2060,8,1,34.726,37.272
2060,8,2,33.882,37.704
2060,8,3,32.428,42.05
2060,8,4,36.83,44.251
2060,8,5,38.445,45.207
2060,8,6,37.882,41.975
2060,8,7,36.163,41.701
2060,8,8,34.476,40.192
2060,8,9,36.446,42.507
2060,8,10,37.902,42.48
2060,8,11,38.389,41.824
2060,8,12,36.354,37.966
2060,8,13,40.479,36.541
2060,8,14,39.542,38.461
2060,8,15,38.217,38.728
2060,8,16,35.204,38.034
2060,8,17,34.349,36.85
2060,8,18,36.586,34.005
2060,8,19,36.135,34.198
2060,8,20,36.451,35.44
2060,8,21,32.302,37.347
2060,8,22,31.973,38.754
2060,8,23,34.271,39.454
2060,8,24,37.34,38.241
2060,8,25,39.687,37.45
2060,8,26,40.17,38.828
2060,8,27,39.96,41.55
2060,8,28,39.053,41.884
2060,8,29,37.723,42.827
2060,8,30,36.872,40.903
2060,8,31,34.931,35.439
2060,9,1,37.304,35.163
2060,9,2,38.469,38.618
2060,9,3,41.894,38.221
2060,9,4,39.19,37.638
2060,9,5,39.252,36.697
2060,9,6,36.978,40.793
2060,9,7,34.469,42.778
2060,9,8,30.635,43.575
2060,9,9,29.098,39.654
2060,9,10,27.308,38.87
2060,9,11,31.356,38.643
2060,9,12,36.374,38.205
2060,9,13,34.785,38.093
2060,9,14,35.321,36.867
2060,9,15,32.369,36.427
2060,9,16,31.228,35.689
2060,9,17,30.064,37.033
2060,9,18,34.98,37.094
2060,9,19,37.465,38.509
2060,9,20,37.086,38.485
2060,9,21,35.89,34.213
2060,9,22,33.394,33.845
2060,9,23,29.957,32.734
2060,9,24,28.781,33.661
2060,9,25,30.306,25.154
2060,9,26,32.995,26.184
2060,9,27,34.356,28.811
2060,9,28,31.762,31.317
2060,9,29,34.561,30.865
2060,9,30,35.278,26.623
2060,10,1,33.703,23.41
2060,10,2,34.779,23.749
2060,10,3,32.295,24.149
2060,10,4,31.759,24.63
2060,10,5,33.995,27.148
2060,10,6,32.925,31.184
2060,10,7,34.195,29.434
2060,10,8,33.09,31.485
2060,10,9,31.249,32.438
2060,10,10,29.427,32.937
2060,10,11,22.956,34.868
2060,10,12,22.05,34.65
2060,10,13,24.727,32.992
2060,10,14,24.745,29.326
2060,10,15,23.214,21.505
2060,10,16,27.571,18.945
2060,10,17,27.084,20.478
2060,10,18,25.072,21.562
2060,10,19,23.269,24.928
2060,10,20,19.896,25.799
2060,10,21,19.777,26.755
2060,10,22,24.665,24.576
2060,10,23,29.871,24.78
2060,10,24,30.093,20.172
2060,10,25,27.789,20.821
2060,10,26,25.112,19.205
2060,10,27,21.862,17.885
2060,10,28,24.265,17.724
2060,10,29,21.528,18.473
2060,10,30,21.482,20.473
2060,10,31,20.874,22.991
2060,11,1,22.153,26.373
2060,11,2,22.639,24.483
2060,11,3,23.842,22.246
2060,11,4,23.377,21.818
2060,11,5,19.628,17.201
2060,11,6,18.493,17.358
2060,11,7,17.85,18.145
2060,11,8,17.818,19.236
2060,11,9,17.697,19.776
2060,11,10,17.149,20.721
2060,11,11,17.78,16.845
2060,11,12,17.418,15.549
2060,11,13,19.284,19.827
2060,11,14,21.986,18.257
2060,11,15,24.15,19.31
2060,11,16,20.519,22.827
2060,11,17,18.742,23.786
2060,11,18,21.137,23.356
2060,11,19,18.873,22.687
2060,11,20,21.234,21.609
2060,11,21,27.282,23.705
2060,11,22,27.46,23.771
2060,11,23,24.247,21.007
2060,11,24,22.867,19.438
2060,11,25,22.85,19.61
2060,11,26,24.227,17.587
2060,11,27,22.742,16.958
2060,11,28,20.699,19.477
2060,11,29,21.646,20.74
2060,11,30,24.562,17.138
2060,12,1,25.358,17.351
2060,12,2,25.165,16.77
2060,12,3,26.641,19.48
2060,12,4,24.972,19.894
2060,12,5,23.743,20.615
2060,12,6,22.217,20.402
2060,12,7,21.596,20.567
2060,12,8,19.92,20.035
2060,12,9,19.328,15.437
2060,12,10,16.699,15.728
2060,12,11,16.079,19.874
2060,12,12,16.046,19.752
2060,12,13,17.041,23.246
2060,12,14,17.135,22.583
2060,12,15,18.224,24.907
2060,12,16,19.442,22.806
2060,12,17,19.928,20.445
2060,12,18,20.453,20.691
2060,12,19,21.675,21.084
2060,12,20,17.659,17.939
2060,12,21,15.588,14.82
2060,12,22,15.32,16.8
2060,12,23,17.174,16.796
2060,12,24,20.54,16.011
2060,12,25,18.669,14.924
2060,12,26,20.126,14.077
2060,12,27,17.005,16.832
2060,12,28,13.837,17.983
2060,12,29,15.541,16.891
2060,12,30,19.697,15.908
2060,12,31,17.785,14.558
2061,1,1,17.804,12.938
2061,1,2,17.835,15.764
2061,1,3,17.645,13.911
2061,1,4,15.781,13.765
2061,1,5,15.768,13.98
2061,1,6,13.885,13.759
2061,1,7,14.711,12.467
2061,1,8,17.135,14.189
2061,1,9,18.047,15.919
2061,1,10,10.887,14.078
2061,1,11,9.865,10.61
2061,1,12,11.742,13.252
2061,1,13,13.668,16.653
2061,1,14,16.135,16.579
2061,1,15,15.448,19.0
2061,1,16,16.077,16.252
2061,1,17,17.421,14.849
2061,1,18,17.966,15.727
2061,1,19,18.097,12.582
2061,1,20,15.455,16.139
2061,1,21,17.572,16.761
2061,1,22,18.494,15.642
2061,1,23,18.282,18.665
2061,1,24,18.016,16.432
2061,1,25,21.831,18.134
2061,1,26,23.24,17.28
2061,1,27,22.891,17.86
2061,1,28,22.629,16.679
2061,1,29,21.114,16.28
2061,1,30,20.465,17.928
2061,1,31,19.237,19.377
2061,2,1,16.578,18.93
2061,2,2,17.558,19.033
2061,2,3,18.19,20.904
2061,2,4,15.66,17.878
2061,2,5,14.108,19.771
2061,2,6,12.507,19.503
2061,2,7,14.565,18.337
2061,2,8,13.265,14.614
2061,2,9,16.388,14.881
2061,2,10,15.579,14.241
2061,2,11,15.367,15.152
2061,2,12,14.126,15.867
2061,2,13,12.243,16.078
2061,2,14,10.655,15.902
2061,2,15,11.367,16.622
2061,2,16,9.844,17.453
2061,2,17,11.635,14.802
2061,2,18,11.643,17.671
2061,2,19,10.699,18.285
2061,2,20,11.675,15.459
2061,2,21,15.2,14.2
2061,2,22,15.475,16.806
2061,2,23,18.329,17.645
2061,2,24,19.012,17.085
2061,2,25,19.108,17.016
2061,2,26,17.958,16.189
2061,2,27,14.103,17.491
2061,2,28,13.745,17.848
2061,3,1,16.826,19.676
2061,3,2,20.432,16.268
2061,3,3,19.827,17.721
2061,3,4,15.689,17.114
2061,3,5,12.198,17.177
2061,3,6,12.171,18.784
2061,3,7,11.507,18.091
2061,3,8,11.043,15.943
2061,3,9,12.197,18.035
2061,3,10,9.44,19.583
2061,3,11,11.331,20.573
2061,3,12,15.692,23.227
2061,3,13,14.168,22.44
2061,3,14,17.979,20.56
2061,3,15,18.445,21.938
2061,3,16,18.228,23.431
2061,3,17,23.238,23.853
2061,3,18,22.466,21.55
2061,3,19,22.759,20.759
2061,3,20,22.437,16.537
2061,3,21,21.778,18.538
2061,3,22,22.34,14.324
2061,3,23,21.655,14.558
2061,3,24,17.893,14.208
2061,3,25,17.632,14.264
2061,3,26,17.759,19.43
2061,3,27,12.406,21.704
2061,3,28,12.507,22.831
2061,3,29,10.266,21.573
2061,3,30,14.367,19.672
2061,3,31,18.952,20.174
2061,4,1,22.625,19.689
2061,4,2,24.381,20.037
2061,4,3,24.439,20.053
2061,4,4,23.321,24.233
2061,4,5,20.125,26.899
2061,4,6,15.441,27.595
2061,4,7,19.295,26.17
2061,4,8,24.843,25.35
2061,4,9,28.904,22.171
2061,4,10,26.639,23.552
2061,4,11,23.493,22.319
2061,4,12,22.313,25.799
2061,4,13,18.472,25.608
2061,4,14,19.158,16.102
2061,4,15,20.167,16.836
2061,4,16,20.17,20.815
2061,4,17,23.508,20.782
2061,4,18,26.433,22.655
2061,4,19,24.932,23.44
2061,4,20,25.395,26.999
2061,4,21,24.682,27.389
2061,4,22,22.681,26.538
2061,4,23,24.974,23.559
2061,4,24,26.739,26.091
2061,4,25,27.61,27.791
2061,4,26,28.655,28.476
2061,4,27,28.19,25.951
2061,4,28,21.844,22.13
2061,4,29,21.035,20.725
2061,4,30,23.851,22.998
2061,5,1,26.881,26.555
2061,5,2,27.197,30.801
2061,5,3,25.924,32.368
2061,5,4,21.497,33.178
2061,5,5,22.269,33.374
2061,5,6,24.543,31.729
2061,5,7,23.819,29.765
2061,5,8,27.469,25.843
2061,5,9,28.317,24.274
2061,5,10,30.934,24.253
2061,5,11,31.104,21.217
2061,5,12,34.517,27.467
2061,5,13,33.329,28.103
2061,5,14,33.05,30.728
2061,5,15,31.709,35.548
2061,5,16,30.487,35.336
2061,5,17,30.625,31.145
2061,5,18,24.404,31.064
2061,5,19,21.897,32.493
2061,5,20,26.365,34.212
2061,5,21,29.872,31.341
2061,5,22,26.676,27.166
2061,5,23,29.12,22.731
2061,5,24,33.961,21.681
2061,5,25,36.084,27.375
2061,5,26,36.592,28.901
2061,5,27,35.731,30.105
2061,5,28,37.066,33.188
2061,5,29,34.965,35.551
2061,5,30,34.584,37.184
2061,5,31,33.859,37.221
2061,6,1,31.951,39.253
2061,6,2,32.659,39.473
2061,6,3,30.574,40.556
2061,6,4,29.975,37.813
2061,6,5,30.032,38.009
2061,6,6,28.094,39.731
2061,6,7,27.907,36.779
2061,6,8,27.388,28.149
2061,6,9,26.006,29.395
2061,6,10,25.086,36.431
2061,6,11,27.471,34.204
2061,6,12,32.45,29.285
2061,6,13,37.461,28.056
2061,6,14,34.524,29.056
2061,6,15,38.228,31.965
2061,6,16,39.367,36.244
2061,6,17,38.57,40.139
2061,6,18,38.732,40.405
2061,6,19,39.438,38.792
2061,6,20,39.582,36.91
2061,6,21,41.112,37.764
2061,6,22,39.423,37.117
2061,6,23,37.475,38.384
2061,6,24,37.998,36.603
2061,6,25,38.645,36.283
2061,6,26,37.305,35.726
2061,6,27,36.244,34.547
2061,6,28,34.178,38.846
2061,6,29,33.322,39.536
2061,6,30,33.612,39.536
2061,7,1,34.421,39.781
2061,7,2,36.462,41.043
2061,7,3,38.538,41.685
2061,7,4,40.314,40.81
2061,7,5,40.337,39.387
2061,7,6,39.449,37.72
2061,7,7,38.258,38.13
2061,7,8,37.687,35.921
2061,7,9,37.011,35.002
2061,7,10,35.258,36.883
2061,7,11,35.682,40.111
2061,7,12,35.892,42.994
2061,7,13,32.8,44.442
2061,7,14,35.303,44.23
2061,7,15,35.796,44.352
2061,7,16,35.834,42.553
2061,7,17,35.227,44.069
2061,7,18,38.008,42.192
2061,7,19,37.03,41.397
2061,7,20,34.786,39.461
2061,7,21,35.38,40.118
2061,7,22,35.768,38.808
2061,7,23,37.76,40.098
2061,7,24,39.327,37.675
2061,7,25,39.109,36.878
2061,7,26,40.51,35.648
2061,7,27,40.062,38.916
2061,7,28,41.091,40.776
2061,7,29,40.812,42.987
2061,7,30,40.475,42.766
2061,7,31,41.121,40.496
2061,8,1,41.614,39.951
2061,8,2,41.187,41.462
2061,8,3,39.397,43.015
2061,8,4,37.27,43.734
2061,8,5,36.264,42.523
2061,8,6,35.634,43.037
2061,8,7,36.137,42.587
2061,8,8,35.505,40.779
2061,8,9,32.979,38.149
2061,8,10,33.086,36.724
2061,8,11,32.325,34.489
2061,8,12,32.683,30.093
2061,8,13,31.574,34.839
2061,8,14,32.266,36.959
2061,8,15,34.657,38.419
2061,8,16,36.895,36.36
2061,8,17,38.06,34.41
2061,8,18,39.602,31.992
2061,8,19,41.488,33.151
2061,8,20,43.402,35.015
2061,8,21,43.998,37.66
2061,8,22,41.475,36.913
2061,8,23,39.928,37.167
2061,8,24,38.805,37.337
2061,8,25,37.568,38.649
2061,8,26,40.72,39.024
2061,8,27,40.431,36.983
2061,8,28,38.811,34.721
2061,8,29,35.325,34.77
2061,8,30,36.906,33.826
2061,8,31,39.265,31.936
2061,9,1,36.981,31.079
2061,9,2,36.457,35.146
2061,9,3,34.373,41.184
2061,9,4,37.703,42.96
2061,9,5,39.483,43.665
2061,9,6,39.517,40.376
2061,9,7,38.636,40.083
2061,9,8,38.223,40.835
2061,9,9,37.119,42.759
2061,9,10,36.788,41.296
2061,9,11,35.488,38.984
2061,9,12,27.292,38.847
2061,9,13,27.896,36.789
2061,9,14,29.587,35.422
2061,9,15,30.738,33.411
2061,9,16,33.339,31.875
2061,9,17,34.347,32.562
2061,9,18,33.613,36.608
2061,9,19,29.743,33.254
2061,9,20,25.013,30.498
2061,9,21,25.413,27.545
2061,9,22,25.528,26.516
2061,9,23,26.151,26.751
2061,9,24,23.348,31.527
2061,9,25,22.363,33.641
2061,9,26,26.926,35.012
2061,9,27,31.746,31.583
2061,9,28,33.679,29.553
2061,9,29,33.639,31.564
2061,9,30,32.577,35.058
2061,10,1,32.837,37.395
2061,10,2,31.374,38.013
2061,10,3,30.523,35.857
2061,10,4,28.24,36.2
2061,10,5,29.33,34.841
2061,10,6,31.941,34.218
2061,10,7,33.795,34.926
2061,10,8,33.155,33.165
2061,10,9,30.933,28.067
2061,10,10,31.89,26.382
2061,10,11,35.168,22.036
2061,10,12,33.542,19.648
2061,10,13,30.858,21.383
2061,10,14,25.882,23.217
2061,10,15,18.84,24.117
2061,10,16,20.066,21.533
2061,10,17,25.692,24.613
2061,10,18,31.578,24.883
2061,10,19,32.901,25.538
2061,10,20,34.765,27.258
2061,10,21,33.665,28.546
2061,10,22,32.856,28.334
2061,10,23,29.88,26.369
2061,10,24,27.406,22.354
2061,10,25,23.729,22.523
2061,10,26,22.11,22.732
2061,10,27,25.02,25.549
2061,10,28,25.777,31.368
2061,10,29,27.512,27.079
2061,10,30,28.332,22.372
2061,10,31,28.924,22.932
2061,11,1,26.296,27.058
2061,11,2,27.852,28.438
2061,11,3,27.944,28.7
2061,11,4,28.67,28.382
2061,11,5,28.034,22.849
2061,11,6,26.267,22.421
2061,11,7,23.608,21.522
2061,11,8,22.008,21.998
2061,11,9,16.245,22.069
2061,11,10,14.163,21.427
2061,11,11,14.466,22.312
2061,11,12,16.128,19.798
2061,11,13,16.74,21.517
2061,11,14,18.236,20.341
2061,11,15,16.303,16.277
2061,11,16,14.781,12.832
2061,11,17,14.916,13.784
2061,11,18,20.672,16.582
2061,11,19,21.284,16.951
2061,11,20,19.504,17.398
2061,11,21,19.795,15.359
2061,11,22,20.344,15.699
2061,11,23,21.336,15.841
2061,11,24,22.082,16.233
2061,11,25,23.568,16.217
2061,11,26,19.584,16.709
2061,11,27,14.823,16.422
2061,11,28,11.453,18.394
2061,11,29,10.234,14.456
2061,11,30,9.538,13.621
2061,12,1,6.235,16.353
2061,12,2,6.21,14.491
2061,12,3,8.712,17.672
2061,12,4,12.488,18.158
2061,12,5,11.849,20.166
2061,12,6,13.179,19.571
2061,12,7,14.255,21.047
2061,12,8,16.36,20.879
2061,12,9,16.348,22.275
2061,12,10,13.393,19.254
2061,12,11,12.177,18.406
2061,12,12,13.813,15.664
2061,12,13,16.203,12.762
2061,12,14,15.381,15.284
2061,12,15,15.48,17.993
2061,12,16,15.472,14.695
2061,12,17,12.98,14.007
2061,12,18,10.942,14.025
2061,12,19,13.987,13.908
2061,12,20,17.394,14.334
2061,12,21,19.002,14.781
2061,12,22,18.018,15.758
2061,12,23,14.272,17.599
2061,12,24,13.473,16.511
2061,12,25,12.452,15.461
2061,12,26,13.451,20.355
2061,12,27,12.967,21.298
2061,12,28,11.726,20.681
2061,12,29,12.435,15.456
2061,12,30,13.487,16.271
2061,12,31,13.308,12.833
2062,1,1,14.518,14.368
2062,1,2,12.264,14.872
2062,1,3,14.234,14.798
2062,1,4,10.443,12.081
2062,1,5,11.452,11.742
2062,1,6,12.332,12.858
2062,1,7,11.881,14.464
2062,1,8,12.041,16.076
2062,1,9,13.077,17.753
2062,1,10,8.98,17.225
2062,1,11,10.905,16.683
2062,1,12,12.794,16.806
2062,1,13,8.987,17.543
2062,1,14,11.157,17.944
2062,1,15,12.485,18.416
2062,1,16,14.874,16.981
2062,1,17,14.239,14.924
2062,1,18,13.725,16.096
2062,1,19,16.133,20.397
2062,1,20,14.545,16.868
2062,1,21,14.448,21.526
2062,1,22,11.977,21.081
2062,1,23,14.386,18.56
2062,1,24,13.094,20.118
2062,1,25,14.861,14.361
2062,1,26,18.706,11.427
2062,1,27,13.856,14.391
2062,1,28,14.027,15.106
2062,1,29,13.696,13.359
2062,1,30,15.848,12.054
2062,1,31,14.84,15.072
2062,2,1,15.323,14.795
2062,2,2,15.986,17.25
2062,2,3,17.882,17.623
2062,2,4,19.538,19.18
2062,2,5,20.06,17.297
2062,2,6,17.988,17.117
2062,2,7,16.975,18.003
2062,2,8,15.894,17.92
2062,2,9,14.601,18.201
2062,2,10,16.052,17.429
2062,2,11,14.386,16.795
2062,2,12,16.013,18.289
2062,2,13,17.87,17.532
2062,2,14,17.665,14.28
2062,2,15,15.145,16.75
2062,2,16,17.711,17.52
2062,2,17,11.992,18.923
2062,2,18,11.426,19.66
2062,2,19,11.711,17.526
2062,2,20,11.434,17.363
2062,2,21,16.2,18.819
2062,2,22,14.567,20.494
2062,2,23,13.93,18.461
2062,2,24,12.906,13.478
2062,2,25,16.957,13.191
2062,2,26,17.369,14.713
2062,2,27,17.106,12.415
2062,2,28,16.46,11.606
2062,3,1,18.688,13.582
2062,3,2,15.273,13.753
2062,3,3,13.352,18.18
2062,3,4,14.291,17.747
2062,3,5,17.39,16.841
2062,3,6,21.151,14.169
2062,3,7,23.046,15.716
2062,3,8,21.357,16.318
2062,3,9,19.172,11.694
2062,3,10,18.13,14.5
2062,3,11,19.283,15.055
2062,3,12,21.867,15.283
2062,3,13,24.968,15.545
2062,3,14,21.283,21.746
2062,3,15,15.653,22.461
2062,3,16,16.22,22.942
2062,3,17,19.937,22.402
2062,3,18,20.146,22.912
2062,3,19,24.393,26.711
2062,3,20,26.123,27.817
2062,3,21,24.288,28.344
2062,3,22,19.119,24.949
2062,3,23,17.699,21.289
2062,3,24,20.498,17.454
2062,3,25,23.388,12.874
2062,3,26,25.741,17.078
2062,3,27,25.017,19.66
2062,3,28,24.843,20.425
2062,3,29,24.744,17.639
2062,3,30,22.582,15.15
2062,3,31,22.79,14.02
2062,4,1,22.798,14.235
2062,4,2,22.951,13.395
2062,4,3,20.019,12.125
2062,4,4,15.396,15.926
2062,4,5,10.09,20.071
2062,4,6,17.041,19.561
2062,4,7,21.268,23.039
2062,4,8,18.998,23.747
2062,4,9,22.051,20.196
2062,4,10,22.57,22.054
2062,4,11,22.269,19.733
2062,4,12,21.121,16.146
2062,4,13,19.659,21.277
2062,4,14,20.388,25.635
2062,4,15,21.514,24.369
2062,4,16,24.281,19.432
2062,4,17,27.798,14.417
2062,4,18,24.499,15.017
2062,4,19,24.009,14.097
2062,4,20,25.574,15.506
2062,4,21,26.457,17.888
2062,4,22,25.319,20.872
2062,4,23,23.796,23.602
2062,4,24,26.872,25.927
2062,4,25,26.277,24.253
2062,4,26,21.916,19.914
2062,4,27,16.781,14.669
2062,4,28,16.693,16.059
2062,4,29,19.381,21.751
2062,4,30,23.849,28.09
2062,5,1,26.586,23.311
2062,5,2,26.968,16.101
2062,5,3,26.076,12.113
2062,5,4,25.657,15.872
2062,5,5,20.834,20.224
2062,5,6,20.452,24.917
2062,5,7,18.66,27.846
2062,5,8,20.33,26.659
2062,5,9,26.432,26.493
2062,5,10,30.073,26.78
2062,5,11,32.35,25.855
2062,5,12,33.575,25.158
2062,5,13,35.199,26.392
2062,5,14,33.789,29.032
2062,5,15,33.502,30.72
2062,5,16,30.727,31.108
2062,5,17,28.559,27.82
2062,5,18,26.801,23.775
2062,5,19,22.787,22.859
2062,5,20,22.01,24.816
2062,5,21,20.644,27.572
2062,5,22,22.16,29.401
2062,5,23,28.22,30.93
2062,5,24,29.493,29.887
2062,5,25,28.649,25.374
2062,5,26,28.573,26.873
2062,5,27,31.517,24.423
2062,5,28,35.415,21.906
2062,5,29,36.299,19.889
2062,5,30,34.466,22.759
2062,5,31,34.365,24.527
2062,6,1,34.349,29.348
2062,6,2,31.622,32.651
2062,6,3,36.335,34.647
2062,6,4,37.99,30.873
2062,6,5,39.238,29.125
2062,6,6,39.683,28.532
2062,6,7,37.913,32.58
2062,6,8,35.429,35.646
2062,6,9,33.915,36.366
2062,6,10,35.021,35.916
2062,6,11,34.406,36.208
2062,6,12,31.677,37.17
2062,6,13,28.481,34.691
2062,6,14,31.692,30.957
2062,6,15,27.789,37.408
2062,6,16,32.456,40.178
2062,6,17,35.216,40.518
2062,6,18,36.28,40.538
2062,6,19,35.955,39.116
2062,6,20,37.268,39.885
2062,6,21,36.879,38.951
2062,6,22,37.254,39.479
2062,6,23,37.544,39.933
2062,6,24,39.079,41.631
2062,6,25,39.442,41.563
2062,6,26,37.763,41.42
2062,6,27,34.788,41.059
2062,6,28,35.592,35.058
2062,6,29,35.28,34.967
2062,6,30,37.418,36.747
2062,7,1,36.858,37.24
2062,7,2,39.315,39.218
2062,7,3,39.937,39.839
2062,7,4,39.666,38.921
2062,7,5,39.955,36.647
2062,7,6,35.897,37.802
2062,7,7,39.131,37.658
2062,7,8,39.387,38.437
2062,7,9,39.845,33.285
2062,7,10,40.258,32.881
2062,7,11,39.737,37.243
2062,7,12,38.638,38.813
2062,7,13,38.032,40.916
2062,7,14,37.175,42.027
2062,7,15,38.914,43.136
2062,7,16,37.653,44.047
2062,7,17,37.241,43.108
2062,7,18,34.038,42.623
2062,7,19,34.682,40.527
2062,7,20,37.278,41.281
2062,7,21,35.121,37.166
2062,7,22,31.842,34.779
2062,7,23,34.059,36.047
2062,7,24,35.046,36.654
2062,7,25,35.429,36.275
2062,7,26,36.401,38.117
2062,7,27,36.789,38.14
2062,7,28,37.88,38.3
2062,7,29,40.026,39.699
2062,7,30,41.538,42.858
2062,7,31,43.53,42.92
2062,8,1,43.061,43.503
2062,8,2,44.526,43.403
2062,8,3,43.665,43.248
2062,8,4,42.478,44.17
2062,8,5,41.174,42.78
2062,8,6,41.243,39.015
2062,8,7,43.35,36.063
2062,8,8,42.018,39.285
2062,8,9,37.754,39.155
2062,8,10,35.217,39.208
2062,8,11,34.792,37.058
2062,8,12,35.895,37.078
2062,8,13,37.343,37.648
2062,8,14,36.957,37.632
2062,8,15,35.22,39.327
2062,8,16,35.537,39.262
2062,8,17,37.989,37.244
2062,8,18,40.695,37.069
2062,8,19,38.783,33.693
2062,8,20,38.02,37.341
2062,8,21,40.013,38.197
2062,8,22,40.136,39.572
2062,8,23,42.021,37.49
2062,8,24,41.302,33.724
2062,8,25,39.481,34.234
2062,8,26,38.635,33.908
2062,8,27,40.357,33.206
2062,8,28,40.279,33.48
2062,8,29,38.296,33.397
2062,8,30,36.906,35.395
2062,8,31,38.193,38.317
2062,9,1,36.566,42.843
2062,9,2,35.07,40.713
2062,9,3,32.092,41.904
2062,9,4,28.018,39.85
2062,9,5,29.771,37.426
2062,9,6,30.703,37.671
2062,9,7,30.433,37.097
2062,9,8,27.667,33.523
2062,9,9,25.637,30.04
2062,9,10,26.344,22.705
2062,9,11,32.646,20.328
2062,9,12,36.695,22.219
2062,9,13,36.686,25.682
2062,9,14,33.358,27.107
2062,9,15,33.113,22.944
2062,9,16,33.103,24.32
2062,9,17,32.857,27.469
2062,9,18,35.09,29.151
2062,9,19,33.047,33.905
2062,9,20,26.254,35.537
2062,9,21,22.895,35.385
2062,9,22,23.846,33.206
2062,9,23,24.48,27.803
2062,9,24,28.64,29.375
2062,9,25,27.146,30.465
2062,9,26,28.726,34.421
2062,9,27,30.846,34.782
2062,9,28,30.537,33.234
2062,9,29,31.627,33.031
2062,9,30,33.831,35.087
2062,10,1,31.901,38.397
2062,10,2,29.971,36.314
2062,10,3,23.83,34.216
2062,10,4,23.662,35.05
2062,10,5,28.526,33.09
2062,10,6,31.362,31.933
2062,10,7,33.172,34.154
2062,10,8,33.276,35.144
2062,10,9,32.946,35.044
2062,10,10,31.138,31.133
2062,10,11,31.918,29.531
2062,10,12,29.154,29.059
2062,10,13,30.765,28.904
2062,10,14,28.628,23.734
2062,10,15,30.059,22.116
2062,10,16,29.866,22.963
2062,10,17,24.161,24.951
2062,10,18,20.242,27.445
2062,10,19,21.597,30.653
2062,10,20,23.025,31.178
2062,10,21,22.76,30.972
2062,10,22,23.089,30.289
2062,10,23,24.375,33.181
2062,10,24,26.856,33.159
2062,10,25,26.974,33.761
2062,10,26,23.698,32.391
2062,10,27,21.824,30.017
2062,10,28,20.362,26.739
2062,10,29,21.199,26.21
2062,10,30,22.314,28.198
2062,10,31,23.606,22.164
2062,11,1,25.469,19.588
2062,11,2,23.595,20.425
2062,11,3,23.139,19.952
2062,11,4,21.12,21.579
2062,11,5,21.306,23.097
2062,11,6,22.491,21.231
2062,11,7,21.448,21.771
2062,11,8,20.361,24.85
2062,11,9,18.627,25.513
2062,11,10,19.791,25.489
2062,11,11,18.379,24.367
2062,11,12,20.339,25.932
2062,11,13,20.607,20.79
2062,11,14,19.452,19.033
2062,11,15,23.846,19.624
2062,11,16,26.167,18.801
2062,11,17,26.474,19.589
2062,11,18,25.353,19.612
2062,11,19,23.165,23.421
2062,11,20,21.193,23.148
2062,11,21,21.9,23.589
2062,11,22,24.32,16.835
2062,11,23,27.034,13.353
2062,11,24,25.187,17.14
2062,11,25,17.534,17.559
2062,11,26,14.972,14.934
2062,11,27,16.145,14.652
2062,11,28,15.456,17.487
2062,11,29,13.922,18.318
2062,11,30,16.168,16.846
2062,12,1,17.608,16.248
2062,12,2,19.335,16.918
2062,12,3,16.945,17.344
2062,12,4,15.0,20.464
2062,12,5,14.142,22.435
2062,12,6,17.78,20.063
2062,12,7,14.056,18.553
2062,12,8,16.285,17.766
2062,12,9,14.221,18.204
2062,12,10,15.998,16.652
2062,12,11,16.035,15.368
2062,12,12,13.704,16.049
2062,12,13,17.156,11.914
2062,12,14,12.696,16.401
2062,12,15,17.869,17.617
2062,12,16,20.18,16.653
2062,12,17,17.962,17.392
2062,12,18,18.339,13.951
2062,12,19,16.73,20.15
2062,12,20,11.717,19.342
2062,12,21,9.768,18.27
2062,12,22,10.441,19.06
2062,12,23,11.584,18.654
2062,12,24,10.356,18.56
2062,12,25,10.731,17.781
2062,12,26,10.915,18.332
2062,12,27,10.375,18.753
2062,12,28,14.864,18.727
2062,12,29,13.698,17.447
2062,12,30,16.202,16.858
2062,12,31,14.945,16.976
2063,1,1,11.969,17.272
2063,1,2,12.342,18.531
2063,1,3,10.989,19.109
2063,1,4,12.586,18.331
2063,1,5,16.243,14.459
2063,1,6,15.326,14.81
2063,1,7,14.125,11.961
2063,1,8,13.94,11.824
2063,1,9,13.533,13.963
2063,1,10,14.138,11.512
2063,1,11,14.778,8.6
2063,1,12,14.032,7.068
2063,1,13,13.874,7.504
2063,1,14,16.24,9.158
2063,1,15,17.158,7.458
2063,1,16,16.075,8.154
2063,1,17,13.156,11.072
2063,1,18,7.68,12.393
2063,1,19,13.658,10.037
2063,1,20,13.639,12.975
2063,1,21,10.735,12.714
2063,1,22,11.555,13.796
2063,1,23,13.066,13.866
2063,1,24,10.018,11.789
2063,1,25,11.366,12.6
2063,1,26,9.658,15.508
2063,1,27,4.399,19.642
2063,1,28,8.058,17.863
2063,1,29,8.857,16.04
2063,1,30,14.251,16.443
2063,1,31,15.025,16.01
2063,2,1,14.901,16.002
2063,2,2,13.035,16.815
2063,2,3,14.411,16.233
2063,2,4,15.846,16.54
2063,2,5,17.483,20.098
2063,2,6,20.322,19.001
2063,2,7,20.839,17.04
2063,2,8,20.715,11.078
2063,2,9,18.663,13.172
2063,2,10,15.256,13.752
2063,2,11,14.692,11.984
2063,2,12,13.433,17.294
2063,2,13,13.473,18.015
2063,2,14,12.711,20.452
2063,2,15,10.175,15.878
2063,2,16,13.217,15.546
2063,2,17,15.393,13.6
2063,2,18,17.804,15.091
2063,2,19,18.209,14.806
2063,2,20,13.702,17.761
2063,2,21,14.487,22.447
2063,2,22,11.868,23.973
2063,2,23,13.422,23.172
2063,2,24,13.445,21.305
2063,2,25,12.773,16.411
2063,2,26,13.016,14.765
2063,2,27,13.663,16.917
2063,2,28,14.917,17.246
2063,3,1,14.706,15.061
2063,3,2,15.072,14.471
2063,3,3,16.832,20.169
2063,3,4,10.998,21.55
2063,3,5,15.006,21.661
2063,3,6,14.514,24.169
2063,3,7,14.166,23.103
2063,3,8,14.276,23.325
2063,3,9,12.974,24.273
2063,3,10,16.523,26.735
2063,3,11,17.943,27.403
2063,3,12,14.816,21.409
2063,3,13,20.963,19.81
2063,3,14,21.638,13.635
2063,3,15,20.879,17.14
2063,3,16,16.628,20.938
2063,3,17,17.695,21.217
2063,3,18,18.252,21.864
2063,3,19,17.167,20.086
2063,3,20,17.995,15.551
2063,3,21,19.267,20.932
2063,3,22,19.534,20.939
2063,3,23,20.274,20.288
2063,3,24,20.091,18.472
2063,3,25,20.79,17.977
2063,3,26,19.856,18.787
2063,3,27,17.937,20.508
2063,3,28,17.02,21.978
2063,3,29,18.466,18.814
2063,3,30,22.637,15.476
2063,3,31,23.521,19.849
2063,4,1,22.79,22.185
2063,4,2,20.411,21.669
2063,4,3,19.075,19.607
2063,4,4,18.351,20.564
2063,4,5,15.565,26.303
2063,4,6,12.426,29.608
2063,4,7,18.436,32.273
2063,4,8,25.022,32.572
2063,4,9,31.62,27.936
2063,4,10,27.542,21.789
2063,4,11,27.366,20.68
2063,4,12,21.338,16.424
2063,4,13,19.54,14.725
2063,4,14,22.36,17.997
2063,4,15,24.764,23.145
2063,4,16,25.184,28.345
2063,4,17,28.681,29.887
2063,4,18,24.078,26.863
2063,4,19,25.542,25.859
2063,4,20,26.253,24.288
2063,4,21,24.525,18.757
2063,4,22,22.972,18.339
2063,4,23,23.973,13.564
2063,4,24,23.907,19.042
2063,4,25,26.706,22.38
2063,4,26,28.355,26.515
2063,4,27,28.235,25.413
2063,4,28,23.341,27.132
2063,4,29,19.004,26.667
2063,4,30,12.455,33.118
2063,5,1,16.056,36.162
2063,5,2,22.8,36.618
2063,5,3,20.87,34.616
2063,5,4,23.401,30.527
2063,5,5,16.615,25.679
2063,5,6,16.599,26.951
2063,5,7,20.42,27.598
2063,5,8,24.844,22.536
2063,5,9,26.882,16.386
2063,5,10,28.819,22.033
2063,5,11,27.839,26.105
2063,5,12,27.857,30.574
2063,5,13,25.058,30.647
2063,5,14,17.506,31.457
2063,5,15,16.037,30.931
2063,5,16,18.534,31.172
2063,5,17,24.583,29.564
2063,5,18,29.229,30.539
2063,5,19,30.291,30.2
2063,5,20,29.019,30.128
2063,5,21,25.585,30.515
2063,5,22,23.658,34.532
2063,5,23,25.449,37.084
2063,5,24,21.935,38.245
2063,5,25,21.717,38.969
2063,5,26,24.788,39.048
2063,5,27,31.396,34.924
2063,5,28,32.041,33.22
2063,5,29,30.876,32.023
2063,5,30,29.819,32.467
2063,5,31,30.367,32.693
2063,6,1,31.236,31.822
2063,6,2,33.651,29.627
2063,6,3,32.812,32.59
2063,6,4,36.051,35.909
2063,6,5,35.895,39.674
2063,6,6,39.139,40.582
2063,6,7,40.67,41.21
2063,6,8,40.62,41.943
2063,6,9,40.666,41.634
2063,6,10,41.668,41.526
2063,6,11,42.529,41.282
2063,6,12,40.644,41.256
2063,6,13,38.829,41.425
2063,6,14,32.088,38.832
2063,6,15,30.196,35.284
2063,6,16,29.943,38.64
2063,6,17,32.742,38.634
2063,6,18,33.462,37.355
2063,6,19,31.74,34.209
2063,6,20,34.696,34.713
2063,6,21,35.467,40.448
2063,6,22,36.153,41.356
2063,6,23,38.023,41.767
2063,6,24,39.469,40.653
2063,6,25,40.031,40.004
2063,6,26,40.362,40.779
2063,6,27,39.522,41.429
2063,6,28,39.794,40.84
2063,6,29,40.09,41.406
2063,6,30,41.521,38.4
2063,7,1,40.995,36.094
2063,7,2,40.403,34.023
2063,7,3,38.401,33.925
2063,7,4,40.526,34.126
2063,7,5,38.763,35.418
2063,7,6,38.913,36.28
2063,7,7,39.778,36.877
2063,7,8,41.821,37.81
2063,7,9,42.585,40.307
2063,7,10,41.436,38.149
2063,7,11,41.346,37.523
2063,7,12,41.867,36.992
2063,7,13,38.053,37.249
2063,7,14,37.895,37.414
2063,7,15,35.176,37.793
2063,7,16,34.6,41.063
2063,7,17,38.366,42.372
2063,7,18,37.411,41.49
2063,7,19,33.338,41.81
2063,7,20,33.345,42.687
2063,7,21,32.776,41.087
2063,7,22,36.838,38.467
2063,7,23,39.784,36.219
2063,7,24,40.41,38.244
2063,7,25,41.022,41.32
2063,7,26,39.218,43.199
2063,7,27,37.603,42.142
2063,7,28,36.315,39.751
2063,7,29,37.357,36.492
2063,7,30,38.768,33.547
2063,7,31,37.191,33.562
2063,8,1,36.771,33.58
2063,8,2,38.129,35.12
2063,8,3,40.643,39.476
2063,8,4,39.389,40.607
2063,8,5,39.445,41.814
2063,8,6,42.154,43.119
2063,8,7,39.123,45.027
2063,8,8,38.003,45.725
2063,8,9,38.142,44.522
2063,8,10,38.229,38.824
2063,8,11,38.387,35.282
2063,8,12,35.844,34.825
2063,8,13,36.592,35.175
2063,8,14,34.439,33.922
2063,8,15,38.165,31.369
2063,8,16,39.24,34.019
2063,8,17,38.751,34.549
2063,8,18,38.816,33.834
2063,8,19,38.788,33.604
2063,8,20,37.452,35.044
2063,8,21,38.486,35.24
2063,8,22,38.257,36.613
2063,8,23,37.593,38.253
2063,8,24,38.224,37.515
2063,8,25,37.994,36.265
2063,8,26,36.962,36.129
2063,8,27,38.248,36.258
2063,8,28,40.001,34.957
2063,8,29,38.751,32.858
2063,8,30,37.964,36.487
2063,8,31,38.146,38.763
2063,9,1,37.903,39.238
2063,9,2,37.016,35.499
2063,9,3,36.708,35.191
2063,9,4,35.984,33.685
2063,9,5,35.945,27.197
2063,9,6,37.874,30.847
2063,9,7,35.462,33.799
2063,9,8,36.868,34.192
2063,9,9,34.704,34.837
2063,9,10,32.76,33.641
2063,9,11,30.569,32.411
2063,9,12,26.919,32.541
2063,9,13,28.391,34.288
2063,9,14,30.355,35.729
2063,9,15,33.464,35.728
2063,9,16,30.974,34.358
2063,9,17,27.751,31.115
2063,9,18,25.447,28.369
2063,9,19,27.064,31.446
2063,9,20,22.075,26.062
2063,9,21,24.84,24.043
2063,9,22,25.726,26.921
2063,9,23,26.209,29.602
2063,9,24,29.932,33.038
2063,9,25,31.455,28.588
2063,9,26,35.005,27.652
2063,9,27,37.022,29.402
2063,9,28,37.715,30.688
2063,9,29,37.114,31.209
2063,9,30,38.459,31.607
2063,10,1,38.507,27.452
2063,10,2,38.149,25.902
2063,10,3,36.421,28.737
2063,10,4,31.653,31.726
2063,10,5,26.453,32.998
2063,10,6,22.811,35.259
2063,10,7,19.22,35.633
2063,10,8,19.445,34.34
2063,10,9,23.49,36.152
2063,10,10,26.808,37.898
2063,10,11,26.419,38.536
2063,10,12,27.494,36.262
2063,10,13,27.931,29.78
2063,10,14,27.678,29.314
2063,10,15,25.613,32.301
2063,10,16,26.663,27.739
2063,10,17,21.247,26.892
2063,10,18,24.118,22.675
2063,10,19,27.494,24.947
2063,10,20,28.775,26.092
2063,10,21,28.304,21.359
2063,10,22,27.521,21.625
2063,10,23,23.816,23.727
2063,10,24,25.44,26.396
2063,10,25,24.021,24.134
2063,10,26,22.163,23.888
2063,10,27,22.853,23.966
2063,10,28,21.538,22.821
2063,10,29,23.382,23.733
2063,10,30,24.393,25.389
2063,10,31,24.671,25.076
2063,11,1,22.464,21.04
2063,11,2,20.614,20.193
2063,11,3,19.887,19.295
2063,11,4,18.061,21.064
2063,11,5,17.849,18.43
2063,11,6,17.126,21.379
2063,11,7,18.422,20.795
2063,11,8,12.444,20.566
2063,11,9,12.81,21.228
2063,11,10,14.563,21.856
2063,11,11,13.727,20.288
2063,11,12,16.665,18.751
2063,11,13,12.904,18.279
2063,11,14,19.55,18.938
2063,11,15,18.783,22.23
2063,11,16,16.489,22.072
2063,11,17,21.279,22.457
2063,11,18,21.145,22.826
2063,11,19,18.961,22.956
2063,11,20,15.31,23.497
2063,11,21,13.488,22.334
2063,11,22,15.23,19.841
2063,11,23,18.802,21.69
2063,11,24,18.022,23.507
2063,11,25,19.076,23.277
2063,11,26,18.251,22.432
2063,11,27,15.145,19.544
2063,11,28,14.045,18.46
2063,11,29,14.615,20.117
2063,11,30,16.485,17.05
2063,12,1,14.568,18.754
2063,12,2,14.156,18.899
2063,12,3,14.094,20.841
2063,12,4,16.104,18.885
2063,12,5,19.543,18.186
2063,12,6,20.271,18.007
2063,12,7,21.675,17.371
2063,12,8,15.116,20.595
2063,12,9,14.235,19.696
2063,12,10,17.562,21.51
2063,12,11,17.661,21.404
2063,12,12,10.945,18.135
2063,12,13,9.548,17.238
2063,12,14,10.209,18.596
2063,12,15,10.98,18.841
2063,12,16,12.309,16.663
2063,12,17,12.163,14.559
2063,12,18,13.914,15.414
2063,12,19,14.828,14.938
2063,12,20,14.235,13.917
2063,12,21,14.839,16.859
2063,12,22,12.029,14.815
2063,12,23,12.663,13.733
2063,12,24,13.589,15.959
2063,12,25,15.001,17.258
2063,12,26,15.826,18.117
2063,12,27,12.776,16.671
2063,12,28,12.631,16.598
2063,12,29,12.862,17.975
2063,12,30,12.402,16.92
2063,12,31,14.852,16.76
2064,1,1,12.814,14.855
2064,1,2,13.065,17.121
2064,1,3,12.679,18.64
2064,1,4,13.566,20.112
2064,1,5,13.573,20.902
2064,1,6,11.52,18.181
2064,1,7,12.203,14.162
2064,1,8,13.523,14.849
2064,1,9,13.962,15.586
2064,1,10,14.287,14.299
2064,1,11,10.013,20.42
2064,1,12,8.109,21.214
2064,1,13,10.664,21.264
2064,1,14,13.564,21.615
2064,1,15,15.155,19.851
2064,1,16,17.66,22.046
2064,1,17,17.728,21.56
2064,1,18,18.57,22.555
2064,1,19,15.53,21.948
2064,1,20,14.221,15.531
2064,1,21,15.687,12.354
2064,1,22,15.307,12.181
2064,1,23,16.507,13.532
2064,1,24,15.461,14.322
2064,1,25,11.956,14.913
2064,1,26,13.803,12.491
2064,1,27,14.957,12.405
2064,1,28,17.691,15.326
2064,1,29,18.192,15.033
2064,1,30,19.145,13.135
2064,1,31,21.104,11.788
2064,2,1,17.747,13.21
2064,2,2,17.464,14.143
2064,2,3,14.786,14.741
2064,2,4,12.585,12.753
2064,2,5,11.803,14.998
2064,2,6,14.0,15.593
2064,2,7,15.609,16.895
2064,2,8,16.703,21.043
2064,2,9,19.05,20.896
2064,2,10,19.372,19.536
2064,2,11,14.921,17.82
2064,2,12,12.496,17.954
2064,2,13,14.676,19.957
2064,2,14,16.682,18.289
2064,2,15,14.372,17.209
2064,2,16,15.213,18.871
2064,2,17,14.813,21.096
2064,2,18,12.364,22.277
2064,2,19,11.937,22.881
2064,2,20,13.508,18.898
2064,2,21,15.829,15.528
2064,2,22,12.838,16.469
2064,2,23,10.694,20.788
2064,2,24,10.378,19.808
2064,2,25,10.395,17.305
2064,2,26,12.17,15.787
2064,2,27,13.328,13.055
2064,2,28,13.234,15.749
2064,2,29,15.068,11.948
2064,3,1,15.761,14.199
2064,3,2,15.502,14.729
2064,3,3,16.089,18.358
2064,3,4,16.425,19.208
2064,3,5,19.429,19.471
2064,3,6,19.646,18.487
2064,3,7,19.377,20.379
2064,3,8,19.583,18.664
2064,3,9,22.076,15.121
2064,3,10,20.79,10.283
2064,3,11,20.252,13.709
2064,3,12,19.86,14.762
2064,3,13,20.256,13.91
2064,3,14,21.188,17.342
2064,3,15,18.782,20.996
2064,3,16,18.031,23.451
2064,3,17,18.532,24.264
2064,3,18,13.233,26.571
2064,3,19,15.459,28.933
2064,3,20,12.621,30.283
2064,3,21,13.261,30.118
2064,3,22,16.253,25.766
2064,3,23,18.022,21.412
2064,3,24,23.65,18.927
2064,3,25,27.225,19.279
2064,3,26,30.454,19.741
2064,3,27,29.885,22.633
2064,3,28,28.785,24.001
2064,3,29,26.866,29.744
2064,3,30,29.038,30.245
2064,3,31,29.633,29.89
2064,4,1,30.106,25.873
2064,4,2,30.675,22.896
2064,4,3,31.456,20.473
2064,4,4,31.98,20.882
2064,4,5,31.342,22.204
2064,4,6,28.584,21.44
2064,4,7,24.75,15.196
2064,4,8,19.722,14.068
2064,4,9,15.558,10.689
2064,4,10,13.658,6.693
2064,4,11,13.049,13.343
2064,4,12,12.091,16.297
2064,4,13,10.811,18.316
2064,4,14,10.515,20.787
2064,4,15,12.487,19.432
2064,4,16,11.382,23.131
2064,4,17,14.524,26.701
2064,4,18,11.146,24.788
2064,4,19,12.422,21.352
2064,4,20,14.148,19.464
2064,4,21,17.319,15.292
2064,4,22,18.426,17.592
2064,4,23,21.119,17.583
2064,4,24,23.655,15.364
2064,4,25,22.618,15.382
2064,4,26,23.867,16.985
2064,4,27,25.095,20.662
2064,4,28,24.256,22.42
2064,4,29,27.007,24.053
2064,4,30,29.754,22.47
2064,5,1,30.462,21.27
2064,5,2,29.377,24.994
2064,5,3,28.473,19.724
2064,5,4,28.896,24.305
2064,5,5,30.646,24.445
2064,5,6,33.603,21.485
2064,5,7,33.094,20.998
2064,5,8,28.441,21.047
2064,5,9,21.5,23.283
2064,5,10,23.376,23.95
2064,5,11,30.126,23.419
2064,5,12,31.623,22.702
2064,5,13,31.158,19.079
2064,5,14,29.667,21.045
2064,5,15,32.607,26.316
2064,5,16,34.913,29.77
2064,5,17,36.46,31.896
2064,5,18,34.23,32.003
2064,5,19,30.606,31.231
2064,5,20,29.879,32.008
2064,5,21,29.782,35.951
2064,5,22,31.599,35.775
2064,5,23,35.96,33.651
2064,5,24,34.716,31.801
2064,5,25,30.76,33.929
2064,5,26,30.266,34.738
2064,5,27,33.33,35.428
2064,5,28,36.81,34.061
2064,5,29,36.035,28.95
2064,5,30,35.391,20.373
2064,5,31,30.058,20.809
2064,6,1,31.955,22.98
2064,6,2,35.288,25.644
2064,6,3,38.428,29.084
2064,6,4,37.429,26.098
2064,6,5,35.44,22.224
2064,6,6,36.439,25.913
2064,6,7,38.087,27.84
2064,6,8,38.381,29.105
2064,6,9,38.018,30.095
2064,6,10,38.825,33.923
2064,6,11,37.973,35.625
2064,6,12,37.01,36.081
2064,6,13,33.549,33.186
2064,6,14,33.664,32.837
2064,6,15,36.216,33.385
2064,6,16,35.517,33.582
2064,6,17,32.881,36.883
2064,6,18,32.667,38.551
2064,6,19,31.932,42.666
2064,6,20,33.885,42.247
2064,6,21,37.379,40.491
2064,6,22,35.51,43.553
2064,6,23,36.895,43.008
2064,6,24,34.548,42.661
2064,6,25,33.617,38.767
2064,6,26,33.221,37.43
2064,6,27,36.773,37.396
2064,6,28,36.39,37.654
2064,6,29,37.451,38.769
2064,6,30,38.298,37.597
2064,7,1,39.026,36.393
2064,7,2,39.716,36.051
2064,7,3,40.239,35.521
2064,7,4,39.588,36.216
2064,7,5,40.431,36.185
2064,7,6,40.141,35.185
2064,7,7,38.162,36.997
2064,7,8,38.908,37.629
2064,7,9,38.38,42.53
2064,7,10,36.8,44.412
2064,7,11,36.424,44.893
2064,7,12,35.149,43.469
2064,7,13,34.733,43.519
2064,7,14,38.785,41.727
2064,7,15,40.406,40.868
2064,7,16,40.759,40.485
2064,7,17,41.026,37.958
2064,7,18,40.676,38.594
2064,7,19,42.872,38.555
2064,7,20,40.077,40.253
2064,7,21,36.045,42.128
2064,7,22,34.949,43.665
2064,7,23,37.594,43.266
2064,7,24,38.833,43.128
2064,7,25,39.39,44.31
2064,7,26,40.76,42.361
2064,7,27,39.701,41.58
2064,7,28,40.724,41.475
2064,7,29,41.804,41.734
2064,7,30,40.889,43.548
2064,7,31,38.397,43.962
2064,8,1,38.911,45.524
2064,8,2,37.781,44.665
2064,8,3,37.656,44.974
2064,8,4,40.091,43.75
2064,8,5,40.912,39.396
2064,8,6,42.563,34.549
2064,8,7,42.081,30.451
2064,8,8,43.403,32.679
2064,8,9,41.946,34.572
2064,8,10,41.507,37.866
2064,8,11,40.18,40.639
2064,8,12,38.873,40.4
2064,8,13,37.011,39.484
2064,8,14,36.556,41.575
2064,8,15,36.86,42.34
2064,8,16,36.436,44.112
2064,8,17,37.674,44.09
2064,8,18,35.486,41.553
2064,8,19,35.721,38.882
2064,8,20,36.876,38.89
2064,8,21,38.347,36.409
2064,8,22,40.4,37.242
2064,8,23,40.988,37.053
2064,8,24,41.839,37.784
2064,8,25,41.116,31.17
2064,8,26,38.551,26.218
2064,8,27,38.444,36.598
2064,8,28,37.634,37.085
2064,8,29,37.556,34.772
2064,8,30,38.393,33.004
2064,8,31,38.511,33.661
2064,9,1,38.531,38.334
2064,9,2,39.45,39.284
2064,9,3,39.224,42.613
2064,9,4,38.671,41.972
2064,9,5,34.309,39.609
2064,9,6,35.503,40.192
2064,9,7,36.914,39.245
2064,9,8,36.843,41.322
2064,9,9,38.829,40.139
2064,9,10,36.93,40.227
2064,9,11,34.812,36.287
2064,9,12,38.03,34.307
2064,9,13,38.702,34.935
2064,9,14,37.275,37.247
2064,9,15,38.391,35.642
2064,9,16,37.642,29.961
2064,9,17,36.714,27.397
2064,9,18,37.898,29.803
2064,9,19,38.303,30.817
2064,9,20,38.592,26.008
2064,9,21,36.652,24.601
2064,9,22,36.864,25.962
2064,9,23,32.994,31.655
2064,9,24,33.271,31.011
2064,9,25,31.89,24.469
2064,9,26,26.186,22.111
2064,9,27,27.445,22.383
2064,9,28,21.996,27.977
2064,9,29,26.821,31.329
2064,9,30,30.924,34.143
2064,10,1,27.153,29.278
2064,10,2,24.808,30.611
2064,10,3,27.253,30.48
2064,10,4,25.761,33.325
2064,10,5,25.58,34.792
2064,10,6,25.297,33.464
2064,10,7,26.871,30.544
2064,10,8,25.307,33.063
2064,10,9,22.934,31.91
2064,10,10,24.112,28.708
2064,10,11,26.107,32.271
2064,10,12,27.364,24.498
2064,10,13,29.545,26.217
2064,10,14,29.553,25.034
2064,10,15,29.369,31.875
2064,10,16,26.637,32.976
2064,10,17,20.867,34.304
2064,10,18,19.414,31.7
2064,10,19,18.788,30.008
2064,10,20,18.33,28.332
2064,10,21,20.078,27.969
2064,10,22,19.222,27.348
2064,10,23,18.655,27.448
2064,10,24,17.48,26.711
2064,10,25,16.105,25.597
2064,10,26,16.583,25.995
2064,10,27,19.211,22.887
2064,10,28,19.27,26.481
2064,10,29,22.093,27.824
2064,10,30,22.702,31.24
2064,10,31,20.907,28.78
2064,11,1,18.994,21.513
2064,11,2,20.43,18.161
2064,11,3,21.634,19.389
2064,11,4,24.999,21.32
2064,11,5,24.248,22.413
2064,11,6,23.478,17.854
2064,11,7,22.758,15.008
2064,11,8,21.274,17.391
2064,11,9,20.959,17.92
2064,11,10,16.94,17.842
2064,11,11,14.879,16.864
2064,11,12,17.435,17.856
2064,11,13,18.613,17.876
2064,11,14,14.443,19.408
2064,11,15,16.173,22.962
2064,11,16,19.223,25.79
2064,11,17,19.049,23.008
2064,11,18,22.929,20.054
2064,11,19,16.396,22.506
2064,11,20,16.054,20.16
2064,11,21,16.269,17.017
2064,11,22,19.618,17.543
2064,11,23,17.708,19.132
2064,11,24,18.24,21.769
2064,11,25,16.902,22.2
2064,11,26,16.068,21.594
2064,11,27,17.976,18.652
2064,11,28,17.806,18.09
2064,11,29,13.559,16.169
2064,11,30,17.529,16.243
2064,12,1,15.103,15.58
2064,12,2,11.086,16.723
2064,12,3,10.568,19.002
2064,12,4,7.243,21.229
2064,12,5,10.627,23.241
2064,12,6,11.759,26.412
2064,12,7,9.678,22.649
2064,12,8,9.446,22.504
2064,12,9,10.918,17.956
2064,12,10,12.367,17.005
2064,12,11,12.301,20.268
2064,12,12,10.496,17.584
2064,12,13,12.496,19.607
2064,12,14,9.15,18.1
2064,12,15,11.021,13.287
2064,12,16,11.445,12.435
2064,12,17,14.235,14.965
2064,12,18,16.937,14.803
2064,12,19,16.965,10.842
2064,12,20,19.253,15.465
2064,12,21,16.766,18.2
2064,12,22,13.2,18.809
2064,12,23,11.374,20.436
2064,12,24,13.456,20.469
2064,12,25,15.328,21.406
2064,12,26,16.187,21.287
2064,12,27,17.674,19.921
2064,12,28,15.82,18.177
2064,12,29,16.975,20.571
2064,12,30,17.725,19.837
2064,12,31,18.906,20.112
2065,1,1,15.566,16.833
2065,1,2,17.202,17.134
2065,1,3,17.757,17.178
2065,1,4,15.276,15.058
2065,1,5,14.756,14.121
2065,1,6,15.467,15.569
2065,1,7,15.752,14.206
2065,1,8,15.56,11.942
2065,1,9,13.445,12.343
2065,1,10,14.445,13.966
2065,1,11,14.447,17.013
2065,1,12,16.231,17.131
2065,1,13,14.58,16.865
2065,1,14,12.654,15.827
2065,1,15,12.131,14.584
2065,1,16,12.229,15.154
2065,1,17,11.846,15.658
2065,1,18,13.903,17.933
2065,1,19,15.532,16.908
2065,1,20,17.27,17.205
2065,1,21,18.528,13.616
2065,1,22,19.322,12.628
2065,1,23,19.614,14.133
2065,1,24,19.432,12.817
2065,1,25,20.493,11.395
2065,1,26,20.101,16.149
2065,1,27,18.471,15.218
2065,1,28,17.532,19.381
2065,1,29,15.074,17.959
2065,1,30,13.935,16.537
2065,1,31,12.572,17.252
2065,2,1,11.033,13.28
2065,2,2,11.731,13.025
2065,2,3,12.017,13.438
2065,2,4,8.04,14.207
2065,2,5,7.646,14.279
2065,2,6,10.333,14.091
2065,2,7,12.644,14.282
2065,2,8,15.202,16.636
2065,2,9,14.928,16.147
2065,2,10,14.507,19.506
2065,2,11,14.368,17.619
2065,2,12,14.065,14.973
2065,2,13,14.976,14.725
2065,2,14,9.377,13.836
2065,2,15,9.262,14.015
2065,2,16,11.649,14.026
2065,2,17,15.592,14.0
2065,2,18,16.791,14.517
2065,2,19,19.784,16.577
2065,2,20,19.835,17.46
2065,2,21,20.601,16.005
2065,2,22,17.854,13.693
2065,2,23,18.52,14.806
2065,2,24,13.119,15.672
2065,2,25,16.479,18.809
2065,2,26,17.805,20.671
2065,2,27,20.236,22.158
2065,2,28,22.695,14.542
2065,3,1,20.757,13.728
2065,3,2,19.756,13.851
2065,3,3,20.698,15.836
2065,3,4,23.853,16.874
2065,3,5,22.994,21.508
2065,3,6,19.899,19.623
2065,3,7,16.264,20.696
2065,3,8,12.639,20.616
2065,3,9,13.199,20.209
2065,3,10,14.27,21.22
2065,3,11,16.058,18.529
2065,3,12,17.165,15.058
2065,3,13,17.306,16.381
2065,3,14,16.51,20.263
2065,3,15,14.358,17.743
2065,3,16,14.293,15.905
2065,3,17,14.941,17.811
2065,3,18,17.787,20.42
2065,3,19,21.647,23.191
2065,3,20,25.462,21.782
2065,3,21,25.603,19.969
2065,3,22,26.739,17.037
2065,3,23,26.35,17.994
2065,3,24,22.541,17.38
2065,3,25,26.06,15.869
2065,3,26,29.943,18.804
2065,3,27,28.69,19.75
2065,3,28,28.035,19.812
2065,3,29,21.231,22.597
2065,3,30,21.3,23.875
2065,3,31,23.418,26.771
2065,4,1,24.211,29.6
2065,4,2,24.688,27.421
2065,4,3,25.538,22.27
2065,4,4,28.732,19.912
2065,4,5,26.859,24.78
2065,4,6,23.461,25.372
2065,4,7,23.634,23.123
2065,4,8,23.766,25.193
2065,4,9,28.632,25.566
2065,4,10,25.106,25.418
2065,4,11,15.388,24.087
2065,4,12,13.291,18.22
2065,4,13,17.836,16.881
2065,4,14,22.566,17.388
2065,4,15,22.667,15.42
2065,4,16,19.177,14.304
2065,4,17,20.896,18.685
2065,4,18,20.475,20.625
2065,4,19,16.83,21.742
2065,4,20,15.621,20.288
2065,4,21,20.431,17.11
2065,4,22,26.394,20.174
2065,4,23,30.366,21.535
2065,4,24,29.309,17.644
2065,4,25,28.394,16.855
2065,4,26,26.472,19.649
2065,4,27,22.377,17.894
2065,4,28,23.993,23.628
2065,4,29,27.494,23.657
2065,4,30,30.184,21.352
2065,5,1,32.569,21.675
2065,5,2,30.854,21.919
2065,5,3,22.319,22.215
2065,5,4,18.689,21.319
2065,5,5,17.969,15.618
2065,5,6,22.437,19.707
2065,5,7,19.938,28.522
2065,5,8,18.417,33.079
2065,5,9,19.68,36.914
2065,5,10,22.038,36.201
2065,5,11,21.416,32.321
2065,5,12,18.337,21.432
2065,5,13,22.811,21.405
2065,5,14,23.317,26.141
2065,5,15,25.79,28.001
2065,5,16,26.314,30.357
2065,5,17,27.624,31.821
2065,5,18,29.61,34.468
2065,5,19,31.621,35.509
2065,5,20,31.057,36.829
2065,5,21,30.681,36.528
2065,5,22,30.324,35.611
2065,5,23,29.972,35.095
2065,5,24,22.158,35.134
2065,5,25,21.327,38.968
2065,5,26,28.86,36.669
2065,5,27,35.52,36.588
2065,5,28,32.827,36.521
2065,5,29,28.583,34.42
2065,5,30,27.918,29.723
2065,5,31,35.103,27.712
2065,6,1,33.426,32.712
2065,6,2,29.087,34.739
2065,6,3,25.576,33.373
2065,6,4,29.027,29.363
2065,6,5,31.009,26.422
2065,6,6,30.635,27.911
2065,6,7,25.483,25.066
2065,6,8,23.976,21.181
2065,6,9,27.486,27.813
2065,6,10,32.706,32.976
2065,6,11,34.582,33.663
2065,6,12,37.044,32.725
2065,6,13,35.206,30.839
2065,6,14,31.561,38.105
2065,6,15,32.516,37.962
2065,6,16,37.399,38.533
2065,6,17,38.906,39.564
2065,6,18,38.988,37.438
2065,6,19,37.282,37.641
2065,6,20,35.598,36.396
2065,6,21,35.507,35.933
2065,6,22,34.579,35.125
2065,6,23,33.375,33.087
2065,6,24,34.83,35.547
2065,6,25,37.322,37.671
2065,6,26,35.38,36.289
2065,6,27,35.418,34.829
2065,6,28,35.118,33.906
2065,6,29,32.692,31.702
2065,6,30,34.011,31.864
2065,7,1,34.265,31.488
2065,7,2,32.325,32.65
2065,7,3,32.65,33.58
2065,7,4,32.562,33.133
2065,7,5,39.259,35.316
2065,7,6,41.338,36.88
2065,7,7,40.195,38.68
2065,7,8,38.401,40.672
2065,7,9,40.056,41.169
2065,7,10,38.529,39.466
2065,7,11,37.872,39.887
2065,7,12,38.946,40.642
2065,7,13,39.027,41.115
2065,7,14,38.293,41.281
2065,7,15,37.334,41.494
2065,7,16,39.677,41.931
2065,7,17,38.356,42.987
2065,7,18,37.48,42.508
2065,7,19,38.687,42.912
2065,7,20,39.425,41.304
2065,7,21,40.538,39.096
2065,7,22,40.172,40.409
2065,7,23,41.702,40.432
2065,7,24,42.807,41.071
2065,7,25,42.347,39.376
2065,7,26,42.408,40.311
2065,7,27,41.325,42.87
2065,7,28,41.328,43.83
2065,7,29,39.43,43.764
2065,7,30,42.301,43.985
2065,7,31,43.29,45.784
2065,8,1,44.101,43.76
2065,8,2,43.319,42.673
2065,8,3,42.991,39.659
2065,8,4,45.239,40.158
2065,8,5,45.066,42.749
2065,8,6,44.246,44.108
2065,8,7,36.524,43.206
2065,8,8,37.426,42.437
2065,8,9,42.148,41.944
2065,8,10,40.903,40.01
2065,8,11,40.337,39.037
2065,8,12,40.643,34.962
2065,8,13,38.753,30.627
2065,8,14,39.175,28.661
2065,8,15,37.626,30.931
2065,8,16,36.362,34.36
2065,8,17,38.859,38.376
2065,8,18,37.606,42.944
2065,8,19,36.987,43.435
2065,8,20,39.44,43.199
2065,8,21,38.247,44.624
2065,8,22,37.875,42.077
2065,8,23,41.039,42.926
2065,8,24,40.782,41.443
2065,8,25,36.868,36.517
2065,8,26,40.64,35.975
2065,8,27,43.593,35.498
2065,8,28,43.031,32.966
2065,8,29,42.203,33.005
2065,8,30,43.031,31.767
2065,8,31,43.105,28.818
2065,9,1,44.114,28.182
2065,9,2,44.927,28.25
2065,9,3,41.182,29.377
2065,9,4,35.936,32.97
2065,9,5,33.938,36.207
2065,9,6,32.84,36.91
2065,9,7,27.947,33.516
2065,9,8,30.378,32.944
2065,9,9,32.681,39.723
2065,9,10,32.727,42.447
2065,9,11,34.47,43.157
2065,9,12,31.227,42.923
2065,9,13,26.417,40.043
2065,9,14,28.808,37.519
2065,9,15,26.723,38.506
2065,9,16,31.432,37.341
2065,9,17,32.707,28.337
2065,9,18,29.876,24.099
2065,9,19,27.504,23.529
2065,9,20,25.558,31.078
2065,9,21,28.779,34.776
2065,9,22,27.789,33.981
2065,9,23,29.881,29.414
2065,9,24,31.514,27.495
2065,9,25,30.507,28.323
2065,9,26,25.769,27.297
2065,9,27,24.485,30.346
2065,9,28,26.466,30.951
2065,9,29,28.426,29.677
2065,9,30,29.073,29.116
2065,10,1,27.513,29.926
2065,10,2,23.361,29.844
2065,10,3,24.754,29.621
2065,10,4,28.993,30.91
2065,10,5,32.397,32.449
2065,10,6,33.969,33.549
2065,10,7,33.546,31.897
2065,10,8,23.258,28.485
2065,10,9,23.958,29.874
2065,10,10,23.927,33.623
2065,10,11,23.103,33.048
2065,10,12,25.532,31.321
2065,10,13,31.936,23.692
2065,10,14,34.009,26.28
2065,10,15,30.797,29.414
2065,10,16,24.738,30.389
2065,10,17,23.753,32.283
2065,10,18,24.689,33.53
2065,10,19,24.887,33.043
2065,10,20,22.662,32.081
2065,10,21,22.699,30.865
2065,10,22,24.469,25.881
2065,10,23,23.3,22.846
2065,10,24,28.537,19.471
2065,10,25,31.814,23.153
2065,10,26,29.826,24.311
2065,10,27,28.148,23.774
2065,10,28,28.628,23.036
2065,10,29,30.547,22.779
2065,10,30,30.77,26.286
2065,10,31,30.914,23.65
2065,11,1,31.325,21.852
2065,11,2,31.712,25.001
2065,11,3,29.754,23.883
2065,11,4,30.58,22.149
2065,11,5,27.172,20.416
2065,11,6,24.48,21.221
2065,11,7,24.253,18.802
2065,11,8,21.983,17.51
2065,11,9,26.328,17.975
2065,11,10,27.032,18.646
2065,11,11,23.998,18.24
2065,11,12,21.948,20.029
2065,11,13,17.514,19.197
2065,11,14,17.374,20.124
2065,11,15,19.641,20.518
2065,11,16,22.962,19.163
2065,11,17,23.263,20.429
2065,11,18,21.811,17.33
2065,11,19,19.487,15.793
2065,11,20,15.88,17.664
2065,11,21,16.954,18.249
2065,11,22,16.204,17.821
2065,11,23,13.783,20.322
2065,11,24,13.716,18.354
2065,11,25,14.395,16.965
2065,11,26,14.696,15.394
2065,11,27,14.772,15.422
2065,11,28,15.71,16.16
2065,11,29,13.245,19.376
2065,11,30,13.709,15.244
2065,12,1,12.047,16.557
2065,12,2,12.924,16.707
2065,12,3,12.986,16.025
2065,12,4,9.376,19.798
2065,12,5,10.022,21.846
2065,12,6,13.135,23.667
2065,12,7,16.354,21.982
2065,12,8,12.171,18.77
2065,12,9,15.466,16.905
2065,12,10,16.762,16.045
2065,12,11,12.997,15.372
2065,12,12,12.458,17.886
2065,12,13,11.937,17.905
2065,12,14,11.643,15.84
2065,12,15,13.13,15.83
2065,12,16,13.875,16.001
2065,12,17,13.307,17.005
2065,12,18,12.649,19.941
2065,12,19,12.693,17.777
2065,12,20,12.764,17.551
2065,12,21,14.244,18.261
2065,12,22,13.401,19.567
2065,12,23,12.346,16.879
2065,12,24,12.156,15.157
2065,12,25,9.171,16.76
2065,12,26,12.038,15.191
2065,12,27,14.464,16.989
2065,12,28,15.783,15.548
2065,12,29,18.371,14.701
2065,12,30,19.536,17.287
2065,12,31,20.931,15.293
2066,1,1,17.895,16.43
2066,1,2,20.038,16.369
2066,1,3,15.761,15.703
2066,1,4,14.957,13.736
2066,1,5,15.378,13.16
2066,1,6,14.828,12.661
2066,1,7,16.399,15.134
2066,1,8,18.972,14.301
2066,1,9,16.666,12.629
2066,1,10,15.221,13.523
2066,1,11,15.574,15.607
2066,1,12,15.085,15.218
2066,1,13,14.237,15.149
2066,1,14,16.205,14.055
2066,1,15,15.286,14.545
2066,1,16,16.184,14.262
2066,1,17,12.881,13.131
2066,1,18,12.491,11.934
2066,1,19,10.192,12.83
2066,1,20,10.312,12.141
2066,1,21,11.989,15.984
2066,1,22,12.127,13.303
2066,1,23,13.239,15.108
2066,1,24,13.323,15.813
2066,1,25,12.648,12.844
2066,1,26,14.541,15.598
2066,1,27,16.971,20.433
2066,1,28,12.209,19.51
2066,1,29,11.206,16.483
2066,1,30,11.748,18.037
2066,1,31,14.192,19.834
2066,2,1,14.728,16.158
2066,2,2,15.231,15.352
2066,2,3,15.453,14.641
2066,2,4,15.785,14.365
2066,2,5,15.541,14.847
2066,2,6,15.549,15.826
2066,2,7,16.022,17.223
2066,2,8,14.661,16.988
2066,2,9,13.318,18.04
2066,2,10,13.583,17.217
2066,2,11,13.359,18.99
2066,2,12,10.743,18.236
2066,2,13,11.856,14.013
2066,2,14,12.438,16.808
2066,2,15,16.336,16.612
2066,2,16,15.867,15.628
2066,2,17,19.91,16.914
2066,2,18,20.651,18.701
2066,2,19,21.34,18.725
2066,2,20,20.682,20.017
2066,2,21,20.928,21.95
2066,2,22,20.875,16.214
2066,2,23,19.788,17.673
2066,2,24,20.51,14.166
2066,2,25,17.094,11.707
2066,2,26,17.902,16.377
2066,2,27,15.924,16.756
2066,2,28,16.606,17.922
2066,3,1,20.156,17.654
2066,3,2,22.752,17.121
2066,3,3,21.965,17.734
2066,3,4,17.537,19.235
2066,3,5,13.954,17.924
2066,3,6,15.857,17.496
2066,3,7,15.647,20.208
2066,3,8,15.48,19.889
2066,3,9,13.947,17.729
2066,3,10,14.464,17.087
2066,3,11,13.249,17.335
2066,3,12,11.133,14.601
2066,3,13,11.474,10.971
2066,3,14,13.165,15.104
2066,3,15,14.101,14.737
2066,3,16,17.717,12.695
2066,3,17,21.862,15.431
2066,3,18,23.06,18.27
2066,3,19,26.984,18.911
2066,3,20,26.66,12.75
2066,3,21,28.318,17.569
2066,3,22,25.581,15.278
2066,3,23,23.108,15.962
2066,3,24,20.706,18.987
2066,3,25,19.684,18.06
2066,3,26,22.647,19.188
2066,3,27,23.281,23.309
2066,3,28,25.4,25.236
2066,3,29,27.226,24.385
2066,3,30,24.309,25.23
2066,3,31,19.867,25.86
2066,4,1,18.303,23.833
2066,4,2,14.743,23.449
2066,4,3,14.679,21.726
2066,4,4,14.314,17.153
2066,4,5,17.44,14.471
2066,4,6,16.013,13.814
2066,4,7,13.175,19.326
2066,4,8,11.01,20.254
2066,4,9,16.428,19.771
2066,4,10,18.011,18.686
2066,4,11,21.873,17.398
2066,4,12,25.428,19.422
2066,4,13,26.601,22.056
2066,4,14,24.111,20.403
2066,4,15,21.74,23.797
2066,4,16,10.87,21.698
2066,4,17,13.679,24.342
2066,4,18,14.14,18.032
2066,4,19,20.307,15.786
2066,4,20,23.645,19.399
2066,4,21,25.948,19.654
2066,4,22,27.664,19.941
2066,4,23,26.087,22.796
2066,4,24,27.033,29.396
2066,4,25,27.688,33.305
2066,4,26,27.684,34.581
2066,4,27,25.799,30.639
2066,4,28,28.88,27.164
2066,4,29,31.758,25.528
2066,4,30,34.66,30.294
2066,5,1,35.077,31.474
2066,5,2,32.669,30.294
2066,5,3,24.49,29.067
2066,5,4,29.194,26.436
2066,5,5,34.058,28.708
2066,5,6,35.461,27.634
2066,5,7,34.872,27.085
2066,5,8,31.04,28.431
2066,5,9,26.854,29.83
2066,5,10,29.269,30.494
2066,5,11,34.064,29.832
2066,5,12,31.674,26.091
2066,5,13,28.644,23.395
2066,5,14,21.122,17.6
2066,5,15,21.03,20.434
2066,5,16,24.493,23.748
2066,5,17,29.336,26.695
2066,5,18,27.309,29.03
2066,5,19,26.48,28.737
2066,5,20,25.456,32.064
2066,5,21,21.998,32.389
2066,5,22,22.46,33.871
2066,5,23,27.79,32.963
2066,5,24,30.04,27.707
2066,5,25,28.189,29.513
2066,5,26,26.787,28.296
2066,5,27,24.424,26.606
2066,5,28,28.835,32.729
2066,5,29,35.017,33.433
2066,5,30,32.93,35.228
2066,5,31,34.066,37.476
2066,6,1,34.142,35.351
2066,6,2,36.354,36.841
2066,6,3,34.483,35.698
2066,6,4,33.339,35.495
2066,6,5,27.528,30.951
2066,6,6,23.856,30.493
2066,6,7,22.781,29.662
2066,6,8,25.157,29.008
2066,6,9,28.26,29.927
2066,6,10,34.273,30.274
2066,6,11,36.254,33.88
2066,6,12,38.165,35.068
2066,6,13,38.685,38.625
2066,6,14,39.418,38.856
2066,6,15,40.952,38.226
2066,6,16,42.342,36.63
2066,6,17,42.54,31.581
2066,6,18,41.24,36.15
2066,6,19,41.48,36.724
2066,6,20,40.315,35.303
2066,6,21,41.331,35.113
2066,6,22,39.506,35.649
2066,6,23,38.18,35.209
2066,6,24,36.827,35.123
2066,6,25,35.338,33.47
2066,6,26,35.273,36.11
2066,6,27,35.443,36.44
2066,6,28,37.319,40.312
2066,6,29,37.445,41.768
2066,6,30,39.036,41.725
2066,7,1,40.855,37.891
2066,7,2,42.333,36.036
2066,7,3,41.778,39.685
2066,7,4,41.496,39.79
2066,7,5,39.326,42.05
2066,7,6,38.599,43.388
2066,7,7,39.823,44.024
2066,7,8,39.139,42.484
2066,7,9,39.163,43.953
2066,7,10,38.902,44.669
2066,7,11,33.772,43.832
2066,7,12,32.022,41.048
2066,7,13,34.034,41.187
2066,7,14,33.687,36.879
2066,7,15,31.946,36.167
2066,7,16,31.177,35.79
2066,7,17,31.334,34.993
2066,7,18,31.587,35.444
2066,7,19,32.514,35.823
2066,7,20,33.071,37.772
2066,7,21,29.816,41.528
2066,7,22,26.347,43.334
2066,7,23,26.337,43.357
2066,7,24,29.925,40.798
2066,7,25,27.994,40.071
2066,7,26,31.473,40.129
2066,7,27,35.368,37.33
2066,7,28,34.515,36.665
2066,7,29,34.31,35.898
2066,7,30,30.56,35.943
2066,7,31,34.809,34.962
2066,8,1,32.577,36.818
2066,8,2,34.554,37.07
2066,8,3,36.717,37.66
2066,8,4,37.947,39.689
2066,8,5,36.275,41.132
2066,8,6,34.158,42.14
2066,8,7,34.707,43.365
2066,8,8,35.132,42.921
2066,8,9,34.946,42.669
2066,8,10,35.808,42.843
2066,8,11,37.741,42.419
2066,8,12,38.628,40.275
2066,8,13,42.019,37.557
2066,8,14,42.199,38.978
2066,8,15,42.627,37.953
2066,8,16,41.923,38.639
2066,8,17,41.127,38.528
2066,8,18,43.465,39.401
2066,8,19,39.499,36.419
2066,8,20,38.888,38.658
2066,8,21,38.643,37.901
2066,8,22,40.115,38.091
2066,8,23,40.729,37.906
2066,8,24,39.193,37.204
2066,8,25,39.918,37.06
2066,8,26,39.612,38.637
2066,8,27,36.947,42.226
2066,8,28,29.449,43.057
2066,8,29,34.827,40.453
2066,8,30,35.972,38.442
2066,8,31,35.309,38.493
2066,9,1,36.199,39.893
2066,9,2,38.183,36.95
2066,9,3,41.992,36.488
2066,9,4,41.564,33.477
2066,9,5,40.773,31.87
2066,9,6,39.94,34.253
2066,9,7,36.135,38.17
2066,9,8,33.566,37.453
2066,9,9,32.812,35.805
2066,9,10,31.101,34.364
2066,9,11,31.17,34.937
2066,9,12,29.564,36.345
2066,9,13,30.956,35.786
2066,9,14,32.41,33.323
2066,9,15,33.333,33.233
2066,9,16,35.184,29.941
2066,9,17,36.105,26.849
2066,9,18,33.263,26.797
2066,9,19,27.814,34.341
2066,9,20,27.944,37.192
2066,9,21,27.957,40.158
2066,9,22,27.119,39.735
2066,9,23,28.993,37.688
2066,9,24,31.307,36.003
2066,9,25,29.088,36.905
2066,9,26,26.417,38.374
2066,9,27,28.874,37.167
2066,9,28,28.728,36.954
2066,9,29,25.024,35.251
2066,9,30,27.344,33.796
2066,10,1,29.358,35.254
2066,10,2,27.467,35.147
2066,10,3,25.526,35.42
2066,10,4,22.717,33.887
2066,10,5,23.774,29.671
2066,10,6,24.721,25.525
2066,10,7,26.276,25.692
2066,10,8,26.166,21.768
2066,10,9,25.694,27.736
2066,10,10,27.436,23.939
2066,10,11,28.04,25.946
2066,10,12,27.276,27.77
2066,10,13,25.784,26.246
2066,10,14,22.555,23.959
2066,10,15,16.936,23.81
2066,10,16,17.281,25.88
2066,10,17,20.582,26.021
2066,10,18,22.027,24.657
2066,10,19,23.15,23.905
2066,10,20,22.493,24.631
2066,10,21,20.183,24.397
2066,10,22,22.49,23.574
2066,10,23,21.55,19.731
2066,10,24,21.215,19.714
2066,10,25,21.067,22.117
2066,10,26,14.45,22.936
2066,10,27,15.14,24.276
2066,10,28,17.039,21.876
2066,10,29,20.356,23.105
2066,10,30,21.281,22.995
2066,10,31,20.937,17.795
2066,11,1,22.378,17.254
2066,11,2,21.831,17.643
2066,11,3,21.517,19.207
2066,11,4,19.632,19.658
2066,11,5,15.312,20.592
2066,11,6,16.18,21.926
2066,11,7,17.037,17.867
2066,11,8,18.903,18.55
2066,11,9,18.528,17.492
2066,11,10,17.521,18.165
2066,11,11,16.084,18.813
2066,11,12,15.874,20.6
2066,11,13,13.073,20.422
2066,11,14,17.846,20.798
2066,11,15,19.835,21.046
2066,11,16,20.742,18.888
2066,11,17,21.555,20.278
2066,11,18,20.247,18.856
2066,11,19,18.512,17.469
2066,11,20,17.855,20.72
2066,11,21,16.176,19.692
2066,11,22,16.028,19.261
2066,11,23,16.032,17.649
2066,11,24,19.718,16.843
2066,11,25,19.833,17.75
2066,11,26,15.701,14.407
2066,11,27,17.162,18.17
2066,11,28,14.584,18.856
2066,11,29,15.851,18.785
2066,11,30,16.448,18.017
2066,12,1,18.722,20.08
2066,12,2,17.724,22.56
2066,12,3,17.446,21.046
2066,12,4,13.918,20.533
2066,12,5,12.991,23.357
2066,12,6,12.444,17.892
2066,12,7,15.41,18.512
2066,12,8,13.382,18.401
2066,12,9,13.714,17.604
2066,12,10,13.486,17.251
2066,12,11,14.048,18.464
2066,12,12,15.113,17.15
2066,12,13,17.637,16.461
2066,12,14,15.599,17.109
2066,12,15,14.461,16.312
2066,12,16,14.348,15.007
2066,12,17,17.735,17.408
2066,12,18,17.497,15.923
2066,12,19,21.222,15.563
2066,12,20,19.584,15.246
2066,12,21,13.813,14.13
2066,12,22,17.587,12.223
2066,12,23,21.122,13.258
2066,12,24,19.568,13.019
2066,12,25,16.705,9.578
2066,12,26,14.847,10.426
2066,12,27,18.155,11.855
2066,12,28,17.691,15.961
2066,12,29,15.06,16.127
2066,12,30,13.35,14.535
2066,12,31,13.155,10.487
2067,1,1,16.964,11.042
2067,1,2,17.216,13.407
2067,1,3,17.715,13.463
2067,1,4,16.923,12.579
2067,1,5,15.665,13.478
2067,1,6,16.134,13.566
2067,1,7,13.096,15.207
2067,1,8,14.758,15.404
2067,1,9,12.12,13.54
2067,1,10,13.99,12.513
2067,1,11,10.81,13.291
2067,1,12,10.413,15.024
2067,1,13,12.414,15.51
2067,1,14,9.478,14.856
2067,1,15,11.514,15.292
2067,1,16,12.275,15.16
2067,1,17,12.504,13.037
2067,1,18,14.45,14.105
2067,1,19,16.336,12.309
2067,1,20,14.477,11.903
2067,1,21,13.3,11.389
2067,1,22,17.072,13.066
2067,1,23,16.283,9.347
2067,1,24,15.204,12.06
2067,1,25,13.412,12.107
2067,1,26,11.958,15.273
2067,1,27,13.98,14.833
2067,1,28,14.54,13.098
2067,1,29,17.208,13.674
2067,1,30,15.805,15.492
2067,1,31,14.319,14.829
2067,2,1,14.092,16.012
2067,2,2,13.799,18.567
2067,2,3,14.229,18.663
2067,2,4,14.809,16.294
2067,2,5,13.885,18.621
2067,2,6,11.527,20.193
2067,2,7,16.065,22.065
2067,2,8,15.904,24.074
2067,2,9,16.791,24.707
2067,2,10,19.653,25.686
2067,2,11,18.259,27.788
2067,2,12,22.737,24.406
2067,2,13,24.789,27.026
2067,2,14,22.902,24.826
2067,2,15,22.297,23.02
2067,2,16,23.832,19.961
2067,2,17,24.212,17.422
2067,2,18,24.244,17.179
2067,2,19,23.213,16.546
2067,2,20,16.775,17.444
2067,2,21,18.125,16.846
2067,2,22,15.495,17.126
2067,2,23,14.716,19.131
2067,2,24,15.537,18.956
2067,2,25,13.212,16.479
2067,2,26,13.007,16.959
2067,2,27,15.301,18.242
2067,2,28,12.965,17.788
2067,3,1,14.867,17.004
2067,3,2,12.652,13.566
2067,3,3,13.627,17.536
2067,3,4,12.334,16.927
2067,3,5,12.019,20.384
2067,3,6,14.091,23.391
2067,3,7,12.86,24.783
2067,3,8,14.922,20.705
2067,3,9,14.255,24.636
2067,3,10,17.71,21.911
2067,3,11,20.772,21.708
2067,3,12,23.987,21.234
2067,3,13,23.658,25.514
2067,3,14,22.458,22.627
2067,3,15,22.63,19.915
2067,3,16,23.217,20.348
2067,3,17,21.609,21.859
2067,3,18,17.974,24.148
2067,3,19,17.267,21.867
2067,3,20,16.706,23.121
2067,3,21,15.427,22.508
2067,3,22,19.391,20.828
2067,3,23,21.857,21.281
2067,3,24,23.209,19.493
2067,3,25,24.038,15.812
2067,3,26,24.818,19.287
2067,3,27,25.721,18.928
2067,3,28,22.981,18.396
2067,3,29,21.147,18.561
2067,3,30,18.071,16.826
2067,3,31,19.837,22.296
2067,4,1,23.837,27.658
2067,4,2,22.385,28.733
2067,4,3,22.282,23.792
2067,4,4,21.428,11.608
2067,4,5,20.5,12.355
2067,4,6,19.048,14.802
2067,4,7,17.896,19.208
2067,4,8,18.145,22.352
2067,4,9,15.388,26.503
2067,4,10,16.715,28.201
2067,4,11,19.244,28.487
2067,4,12,22.049,24.626
2067,4,13,24.511,20.367
2067,4,14,25.759,25.951
2067,4,15,27.81,25.151
2067,4,16,26.431,26.866
2067,4,17,25.049,24.968
2067,4,18,25.531,18.361
2067,4,19,24.847,14.14
2067,4,20,25.405,20.807
2067,4,21,26.373,22.355
2067,4,22,21.816,25.563
2067,4,23,23.112,25.935
2067,4,24,26.221,29.305
2067,4,25,23.826,22.948
2067,4,26,27.073,21.49
2067,4,27,29.503,18.674
2067,4,28,30.051,15.232
2067,4,29,29.531,21.893
2067,4,30,22.209,25.881
2067,5,1,22.928,27.149
2067,5,2,22.854,31.2
2067,5,3,22.83,28.899
2067,5,4,25.269,28.69
2067,5,5,22.208,22.855
2067,5,6,22.517,22.873
2067,5,7,22.762,24.097
2067,5,8,24.862,23.227
2067,5,9,27.766,22.342
2067,5,10,30.035,27.11
2067,5,11,29.209,30.389
2067,5,12,31.377,30.567
2067,5,13,31.057,30.03
2067,5,14,31.902,25.31
2067,5,15,30.948,21.25
2067,5,16,30.828,19.568
2067,5,17,31.305,19.13
2067,5,18,31.927,24.726
2067,5,19,34.633,28.026
2067,5,20,33.063,29.448
2067,5,21,32.08,29.422
2067,5,22,33.471,29.825
2067,5,23,31.673,34.04
2067,5,24,28.128,35.853
2067,5,25,22.579,37.409
2067,5,26,20.241,40.282
2067,5,27,20.405,39.118
2067,5,28,25.94,38.387
2067,5,29,28.448,38.558
2067,5,30,29.375,38.55
2067,5,31,28.653,38.466
2067,6,1,28.261,36.651
2067,6,2,32.815,36.601
2067,6,3,35.834,34.717
2067,6,4,38.048,35.333
2067,6,5,40.27,35.388
2067,6,6,42.308,36.149
2067,6,7,40.878,36.795
2067,6,8,41.907,36.612
2067,6,9,40.343,37.23
2067,6,10,38.85,37.814
2067,6,11,37.34,37.727
2067,6,12,37.087,38.393
2067,6,13,36.265,37.182
2067,6,14,35.611,31.137
2067,6,15,36.603,29.168
2067,6,16,36.163,31.985
2067,6,17,33.125,37.846
2067,6,18,31.905,40.4
2067,6,19,29.765,40.777
2067,6,20,33.371,41.549
2067,6,21,36.088,41.525
2067,6,22,37.234,41.297
2067,6,23,39.729,39.775
2067,6,24,39.729,40.73
2067,6,25,40.106,39.744
2067,6,26,40.303,38.91
2067,6,27,41.21,39.749
2067,6,28,41.253,37.602
2067,6,29,39.217,37.788
2067,6,30,36.687,36.262
2067,7,1,36.226,32.325
2067,7,2,37.419,32.063
2067,7,3,40.544,34.186
2067,7,4,41.922,35.109
2067,7,5,41.306,39.405
2067,7,6,40.81,41.577
2067,7,7,39.724,40.754
2067,7,8,37.337,40.872
2067,7,9,37.6,38.833
2067,7,10,38.549,42.359
2067,7,11,38.205,43.683
2067,7,12,41.392,45.837
2067,7,13,41.549,47.065
2067,7,14,42.173,44.011
2067,7,15,43.72,40.995
2067,7,16,46.172,40.684
2067,7,17,43.902,39.598
2067,7,18,42.965,40.597
2067,7,19,41.559,42.895
2067,7,20,40.787,43.599
2067,7,21,39.947,42.595
2067,7,22,41.652,42.161
2067,7,23,41.315,42.492
2067,7,24,40.771,41.63
2067,7,25,38.853,42.275
2067,7,26,37.371,43.289
2067,7,27,36.023,46.64
2067,7,28,36.774,48.571
2067,7,29,39.603,46.337
2067,7,30,39.76,40.883
2067,7,31,40.306,37.811
2067,8,1,37.665,39.105
2067,8,2,34.637,42.551
2067,8,3,36.843,42.784
2067,8,4,40.171,43.76
2067,8,5,42.912,41.99
2067,8,6,42.35,42.986
2067,8,7,41.658,39.552
2067,8,8,40.574,35.648
2067,8,9,36.362,33.79
2067,8,10,35.055,37.169
2067,8,11,34.352,39.598
2067,8,12,35.716,38.905
2067,8,13,36.995,36.749
2067,8,14,37.733,36.215
2067,8,15,40.099,37.513
2067,8,16,42.211,37.637
2067,8,17,44.429,38.521
2067,8,18,44.266,39.234
2067,8,19,42.398,40.566
2067,8,20,35.518,39.65
2067,8,21,35.917,40.182
2067,8,22,37.784,35.677
2067,8,23,37.625,38.65
2067,8,24,37.804,38.365
2067,8,25,38.95,33.469
2067,8,26,39.234,31.817
2067,8,27,39.128,25.658
2067,8,28,36.05,26.46
2067,8,29,37.638,24.499
2067,8,30,32.151,26.578
2067,8,31,32.102,29.188
2067,9,1,36.403,30.007
2067,9,2,33.997,27.819
2067,9,3,31.363,33.716
2067,9,4,25.865,38.045
2067,9,5,25.997,36.688
2067,9,6,28.389,39.257
2067,9,7,30.655,39.909
2067,9,8,35.799,40.938
2067,9,9,39.063,41.571
2067,9,10,34.183,37.898
2067,9,11,28.586,38.396
2067,9,12,28.235,35.689
2067,9,13,35.378,31.821
2067,9,14,35.409,30.924
2067,9,15,36.798,33.282
2067,9,16,36.59,34.715
2067,9,17,37.859,36.43
2067,9,18,37.24,35.724
2067,9,19,35.52,30.121
2067,9,20,29.361,30.529
2067,9,21,23.051,25.924
2067,9,22,22.09,23.431
2067,9,23,19.769,22.346
2067,9,24,18.108,22.865
2067,9,25,23.058,25.958
2067,9,26,26.667,31.067
2067,9,27,27.281,32.961
2067,9,28,26.238,33.288
2067,9,29,25.828,33.52
2067,9,30,28.486,35.577
2067,10,1,31.747,34.269
2067,10,2,32.544,31.076
2067,10,3,34.672,25.592
2067,10,4,35.206,24.733
2067,10,5,35.124,34.402
2067,10,6,37.659,35.522
2067,10,7,38.672,39.046
2067,10,8,37.834,38.243
2067,10,9,36.789,36.937
2067,10,10,33.993,35.554
2067,10,11,33.169,30.882
2067,10,12,33.021,27.425
2067,10,13,31.465,25.109
2067,10,14,30.78,29.878
2067,10,15,32.029,34.749
2067,10,16,31.057,37.413
2067,10,17,24.935,38.659
2067,10,18,20.823,35.151
2067,10,19,22.499,32.916
2067,10,20,21.009,28.225
2067,10,21,16.872,28.517
2067,10,22,19.077,33.213
2067,10,23,20.469,34.815
2067,10,24,22.798,34.482
2067,10,25,24.301,33.477
2067,10,26,27.349,28.707
2067,10,27,26.097,24.952
2067,10,28,26.237,24.084
2067,10,29,25.893,21.085
2067,10,30,28.167,20.971
2067,10,31,28.729,19.414
2067,11,1,29.316,20.589
2067,11,2,29.074,24.473
2067,11,3,26.875,21.706
2067,11,4,27.612,19.976
2067,11,5,24.799,17.194
2067,11,6,25.66,20.187
2067,11,7,21.32,22.504
2067,11,8,19.384,20.275
2067,11,9,15.597,20.715
2067,11,10,14.176,21.869
2067,11,11,17.947,21.366
2067,11,12,19.007,23.699
2067,11,13,18.185,27.57
2067,11,14,20.056,26.126
2067,11,15,22.144,24.555
2067,11,16,22.094,24.721
2067,11,17,20.394,25.411
2067,11,18,21.05,25.591
2067,11,19,18.305,28.264
2067,11,20,14.336,25.039
2067,11,21,15.847,23.76
2067,11,22,19.333,19.991
2067,11,23,18.709,17.476
2067,11,24,18.094,20.5
2067,11,25,19.637,21.997
2067,11,26,15.19,20.704
2067,11,27,14.433,21.058
2067,11,28,14.694,20.979
2067,11,29,15.672,18.37
2067,11,30,14.431,16.48
2067,12,1,14.057,20.49
2067,12,2,15.127,20.177
2067,12,3,12.239,21.766
2067,12,4,12.579,20.695
2067,12,5,9.836,19.958
2067,12,6,8.241,17.71
2067,12,7,9.357,18.623
2067,12,8,13.163,18.063
2067,12,9,12.008,20.605
2067,12,10,13.679,22.299
2067,12,11,12.977,20.988
2067,12,12,14.079,18.534
2067,12,13,14.987,20.205
2067,12,14,16.112,19.606
2067,12,15,16.361,20.05
2067,12,16,13.129,19.171
2067,12,17,10.999,18.629
2067,12,18,13.268,18.033
2067,12,19,14.915,18.633
2067,12,20,16.363,18.557
2067,12,21,16.488,18.283
2067,12,22,17.44,17.011
2067,12,23,17.76,14.767
2067,12,24,16.969,17.974
2067,12,25,14.123,16.137
2067,12,26,13.826,17.02
2067,12,27,13.394,17.826
2067,12,28,12.799,16.232
2067,12,29,13.676,12.933
2067,12,30,14.18,13.268
2067,12,31,14.811,14.542
2068,1,1,13.783,13.008
2068,1,2,13.1,13.078
2068,1,3,12.569,15.135
2068,1,4,13.309,13.878
2068,1,5,14.568,13.412
2068,1,6,13.397,14.314
2068,1,7,14.488,13.983
2068,1,8,15.253,17.475
2068,1,9,17.731,16.387
2068,1,10,18.845,15.845
2068,1,11,20.239,16.486
2068,1,12,20.976,15.538
2068,1,13,20.183,17.765
2068,1,14,18.801,15.263
2068,1,15,18.134,13.509
2068,1,16,20.04,14.656
2068,1,17,16.142,13.54
2068,1,18,11.846,13.526
2068,1,19,11.719,14.896
2068,1,20,11.229,13.528
2068,1,21,11.095,13.341
2068,1,22,13.598,13.8
2068,1,23,9.472,12.808
2068,1,24,8.839,11.002
2068,1,25,7.721,12.207
2068,1,26,8.894,12.172
2068,1,27,8.698,15.022
2068,1,28,9.912,13.187
2068,1,29,11.914,12.755
2068,1,30,11.577,13.093
2068,1,31,14.984,14.041
2068,2,1,18.973,15.814
2068,2,2,18.302,14.756
2068,2,3,17.654,15.742
2068,2,4,19.389,17.685
2068,2,5,17.054,16.091
2068,2,6,16.989,15.378
2068,2,7,15.688,16.731
2068,2,8,17.414,16.2
2068,2,9,18.742,18.115
2068,2,10,16.325,20.819
2068,2,11,15.91,19.95
2068,2,12,13.14,18.302
2068,2,13,13.704,18.041
2068,2,14,13.229,16.465
2068,2,15,13.242,17.177
2068,2,16,16.307,13.288
2068,2,17,15.471,12.466
2068,2,18,12.32,16.048
2068,2,19,14.293,16.442
2068,2,20,11.179,16.709
2068,2,21,10.719,16.324
2068,2,22,11.021,16.206
2068,2,23,13.601,16.809
2068,2,24,13.815,15.029
2068,2,25,15.2,15.934
2068,2,26,17.471,13.754
2068,2,27,15.662,14.031
2068,2,28,13.734,10.397
2068,2,29,13.562,14.681
2068,3,1,15.34,14.642
2068,3,2,16.586,14.447
2068,3,3,15.135,15.389
2068,3,4,19.07,14.984
2068,3,5,18.488,17.596
2068,3,6,15.432,17.992
2068,3,7,13.833,19.152
2068,3,8,13.685,17.62
2068,3,9,16.389,20.22
2068,3,10,21.004,23.293
2068,3,11,17.51,22.145
2068,3,12,13.192,23.122
2068,3,13,12.616,24.392
2068,3,14,16.927,25.274
2068,3,15,15.815,24.758
2068,3,16,14.419,22.425
2068,3,17,17.908,19.934
2068,3,18,16.799,19.527
2068,3,19,16.736,15.747
2068,3,20,16.627,19.578
2068,3,21,17.94,17.103
2068,3,22,18.594,13.29
2068,3,23,18.789,13.854
2068,3,24,20.186,17.929
2068,3,25,16.755,19.301
2068,3,26,12.645,16.932
2068,3,27,16.65,19.751
2068,3,28,17.075,23.88
2068,3,29,17.755,23.802
2068,3,30,19.832,22.652
2068,3,31,22.149,21.126
2068,4,1,24.657,18.002
2068,4,2,24.804,14.623
2068,4,3,19.492,14.07
2068,4,4,16.025,15.888
2068,4,5,14.826,15.669
2068,4,6,21.022,14.845
2068,4,7,25.246,14.946
2068,4,8,27.133,16.85
2068,4,9,27.405,16.887
2068,4,10,25.687,17.782
2068,4,11,23.315,21.81
2068,4,12,13.988,24.581
2068,4,13,11.219,27.313
2068,4,14,13.781,31.277
2068,4,15,14.447,30.625
2068,4,16,13.702,25.056
2068,4,17,21.295,26.91
2068,4,18,20.858,28.618
2068,4,19,20.186,29.461
2068,4,20,19.587,31.72
2068,4,21,16.876,28.357
2068,4,22,22.526,23.378
2068,4,23,23.215,22.513
2068,4,24,24.56,23.875
2068,4,25,26.929,24.569
2068,4,26,27.283,22.201
2068,4,27,26.71,19.849
2068,4,28,25.23,21.744
2068,4,29,25.205,24.511
2068,4,30,25.277,20.094
2068,5,1,24.005,13.925
2068,5,2,20.873,14.579
2068,5,3,14.64,21.735
2068,5,4,18.987,25.903
2068,5,5,21.655,27.999
2068,5,6,24.58,31.744
2068,5,7,26.245,35.119
2068,5,8,22.271,35.649
2068,5,9,14.457,35.206
2068,5,10,15.633,35.302
2068,5,11,22.154,34.609
2068,5,12,26.819,35.841
2068,5,13,31.834,38.734
2068,5,14,31.922,36.829
2068,5,15,34.556,36.985
2068,5,16,31.906,36.391
2068,5,17,35.032,33.41
2068,5,18,34.397,31.734
2068,5,19,35.252,32.585
2068,5,20,30.79,32.899
2068,5,21,35.287,31.584
2068,5,22,35.83,31.761
2068,5,23,35.947,30.814
2068,5,24,34.479,28.469
2068,5,25,32.909,22.889
2068,5,26,34.066,22.062
2068,5,27,32.09,29.171
2068,5,28,27.471,32.659
2068,5,29,33.705,35.117
2068,5,30,33.388,35.815
2068,5,31,33.795,34.22
2068,6,1,30.699,35.019
2068,6,2,34.45,33.413
2068,6,3,35.179,34.576
2068,6,4,29.829,35.453
2068,6,5,20.321,35.875
2068,6,6,18.446,37.26
2068,6,7,21.645,40.18
2068,6,8,22.904,40.845
2068,6,9,25.16,38.771
2068,6,10,28.238,38.018
2068,6,11,28.875,38.023
2068,6,12,33.371,38.291
2068,6,13,38.752,38.158
2068,6,14,41.542,40.048
2068,6,15,41.636,40.41
2068,6,16,40.924,41.861
2068,6,17,35.946,41.934
2068,6,18,36.707,40.267
2068,6,19,39.101,37.437
2068,6,20,40.904,35.174
2068,6,21,41.03,34.847
2068,6,22,41.662,34.469
2068,6,23,40.965,35.821
2068,6,24,40.551,35.61
2068,6,25,40.762,34.257
2068,6,26,39.79,35.553
2068,6,27,35.543,34.303
2068,6,28,34.198,34.754
2068,6,29,29.878,35.295
2068,6,30,29.247,34.869
2068,7,1,30.051,33.769
2068,7,2,32.907,34.387
2068,7,3,35.366,39.142
2068,7,4,39.751,40.864
2068,7,5,39.689,43.663
2068,7,6,39.027,43.491
2068,7,7,35.453,42.912
2068,7,8,36.82,39.478
2068,7,9,37.057,42.83
2068,7,10,35.622,42.945
2068,7,11,30.354,43.596
2068,7,12,27.852,43.143
2068,7,13,36.999,42.772
2068,7,14,36.073,41.46
2068,7,15,34.212,43.468
2068,7,16,33.653,42.545
2068,7,17,33.666,42.622
2068,7,18,38.03,41.521
2068,7,19,38.844,39.114
2068,7,20,40.686,37.749
2068,7,21,40.426,38.798
2068,7,22,39.001,39.132
2068,7,23,38.022,40.289
2068,7,24,37.648,39.719
2068,7,25,40.252,36.593
2068,7,26,39.839,35.272
2068,7,27,41.265,38.468
2068,7,28,41.495,41.823
2068,7,29,41.472,42.055
2068,7,30,39.669,43.526
2068,7,31,39.211,44.904
2068,8,1,38.341,43.264
2068,8,2,39.619,42.428
2068,8,3,38.835,42.159
2068,8,4,38.743,43.052
2068,8,5,37.825,42.056
2068,8,6,37.595,40.708
2068,8,7,37.765,39.195
2068,8,8,39.391,39.354
2068,8,9,39.195,39.53
2068,8,10,38.883,37.501
2068,8,11,35.901,37.064
2068,8,12,36.281,37.15
2068,8,13,36.053,36.232
2068,8,14,40.385,36.857
2068,8,15,41.096,39.366
2068,8,16,42.045,40.609
2068,8,17,41.585,40.066
2068,8,18,39.309,37.575
2068,8,19,38.606,34.209
2068,8,20,34.601,32.358
2068,8,21,33.769,29.863
2068,8,22,32.164,31.404
2068,8,23,34.232,35.1
2068,8,24,36.413,39.452
2068,8,25,36.588,39.377
2068,8,26,37.667,40.26
2068,8,27,37.667,38.568
2068,8,28,38.321,37.299
2068,8,29,40.622,36.874
2068,8,30,41.65,40.228
2068,8,31,40.204,39.781
2068,9,1,37.211,40.162
2068,9,2,36.379,42.322
2068,9,3,36.896,38.361
2068,9,4,37.529,42.409
2068,9,5,38.167,43.36
2068,9,6,39.115,44.882
2068,9,7,38.878,44.509
2068,9,8,38.302,44.697
2068,9,9,34.796,43.148
2068,9,10,28.342,41.626
2068,9,11,24.458,39.794
2068,9,12,24.438,36.365
2068,9,13,29.887,33.917
2068,9,14,36.45,35.086
2068,9,15,36.744,35.695
2068,9,16,36.107,37.925
2068,9,17,31.375,39.42
2068,9,18,30.313,39.212
2068,9,19,30.778,37.455
2068,9,20,29.725,37.498
2068,9,21,33.656,38.884
2068,9,22,36.271,39.52
2068,9,23,39.205,38.644
2068,9,24,40.638,39.353
2068,9,25,38.049,38.325
2068,9,26,33.286,36.035
2068,9,27,28.608,36.632
2068,9,28,31.265,37.043
2068,9,29,33.039,37.169
2068,9,30,35.84,38.257
2068,10,1,34.904,40.183
2068,10,2,33.969,41.131
2068,10,3,32.094,41.644
2068,10,4,24.715,39.716
2068,10,5,26.28,37.742
2068,10,6,26.972,35.184
2068,10,7,26.333,30.687
2068,10,8,29.966,26.222
2068,10,9,30.727,19.8
2068,10,10,30.318,17.626
2068,10,11,31.94,20.844
2068,10,12,36.03,23.904
2068,10,13,33.725,21.679
2068,10,14,33.704,22.109
2068,10,15,29.793,25.296
2068,10,16,28.727,22.879
2068,10,17,31.537,19.795
2068,10,18,35.261,19.33
2068,10,19,36.331,19.575
2068,10,20,34.133,22.433
2068,10,21,30.35,24.155
2068,10,22,30.97,26.367
2068,10,23,27.957,23.455
2068,10,24,23.215,19.133
2068,10,25,21.935,19.998
2068,10,26,21.781,17.702
2068,10,27,21.359,19.974
2068,10,28,17.32,20.994
2068,10,29,15.311,19.826
2068,10,30,14.533,19.511
2068,10,31,13.901,18.306
2068,11,1,21.419,18.0
2068,11,2,19.026,17.971
2068,11,3,23.895,21.083
2068,11,4,21.522,20.613
2068,11,5,22.982,19.634
2068,11,6,23.012,21.455
2068,11,7,21.821,15.514
2068,11,8,20.987,16.621
2068,11,9,23.9,15.775
2068,11,10,21.323,16.56
2068,11,11,21.613,18.764
2068,11,12,23.295,18.764
2068,11,13,24.995,17.87
2068,11,14,25.494,16.376
2068,11,15,27.84,16.548
2068,11,16,27.516,18.087
2068,11,17,24.862,17.586
2068,11,18,22.708,15.223
2068,11,19,17.937,14.409
2068,11,20,14.079,17.17
2068,11,21,13.457,22.369
2068,11,22,10.845,23.886
2068,11,23,12.274,23.953
2068,11,24,12.746,22.303
2068,11,25,12.908,20.307
2068,11,26,11.406,20.176
2068,11,27,12.965,18.037
2068,11,28,15.022,20.742
2068,11,29,16.547,16.844
2068,11,30,14.842,19.658
2068,12,1,14.03,21.415
2068,12,2,10.644,18.548
2068,12,3,12.091,17.528
2068,12,4,14.27,16.192
2068,12,5,16.452,15.635
2068,12,6,19.145,15.37
2068,12,7,18.164,15.664
2068,12,8,12.209,16.196
2068,12,9,8.478,18.401
2068,12,10,10.692,15.758
2068,12,11,12.162,15.099
2068,12,12,16.751,14.076
2068,12,13,15.482,17.853
2068,12,14,14.862,16.117
2068,12,15,14.724,15.625
2068,12,16,14.757,11.033
2068,12,17,15.363,15.296
2068,12,18,13.011,14.584
2068,12,19,10.871,15.31
2068,12,20,14.792,18.081
2068,12,21,12.078,18.611
2068,12,22,8.636,16.32
2068,12,23,6.292,16.232
2068,12,24,8.952,17.492
2068,12,25,8.249,17.251
2068,12,26,9.748,17.774
2068,12,27,13.03,15.863
2068,12,28,15.135,15.681
2068,12,29,11.459,13.898
2068,12,30,11.26,14.041
2068,12,31,13.849,15.247
2069,1,1,12.6,14.724
2069,1,2,11.628,10.372
2069,1,3,11.272,13.008
2069,1,4,13.604,14.023
2069,1,5,12.609,13.998
2069,1,6,13.909,15.712
2069,1,7,14.107,15.475
2069,1,8,14.961,12.483
2069,1,9,13.153,11.268
2069,1,10,11.69,11.84
2069,1,11,11.999,14.869
2069,1,12,12.331,15.165
2069,1,13,14.177,13.109
2069,1,14,13.349,14.786
2069,1,15,10.723,14.472
2069,1,16,9.764,16.792
2069,1,17,10.957,18.099
2069,1,18,10.94,14.538
2069,1,19,12.449,11.158
2069,1,20,12.526,13.8
2069,1,21,10.442,14.875
2069,1,22,13.971,13.1
2069,1,23,13.492,15.754
2069,1,24,14.211,15.707
2069,1,25,16.181,16.866
2069,1,26,15.201,17.428
2069,1,27,13.458,15.69
2069,1,28,16.835,15.659
2069,1,29,18.746,15.962
2069,1,30,20.927,18.953
2069,1,31,23.062,19.432
2069,2,1,22.807,19.415
2069,2,2,22.668,19.466
2069,2,3,22.734,18.651
2069,2,4,19.78,14.684
2069,2,5,18.69,15.05
2069,2,6,21.476,16.055
2069,2,7,21.377,17.572
2069,2,8,21.222,17.422
2069,2,9,22.032,15.32
2069,2,10,23.955,16.533
2069,2,11,24.47,13.395
2069,2,12,23.199,16.037
2069,2,13,18.865,17.571
2069,2,14,14.891,17.745
2069,2,15,14.841,12.118
2069,2,16,14.508,13.721
2069,2,17,13.727,13.883
2069,2,18,19.229,17.778
2069,2,19,19.207,22.926
2069,2,20,21.141,23.642
2069,2,21,24.781,24.443
2069,2,22,26.628,27.304
2069,2,23,25.988,26.546
2069,2,24,24.369,25.605
2069,2,25,21.198,18.059
2069,2,26,21.005,19.816
2069,2,27,18.902,20.292
2069,2,28,15.455,16.808
2069,3,1,15.715,17.602
2069,3,2,17.161,18.398
2069,3,3,17.217,19.759
2069,3,4,19.528,17.932
2069,3,5,22.512,14.757
2069,3,6,21.196,9.94
2069,3,7,21.667,14.204
2069,3,8,22.935,16.917
2069,3,9,23.28,16.445
2069,3,10,21.039,13.7
2069,3,11,18.256,14.64
2069,3,12,16.366,18.357
2069,3,13,18.839,17.882
2069,3,14,21.43,16.79
2069,3,15,22.855,15.649
2069,3,16,23.493,18.723
2069,3,17,24.848,23.285
2069,3,18,25.181,25.15
2069,3,19,19.236,26.019
2069,3,20,21.091,25.315
2069,3,21,22.715,24.174
2069,3,22,28.149,23.316
2069,3,23,28.469,22.931
2069,3,24,29.4,21.777
2069,3,25,23.527,20.587
2069,3,26,22.348,16.399
2069,3,27,21.906,13.828
2069,3,28,25.456,13.605
2069,3,29,29.812,20.046
2069,3,30,31.411,24.252
2069,3,31,31.416,26.713
2069,4,1,30.188,22.329
2069,4,2,25.882,25.517
2069,4,3,20.416,29.537
2069,4,4,18.205,31.758
2069,4,5,20.537,28.914
2069,4,6,18.986,24.632
2069,4,7,21.623,26.492
2069,4,8,24.388,28.977
2069,4,9,23.83,26.46
2069,4,10,23.47,21.283
2069,4,11,18.687,19.542
2069,4,12,15.052,19.216
2069,4,13,11.844,16.21
2069,4,14,14.274,15.932
2069,4,15,20.998,16.272
2069,4,16,22.578,18.867
2069,4,17,19.77,18.879
2069,4,18,21.01,19.84
2069,4,19,24.929,15.787
2069,4,20,30.045,16.126
2069,4,21,29.472,16.697
2069,4,22,29.698,19.666
2069,4,23,29.51,21.593
2069,4,24,30.473,16.107
2069,4,25,26.447,15.693
2069,4,26,21.707,21.797
2069,4,27,24.944,23.746
2069,4,28,29.713,26.193
2069,4,29,33.17,26.378
2069,4,30,32.918,28.504
2069,5,1,30.853,26.97
2069,5,2,31.919,28.918
2069,5,3,31.103,29.632
2069,5,4,29.906,26.517
2069,5,5,27.806,24.615
2069,5,6,31.364,20.228
2069,5,7,34.845,22.873
2069,5,8,36.005,27.378
2069,5,9,36.394,29.502
2069,5,10,35.634,25.084
2069,5,11,33.486,20.155
2069,5,12,34.061,23.353
2069,5,13,31.775,27.67
2069,5,14,31.259,30.304
2069,5,15,30.377,32.447
2069,5,16,24.51,31.56
2069,5,17,27.108,31.551
2069,5,18,28.096,33.599
2069,5,19,28.652,36.903
2069,5,20,31.06,37.825
2069,5,21,34.582,35.781
2069,5,22,35.515,33.268
2069,5,23,35.33,34.383
2069,5,24,32.784,34.05
2069,5,25,30.813,33.352
2069,5,26,33.159,30.908
2069,5,27,35.507,24.518
2069,5,28,34.382,24.473
2069,5,29,34.541,31.57
2069,5,30,34.431,29.18
2069,5,31,35.668,27.229
2069,6,1,37.111,25.517
2069,6,2,38.177,29.021
2069,6,3,36.319,34.407
2069,6,4,34.753,37.629
2069,6,5,28.708,36.551
2069,6,6,30.148,34.528
2069,6,7,32.202,36.659
2069,6,8,34.932,35.044
2069,6,9,40.131,31.686
2069,6,10,37.926,35.084
2069,6,11,37.694,37.276
2069,6,12,36.388,30.275
2069,6,13,36.759,31.296
2069,6,14,40.163,34.15
2069,6,15,40.77,35.154
2069,6,16,40.55,33.877
2069,6,17,38.256,36.774
2069,6,18,37.134,34.206
2069,6,19,38.725,31.854
2069,6,20,38.948,32.407
2069,6,21,39.47,34.037
2069,6,22,40.189,34.941
2069,6,23,38.194,33.95
2069,6,24,35.32,33.014
2069,6,25,34.013,30.907
2069,6,26,34.835,33.402
2069,6,27,36.586,34.782
2069,6,28,38.074,36.575
2069,6,29,38.944,39.177
2069,6,30,38.021,41.451
2069,7,1,33.286,42.762
2069,7,2,32.172,43.632
2069,7,3,32.659,43.215
2069,7,4,32.718,42.849
2069,7,5,33.958,42.215
2069,7,6,35.035,40.583
2069,7,7,38.461,39.074
2069,7,8,37.564,39.369
2069,7,9,35.693,40.913
2069,7,10,38.231,42.591
2069,7,11,37.734,40.519
2069,7,12,38.706,40.938
2069,7,13,39.023,38.559
2069,7,14,39.206,41.95
2069,7,15,36.095,43.696
2069,7,16,32.707,42.298
2069,7,17,32.92,39.767
2069,7,18,33.496,38.695
2069,7,19,33.397,35.774
2069,7,20,35.596,37.032
2069,7,21,38.947,40.213
2069,7,22,39.467,40.281
2069,7,23,40.005,39.056
2069,7,24,40.934,44.516
2069,7,25,43.459,46.74
2069,7,26,42.258,46.145
2069,7,27,41.345,44.719
2069,7,28,40.285,43.116
2069,7,29,41.88,44.043
2069,7,30,43.534,44.28
2069,7,31,40.947,45.286
2069,8,1,41.372,45.312
2069,8,2,40.033,43.23
2069,8,3,37.978,43.297
2069,8,4,40.16,41.782
2069,8,5,41.545,37.062
2069,8,6,41.94,36.95
2069,8,7,38.637,34.879
2069,8,8,36.7,40.02
2069,8,9,36.933,42.34
2069,8,10,34.444,42.762
2069,8,11,34.444,39.7
2069,8,12,33.649,39.357
2069,8,13,38.127,39.932
2069,8,14,41.425,42.578
2069,8,15,40.436,43.703
2069,8,16,39.629,43.556
2069,8,17,39.469,42.071
2069,8,18,37.255,40.11
2069,8,19,38.251,38.217
2069,8,20,40.476,37.999
2069,8,21,40.775,34.301
2069,8,22,38.025,31.701
2069,8,23,33.691,33.794
2069,8,24,27.729,34.951
2069,8,25,29.361,36.012
2069,8,26,31.036,39.786
2069,8,27,29.721,37.945
2069,8,28,29.063,36.892
2069,8,29,32.621,36.244
2069,8,30,33.699,37.603
2069,8,31,33.868,40.282
2069,9,1,36.998,40.643
2069,9,2,38.82,40.839
2069,9,3,40.709,41.89
2069,9,4,39.861,43.349
2069,9,5,38.458,42.521
2069,9,6,35.407,42.745
2069,9,7,38.469,43.463
2069,9,8,40.412,44.588
2069,9,9,41.556,43.25
2069,9,10,42.114,43.708
2069,9,11,41.47,40.438
2069,9,12,40.544,33.999
2069,9,13,40.52,32.799
2069,9,14,36.731,32.222
2069,9,15,35.33,33.58
2069,9,16,37.66,38.936
2069,9,17,36.143,39.838
2069,9,18,36.248,37.413
2069,9,19,34.433,36.755
2069,9,20,33.747,35.245
2069,9,21,34.888,37.621
2069,9,22,31.099,37.881
2069,9,23,31.733,35.61
2069,9,24,31.354,35.676
2069,9,25,33.364,36.29
2069,9,26,31.65,33.746
2069,9,27,30.525,32.138
2069,9,28,32.426,35.852
2069,9,29,32.904,38.899
2069,9,30,32.217,37.639
2069,10,1,35.14,33.697
2069,10,2,34.872,31.633
2069,10,3,32.176,32.647
2069,10,4,29.678,35.017
2069,10,5,25.427,33.637
2069,10,6,25.456,29.886
2069,10,7,25.369,30.641
2069,10,8,25.515,31.856
2069,10,9,28.262,32.555
2069,10,10,31.021,32.339
2069,10,11,30.082,34.05
2069,10,12,27.449,36.015
2069,10,13,23.457,35.539
2069,10,14,22.933,35.297
2069,10,15,23.998,32.26
2069,10,16,22.675,29.526
2069,10,17,22.773,27.249
2069,10,18,25.729,26.879
2069,10,19,26.626,27.035
2069,10,20,25.327,26.324
2069,10,21,26.701,27.607
2069,10,22,23.5,30.615
2069,10,23,23.982,31.53
2069,10,24,22.841,31.825
2069,10,25,22.241,33.146
2069,10,26,24.525,31.721
2069,10,27,28.244,26.031
2069,10,28,24.828,21.225
2069,10,29,24.942,21.326
2069,10,30,18.994,23.938
2069,10,31,17.415,25.185
2069,11,1,15.148,24.066
2069,11,2,16.264,23.248
2069,11,3,17.388,22.606
2069,11,4,16.148,23.906
2069,11,5,19.215,22.456
2069,11,6,20.673,20.496
2069,11,7,20.987,25.814
2069,11,8,19.815,29.928
2069,11,9,15.759,29.37
2069,11,10,16.066,20.931
2069,11,11,19.038,18.999
2069,11,12,18.491,19.282
2069,11,13,17.078,20.747
2069,11,14,20.374,20.421
2069,11,15,18.513,17.685
2069,11,16,18.142,13.307
2069,11,17,16.767,14.486
2069,11,18,14.943,14.133
2069,11,19,13.891,16.337
2069,11,20,15.59,16.358
2069,11,21,14.885,15.229
2069,11,22,15.152,14.76
2069,11,23,19.135,17.517
2069,11,24,21.814,13.871
2069,11,25,21.046,14.3
2069,11,26,22.375,15.076
2069,11,27,22.374,16.394
2069,11,28,22.775,16.835
2069,11,29,20.968,17.21
2069,11,30,18.238,18.729
2069,12,1,16.904,14.863
2069,12,2,15.482,13.273
2069,12,3,17.443,13.764
2069,12,4,21.724,15.031
2069,12,5,20.494,16.316
2069,12,6,20.271,20.135
2069,12,7,20.21,20.522
2069,12,8,19.735,22.216
2069,12,9,21.344,18.017
2069,12,10,19.894,18.695
2069,12,11,18.434,16.94
2069,12,12,17.547,17.151
2069,12,13,17.821,19.02
2069,12,14,15.444,14.022
2069,12,15,19.168,13.405
2069,12,16,20.026,16.552
2069,12,17,14.691,17.618
2069,12,18,13.547,17.795
2069,12,19,12.222,19.182
2069,12,20,10.447,20.709
2069,12,21,9.846,19.152
2069,12,22,12.973,19.944
2069,12,23,12.695,18.848
2069,12,24,13.495,16.686
2069,12,25,14.842,15.157
2069,12,26,15.926,17.903
2069,12,27,15.11,15.564
2069,12,28,16.609,18.085
2069,12,29,16.867,16.896
2069,12,30,16.663,15.424
2069,12,31,14.498,18.473
2070,1,1,12.802,14.187
2070,1,2,11.575,14.507
2070,1,3,13.376,11.862
2070,1,4,13.509,14.763
2070,1,5,12.508,15.303
2070,1,6,10.068,16.652
2070,1,7,13.715,17.109
2070,1,8,15.047,13.166
2070,1,9,14.049,10.873
2070,1,10,12.936,11.855
2070,1,11,11.491,8.824
2070,1,12,11.012,10.272
2070,1,13,11.46,12.989
2070,1,14,5.627,12.121
2070,1,15,7.332,13.283
2070,1,16,8.091,10.414
2070,1,17,7.889,13.248
2070,1,18,7.567,15.571
2070,1,19,9.808,18.56
2070,1,20,9.911,20.082
2070,1,21,11.345,19.583
2070,1,22,10.27,18.994
2070,1,23,10.146,20.249
2070,1,24,11.544,22.061
2070,1,25,12.405,21.47
2070,1,26,13.263,19.442
2070,1,27,13.649,20.552
2070,1,28,14.461,20.792
2070,1,29,15.857,20.5
2070,1,30,17.745,20.996
2070,1,31,15.949,21.542
2070,2,1,18.864,23.45
2070,2,2,19.507,24.433
2070,2,3,19.201,22.15
2070,2,4,19.5,21.104
2070,2,5,19.247,17.273
2070,2,6,17.552,15.852
2070,2,7,16.297,15.721
2070,2,8,16.753,16.67
2070,2,9,14.04,15.079
2070,2,10,13.608,18.197
2070,2,11,13.928,17.189
2070,2,12,13.518,19.801
2070,2,13,17.236,19.565
2070,2,14,13.893,23.307
2070,2,15,13.175,21.692
2070,2,16,12.587,22.829
2070,2,17,12.147,22.144
2070,2,18,14.384,19.637
2070,2,19,14.115,12.052
2070,2,20,16.206,10.628
2070,2,21,20.01,12.632
2070,2,22,19.136,12.669
2070,2,23,20.0,12.958
2070,2,24,18.405,16.372
2070,2,25,17.176,21.41
2070,2,26,11.884,21.54
2070,2,27,11.926,22.085
2070,2,28,14.984,16.161
2070,3,1,15.886,15.682
2070,3,2,16.084,15.53
2070,3,3,15.788,17.987
2070,3,4,17.025,19.958
2070,3,5,18.635,18.096
2070,3,6,19.186,18.748
2070,3,7,17.217,19.852
2070,3,8,15.69,21.367
2070,3,9,17.227,19.948
2070,3,10,15.704,13.22
2070,3,11,19.385,14.682
2070,3,12,20.287,16.407
2070,3,13,18.217,17.402
2070,3,14,15.29,20.329
2070,3,15,15.401,24.335
2070,3,16,12.9,26.593
2070,3,17,16.795,26.572
2070,3,18,21.577,24.408
2070,3,19,22.63,16.84
2070,3,20,22.062,17.623
2070,3,21,23.158,24.558
2070,3,22,24.588,26.28
2070,3,23,27.078,28.813
2070,3,24,28.168,30.557
2070,3,25,29.154,29.973
2070,3,26,22.314,20.008
2070,3,27,17.669,17.642
2070,3,28,15.741,18.474
2070,3,29,21.507,19.898
2070,3,30,28.493,20.222
2070,3,31,27.504,18.755
2070,4,1,27.569,20.372
2070,4,2,24.217,23.932
2070,4,3,23.019,27.971
2070,4,4,23.903,27.606
2070,4,5,25.955,24.929
2070,4,6,24.442,22.42
2070,4,7,26.878,23.211
2070,4,8,29.063,27.244
2070,4,9,24.412,30.24
2070,4,10,23.418,31.087
2070,4,11,22.265,33.446
2070,4,12,20.662,35.295
2070,4,13,16.697,32.22
2070,4,14,14.743,26.281
2070,4,15,18.198,23.052
2070,4,16,22.503,22.143
2070,4,17,27.333,21.327
2070,4,18,25.119,21.788
2070,4,19,19.485,25.88
2070,4,20,14.391,30.315
2070,4,21,14.555,29.604
2070,4,22,16.528,27.445
2070,4,23,21.75,24.098
2070,4,24,23.618,20.895
2070,4,25,23.978,17.949
2070,4,26,24.312,19.919
2070,4,27,23.772,19.13
2070,4,28,25.178,22.797
2070,4,29,28.757,23.758
2070,4,30,31.882,23.441
2070,5,1,29.636,22.89
2070,5,2,26.623,20.792
2070,5,3,22.167,21.906
2070,5,4,22.985,21.281
2070,5,5,23.748,24.635
2070,5,6,23.27,28.613
2070,5,7,22.424,31.061
2070,5,8,24.402,29.625
2070,5,9,25.753,29.883
2070,5,10,30.555,30.127
2070,5,11,34.789,29.716
2070,5,12,36.567,25.798
2070,5,13,36.133,25.381
2070,5,14,32.116,23.563
2070,5,15,26.169,21.772
2070,5,16,28.259,23.984
2070,5,17,27.913,28.878
2070,5,18,29.399,31.54
2070,5,19,35.783,29.359
2070,5,20,37.394,24.58
2070,5,21,40.309,29.276
2070,5,22,38.879,30.225
2070,5,23,32.011,32.67
2070,5,24,33.071,34.867
2070,5,25,31.561,36.498
2070,5,26,29.023,40.123
2070,5,27,30.002,39.058
2070,5,28,34.579,39.727
2070,5,29,37.104,40.194
2070,5,30,37.969,40.227
2070,5,31,36.914,39.742
2070,6,1,35.18,40.042
2070,6,2,36.709,40.926
2070,6,3,39.319,39.836
2070,6,4,37.718,36.84
2070,6,5,34.921,36.504
2070,6,6,35.724,32.861
2070,6,7,35.312,32.067
2070,6,8,36.093,29.922
2070,6,9,38.668,27.942
2070,6,10,36.53,28.492
2070,6,11,33.601,35.156
2070,6,12,31.689,33.375
2070,6,13,30.148,35.172
2070,6,14,29.433,38.269
2070,6,15,31.082,38.182
2070,6,16,35.317,38.369
2070,6,17,37.788,37.048
2070,6,18,39.081,33.779
2070,6,19,41.463,34.004
2070,6,20,41.921,34.474
2070,6,21,40.79,36.319
2070,6,22,39.639,38.914
2070,6,23,37.608,38.392
2070,6,24,38.832,39.799
2070,6,25,39.306,40.489
2070,6,26,39.474,43.703
2070,6,27,39.952,42.369
2070,6,28,41.31,39.659
2070,6,29,39.255,39.608
2070,6,30,36.047,42.003
2070,7,1,38.301,43.203
2070,7,2,39.247,42.503
2070,7,3,39.964,39.787
2070,7,4,38.635,36.537
2070,7,5,34.83,35.144
2070,7,6,35.253,36.423
2070,7,7,36.402,38.153
2070,7,8,38.012,40.854
2070,7,9,38.944,42.845
2070,7,10,40.794,43.284
2070,7,11,41.505,47.076
2070,7,12,41.578,45.991
2070,7,13,39.985,44.091
2070,7,14,38.781,43.255
2070,7,15,37.664,42.843
2070,7,16,38.569,42.637
2070,7,17,39.364,42.986
2070,7,18,38.674,43.506
2070,7,19,37.612,42.928
2070,7,20,36.516,41.73
2070,7,21,38.764,37.14
2070,7,22,41.789,36.571
2070,7,23,42.866,35.203
2070,7,24,42.87,35.053
2070,7,25,42.803,37.735
2070,7,26,42.086,40.42
2070,7,27,40.68,42.439
2070,7,28,38.884,44.422
2070,7,29,38.095,43.367
2070,7,30,38.343,41.27
2070,7,31,38.67,41.532
2070,8,1,41.668,38.858
2070,8,2,40.8,38.494
2070,8,3,37.708,39.513
2070,8,4,39.966,37.061
2070,8,5,40.236,35.91
2070,8,6,43.234,33.506
2070,8,7,43.275,33.788
2070,8,8,44.259,34.601
2070,8,9,45.029,35.689
2070,8,10,42.266,36.772
2070,8,11,40.139,36.307
2070,8,12,39.142,34.086
2070,8,13,36.166,30.335
2070,8,14,35.848,28.462
2070,8,15,33.485,27.375
2070,8,16,35.875,25.984
2070,8,17,37.964,28.007
2070,8,18,39.493,31.61
2070,8,19,36.671,33.211
2070,8,20,32.291,33.985
2070,8,21,32.287,34.639
2070,8,22,34.458,33.142
2070,8,23,34.11,31.307
2070,8,24,34.649,30.123
2070,8,25,34.427,31.096
2070,8,26,33.719,32.694
2070,8,27,33.622,35.59
2070,8,28,34.356,38.155
2070,8,29,34.037,38.042
2070,8,30,34.424,35.622
2070,8,31,34.774,35.864
2070,9,1,35.971,35.631
2070,9,2,36.143,34.251
2070,9,3,34.612,31.303
2070,9,4,34.658,30.567
2070,9,5,34.301,31.901
2070,9,6,32.317,33.186
2070,9,7,31.741,37.05
2070,9,8,33.203,36.086
2070,9,9,35.797,37.2
2070,9,10,38.266,39.452
2070,9,11,37.223,38.311
2070,9,12,38.894,42.739
2070,9,13,40.027,43.645
2070,9,14,36.373,43.396
2070,9,15,33.937,41.899
2070,9,16,30.118,39.646
2070,9,17,27.579,38.761
2070,9,18,29.075,38.11
2070,9,19,34.447,36.775
2070,9,20,37.118,34.913
2070,9,21,37.391,35.071
2070,9,22,37.61,36.763
2070,9,23,34.152,38.079
2070,9,24,33.016,37.952
2070,9,25,33.646,36.808
2070,9,26,35.024,35.992
2070,9,27,34.25,33.913
2070,9,28,31.619,25.263
2070,9,29,31.13,21.46
2070,9,30,28.711,23.441
2070,10,1,24.362,18.415
2070,10,2,20.976,22.774
2070,10,3,23.342,26.173
2070,10,4,26.941,26.9
2070,10,5,28.531,27.327
2070,10,6,30.269,24.144
2070,10,7,35.342,25.607
2070,10,8,33.355,22.302
2070,10,9,29.754,25.044
2070,10,10,25.565,28.54
2070,10,11,28.863,28.204
2070,10,12,26.996,23.869
2070,10,13,26.522,21.367
2070,10,14,30.675,21.809
2070,10,15,33.061,17.933
2070,10,16,33.677,21.958
2070,10,17,34.229,24.482
2070,10,18,35.944,30.561
2070,10,19,36.286,28.375
2070,10,20,34.187,29.656
2070,10,21,29.727,29.07
2070,10,22,26.707,29.051
2070,10,23,25.273,28.918
2070,10,24,23.754,29.257
2070,10,25,23.759,26.846
2070,10,26,23.562,26.879
2070,10,27,23.396,28.085
2070,10,28,24.187,26.609
2070,10,29,20.375,22.968
2070,10,30,23.363,23.433
2070,10,31,23.628,23.563
2070,11,1,20.742,22.366
2070,11,2,15.875,24.305
2070,11,3,14.607,27.736
2070,11,4,15.599,27.669
2070,11,5,15.985,28.937
2070,11,6,18.744,30.474
2070,11,7,20.412,31.172
2070,11,8,18.062,31.662
2070,11,9,14.565,28.001
2070,11,10,15.961,23.589
2070,11,11,14.562,19.909
2070,11,12,13.253,20.031
2070,11,13,13.549,21.184
2070,11,14,12.265,22.553
2070,11,15,12.396,22.852
2070,11,16,13.539,21.691
2070,11,17,13.353,16.317
2070,11,18,13.196,19.623
2070,11,19,13.134,21.347
2070,11,20,12.299,22.106
2070,11,21,14.434,23.91
2070,11,22,18.99,24.472
2070,11,23,15.343,24.264
2070,11,24,16.226,24.133
2070,11,25,16.068,22.775
2070,11,26,15.993,22.125
2070,11,27,15.835,21.818
2070,11,28,21.783,23.298
2070,11,29,19.716,25.753
2070,11,30,19.127,24.254
2070,12,1,18.873,22.763
2070,12,2,21.175,23.487
2070,12,3,19.15,23.389
2070,12,4,16.565,20.68
2070,12,5,17.781,15.517
2070,12,6,17.813,14.618
2070,12,7,17.61,17.41
2070,12,8,13.302,16.202
2070,12,9,13.358,17.696
2070,12,10,12.533,20.421
2070,12,11,11.847,21.486
2070,12,12,15.105,19.649
2070,12,13,14.818,10.896
2070,12,14,16.134,6.787
2070,12,15,14.972,5.012
2070,12,16,12.351,7.48
2070,12,17,12.327,12.288
2070,12,18,12.647,15.401
2070,12,19,11.337,17.852
2070,12,20,11.635,19.495
2070,12,21,11.225,18.566
2070,12,22,12.204,20.083
2070,12,23,14.523,18.426
2070,12,24,16.29,18.205
2070,12,25,16.285,17.159
2070,12,26,15.453,19.064
2070,12,27,15.211,16.102
2070,12,28,17.823,16.368
2070,12,29,17.409,16.549
2070,12,30,13.688,15.132
2070,12,31,14.485,18.561
2071,1,1,15.849,20.582
2071,1,2,16.556,20.813
2071,1,3,16.305,21.466
2071,1,4,16.537,17.916
2071,1,5,10.544,14.089
2071,1,6,11.057,15.453
2071,1,7,12.835,18.976
2071,1,8,14.91,18.624
2071,1,9,17.411,18.54
2071,1,10,16.681,16.931
2071,1,11,14.001,18.809
2071,1,12,14.159,17.871
2071,1,13,12.056,18.603
2071,1,14,15.102,17.343
2071,1,15,17.912,13.497
2071,1,16,14.815,17.931
2071,1,17,15.942,17.417
2071,1,18,14.515,16.923
2071,1,19,14.256,18.836
2071,1,20,13.585,16.048
2071,1,21,12.12,17.136
2071,1,22,12.212,15.293
2071,1,23,11.747,15.141
2071,1,24,11.981,16.168
2071,1,25,12.017,14.259
2071,1,26,14.273,15.529
2071,1,27,16.774,16.457
2071,1,28,17.346,12.669
2071,1,29,15.318,15.927
2071,1,30,16.087,18.276
2071,1,31,13.494,19.456
2071,2,1,13.361,21.466
2071,2,2,15.867,20.964
2071,2,3,14.304,15.751
2071,2,4,15.012,15.157
2071,2,5,15.121,16.015
2071,2,6,16.333,18.234
2071,2,7,19.409,18.958
2071,2,8,19.461,19.11
2071,2,9,17.239,17.885
2071,2,10,14.215,17.293
2071,2,11,11.049,19.373
2071,2,12,12.308,18.694
2071,2,13,16.13,16.98
2071,2,14,16.783,14.896
2071,2,15,19.612,18.258
2071,2,16,19.972,15.883
2071,2,17,21.406,16.619
2071,2,18,23.19,17.5
2071,2,19,23.872,14.196
2071,2,20,21.437,18.246
2071,2,21,23.363,17.958
2071,2,22,24.784,17.814
2071,2,23,23.487,19.202
2071,2,24,24.891,19.399
2071,2,25,24.452,18.753
2071,2,26,24.732,16.978
2071,2,27,24.105,16.332
2071,2,28,20.114,17.509
2071,3,1,20.208,22.992
2071,3,2,23.051,19.333
2071,3,3,22.721,16.035
2071,3,4,23.349,14.594
2071,3,5,20.522,15.88
2071,3,6,14.452,16.414
2071,3,7,13.191,16.735
2071,3,8,17.426,10.918
2071,3,9,17.27,12.61
2071,3,10,17.99,16.559
2071,3,11,19.051,23.35
2071,3,12,22.911,22.066
2071,3,13,21.506,18.274
2071,3,14,26.245,11.78
2071,3,15,26.793,16.201
2071,3,16,24.136,13.686
2071,3,17,22.88,19.166
2071,3,18,22.35,18.395
2071,3,19,21.457,18.707
2071,3,20,16.181,16.499
2071,3,21,20.275,15.683
2071,3,22,21.628,17.795
2071,3,23,23.477,17.826
2071,3,24,20.267,13.333
2071,3,25,22.293,13.171
2071,3,26,23.006,11.117
2071,3,27,20.869,14.148
2071,3,28,17.446,18.497
2071,3,29,11.976,21.707
2071,3,30,12.056,24.586
2071,3,31,18.151,24.244
2071,4,1,18.898,23.111
2071,4,2,19.627,25.593
2071,4,3,20.058,25.832
2071,4,4,20.431,24.23
2071,4,5,19.927,25.57
2071,4,6,20.101,29.626
2071,4,7,20.967,31.599
2071,4,8,22.031,28.625
2071,4,9,25.258,22.708
2071,4,10,27.461,19.841
2071,4,11,29.864,23.646
2071,4,12,30.188,25.647
2071,4,13,29.924,24.627
2071,4,14,27.325,19.862
2071,4,15,23.766,20.661
2071,4,16,24.827,24.803
2071,4,17,24.227,27.757
2071,4,18,26.084,27.726
2071,4,19,25.717,22.884
2071,4,20,24.701,15.266
2071,4,21,23.595,18.599
2071,4,22,21.089,23.526
2071,4,23,25.08,23.163
2071,4,24,28.754,28.193
2071,4,25,27.119,26.343
2071,4,26,23.341,19.519
2071,4,27,20.109,15.197
2071,4,28,26.416,16.255
2071,4,29,29.55,19.231
2071,4,30,28.712,21.93
2071,5,1,27.106,25.42
2071,5,2,27.312,26.367
2071,5,3,28.635,22.156
2071,5,4,30.431,21.804
2071,5,5,33.119,25.401
2071,5,6,32.833,27.323
2071,5,7,31.094,28.631
2071,5,8,25.599,28.095
2071,5,9,22.453,29.402
2071,5,10,26.176,31.921
2071,5,11,29.4,34.818
2071,5,12,28.289,36.557
2071,5,13,29.669,37.25
2071,5,14,30.359,34.835
2071,5,15,31.482,25.24
2071,5,16,28.363,31.88
2071,5,17,25.24,33.06
2071,5,18,27.363,32.416
2071,5,19,27.025,29.737
2071,5,20,19.534,28.957
2071,5,21,18.138,34.172
2071,5,22,20.002,36.886
2071,5,23,21.524,36.296
2071,5,24,19.452,32.274
2071,5,25,18.322,33.103
2071,5,26,24.276,31.474
2071,5,27,27.564,26.623
2071,5,28,29.981,28.652
2071,5,29,30.859,33.782
2071,5,30,32.753,35.986
2071,5,31,28.87,36.505
2071,6,1,33.518,38.114
2071,6,2,36.341,41.219
2071,6,3,38.603,42.559
2071,6,4,38.348,40.088
2071,6,5,38.528,41.893
2071,6,6,38.097,43.52
2071,6,7,37.6,43.329
2071,6,8,35.599,42.337
2071,6,9,37.139,39.55
2071,6,10,36.834,38.511
2071,6,11,36.134,37.441
2071,6,12,35.575,36.519
2071,6,13,34.814,33.433
2071,6,14,35.322,30.521
2071,6,15,34.296,35.527
2071,6,16,34.273,34.659
2071,6,17,34.416,33.845
2071,6,18,34.285,36.208
2071,6,19,36.221,33.983
2071,6,20,36.991,33.386
2071,6,21,37.783,31.435
2071,6,22,38.69,32.274
2071,6,23,38.044,33.457
2071,6,24,38.694,38.276
2071,6,25,39.541,40.129
2071,6,26,40.123,41.012
2071,6,27,39.274,38.983
2071,6,28,38.202,39.234
2071,6,29,38.915,39.732
2071,6,30,40.627,39.565
2071,7,1,39.957,39.892
2071,7,2,37.563,39.04
2071,7,3,35.59,37.811
2071,7,4,35.494,38.67
2071,7,5,38.521,38.379
2071,7,6,40.11,38.542
2071,7,7,40.843,37.646
2071,7,8,41.913,38.942
2071,7,9,43.106,40.714
2071,7,10,42.229,39.573
2071,7,11,40.098,38.16
2071,7,12,38.858,38.589
2071,7,13,40.106,41.686
2071,7,14,36.905,42.739
2071,7,15,36.814,41.695
2071,7,16,37.825,43.187
2071,7,17,36.978,45.494
2071,7,18,38.132,46.266
2071,7,19,39.825,45.315
2071,7,20,39.341,44.836
2071,7,21,38.025,43.749
2071,7,22,37.922,43.943
2071,7,23,39.842,42.981
2071,7,24,40.23,39.504
2071,7,25,40.554,35.563
2071,7,26,42.012,35.551
2071,7,27,41.148,36.366
2071,7,28,40.787,35.303
2071,7,29,38.635,34.642
2071,7,30,39.248,35.266
2071,7,31,36.319,33.837
2071,8,1,34.255,38.124
2071,8,2,32.846,42.913
2071,8,3,35.172,44.347
2071,8,4,40.579,44.361
2071,8,5,42.659,42.824
2071,8,6,42.191,43.217
2071,8,7,43.095,43.426
2071,8,8,43.273,42.633
2071,8,9,40.172,41.902
2071,8,10,35.691,40.911
2071,8,11,35.984,38.466
2071,8,12,31.612,39.127
2071,8,13,30.076,39.916
2071,8,14,33.896,40.234
2071,8,15,34.676,38.547
2071,8,16,35.284,36.575
2071,8,17,34.48,36.426
2071,8,18,35.369,35.768
2071,8,19,38.195,35.292
2071,8,20,39.942,39.963
2071,8,21,38.278,39.67
2071,8,22,34.381,40.264
2071,8,23,32.076,41.526
2071,8,24,31.231,40.672
2071,8,25,31.587,41.002
2071,8,26,32.087,40.312
2071,8,27,33.972,38.676
2071,8,28,35.588,36.689
2071,8,29,33.91,37.705
2071,8,30,32.328,35.48
2071,8,31,28.935,35.83
2071,9,1,27.276,34.592
2071,9,2,30.171,31.706
2071,9,3,30.834,35.44
2071,9,4,31.573,36.762
2071,9,5,27.05,35.356
2071,9,6,27.919,39.339
2071,9,7,31.516,38.785
2071,9,8,30.523,37.913
2071,9,9,29.932,38.156
2071,9,10,30.192,36.049
2071,9,11,32.581,36.178
2071,9,12,35.171,36.641
2071,9,13,32.876,36.914
2071,9,14,31.948,36.598
2071,9,15,36.094,33.324
2071,9,16,31.819,32.085
2071,9,17,32.414,35.77
2071,9,18,35.21,36.856
2071,9,19,34.399,34.514
2071,9,20,30.308,25.027
2071,9,21,28.135,24.96
2071,9,22,35.659,26.242
2071,9,23,34.614,28.243
2071,9,24,33.126,29.913
2071,9,25,28.359,25.21
2071,9,26,29.753,25.49
2071,9,27,36.459,33.284
2071,9,28,37.741,35.232
2071,9,29,30.51,31.908
2071,9,30,27.246,27.541
2071,10,1,26.075,25.472
2071,10,2,29.181,28.149
2071,10,3,28.701,22.531
2071,10,4,28.113,25.913
2071,10,5,29.357,25.674
2071,10,6,31.455,25.947
2071,10,7,36.362,30.442
2071,10,8,36.102,29.738
2071,10,9,37.805,27.875
2071,10,10,35.994,28.693
2071,10,11,35.601,26.495
2071,10,12,29.034,23.517
2071,10,13,24.442,24.607
2071,10,14,20.694,26.408
2071,10,15,20.303,26.722
2071,10,16,22.38,23.806
2071,10,17,23.828,22.834
2071,10,18,23.176,19.776
2071,10,19,23.286,20.868
2071,10,20,26.229,24.171
2071,10,21,23.57,24.855
2071,10,22,21.349,23.996
2071,10,23,21.28,22.594
2071,10,24,17.779,17.704
2071,10,25,18.539,18.324
2071,10,26,20.74,20.284
2071,10,27,20.6,23.125
2071,10,28,17.951,24.484
2071,10,29,16.208,26.074
2071,10,30,13.181,27.604
2071,10,31,14.055,26.511
2071,11,1,16.32,23.907
2071,11,2,19.662,20.007
2071,11,3,20.851,14.925
2071,11,4,20.234,15.347
2071,11,5,15.916,17.336
2071,11,6,16.62,21.12
2071,11,7,19.019,21.207
2071,11,8,21.849,22.702
2071,11,9,20.365,20.914
2071,11,10,22.633,18.213
2071,11,11,20.905,19.838
2071,11,12,19.293,20.851
2071,11,13,22.11,20.282
2071,11,14,22.299,18.911
2071,11,15,17.617,15.705
2071,11,16,19.146,11.524
2071,11,17,18.437,13.835
2071,11,18,16.792,14.907
2071,11,19,15.453,16.048
2071,11,20,19.222,17.277
2071,11,21,16.132,18.337
2071,11,22,13.876,21.678
2071,11,23,13.682,23.627
2071,11,24,13.9,22.164
2071,11,25,12.659,19.443
2071,11,26,13.106,18.278
2071,11,27,14.046,17.905
2071,11,28,13.512,18.231
2071,11,29,16.084,12.091
2071,11,30,18.95,15.068
2071,12,1,14.379,16.207
2071,12,2,11.351,15.095
2071,12,3,12.272,10.98
2071,12,4,15.392,10.028
2071,12,5,15.619,12.156
2071,12,6,14.126,14.5
2071,12,7,11.718,12.904
2071,12,8,10.914,9.314
2071,12,9,10.844,12.213
2071,12,10,10.501,10.034
2071,12,11,11.112,14.033
2071,12,12,15.781,11.694
2071,12,13,18.613,9.576
2071,12,14,19.627,13.537
2071,12,15,17.608,14.853
2071,12,16,17.185,14.101
2071,12,17,17.412,20.439
2071,12,18,18.997,19.793
2071,12,19,20.111,20.491
2071,12,20,16.136,17.963
2071,12,21,17.589,21.064
2071,12,22,18.434,21.354
2071,12,23,14.201,21.46
2071,12,24,13.543,20.003
2071,12,25,17.287,21.458
2071,12,26,18.399,20.258
2071,12,27,20.218,20.425
2071,12,28,19.909,17.851
2071,12,29,19.117,19.011
2071,12,30,16.828,17.614
2071,12,31,18.681,18.289
2072,1,1,13.785,19.003
2072,1,2,14.437,15.523
2072,1,3,11.939,17.395
2072,1,4,16.052,14.018
2072,1,5,15.283,13.271
2072,1,6,15.347,15.479
2072,1,7,13.536,17.091
2072,1,8,11.167,13.724
2072,1,9,13.832,13.913
2072,1,10,9.645,14.469
2072,1,11,11.285,15.28
2072,1,12,11.021,17.737
2072,1,13,10.991,20.204
2072,1,14,14.643,17.116
2072,1,15,15.691,16.84
2072,1,16,15.321,17.342
2072,1,17,13.571,19.513
2072,1,18,13.502,20.135
2072,1,19,13.452,20.655
2072,1,20,14.656,19.543
2072,1,21,12.688,21.668
2072,1,22,15.61,22.368
2072,1,23,16.747,20.628
2072,1,24,17.532,20.695
2072,1,25,15.892,13.639
2072,1,26,18.994,14.697
2072,1,27,18.804,16.081
2072,1,28,13.259,13.769
2072,1,29,13.808,15.33
2072,1,30,18.267,14.34
2072,1,31,15.899,16.381
2072,2,1,14.767,17.988
2072,2,2,16.406,15.986
2072,2,3,17.227,19.108
2072,2,4,15.365,18.534
2072,2,5,16.07,15.149
2072,2,6,18.079,14.135
2072,2,7,17.142,15.308
2072,2,8,20.689,14.139
2072,2,9,21.192,14.927
2072,2,10,16.457,12.393
2072,2,11,17.711,13.556
2072,2,12,15.462,14.197
2072,2,13,16.544,18.843
2072,2,14,17.914,22.603
2072,2,15,15.758,23.88
2072,2,16,14.388,24.489
2072,2,17,14.23,23.12
2072,2,18,11.624,21.148
2072,2,19,9.758,21.747
2072,2,20,12.458,15.638
2072,2,21,11.215,17.624
2072,2,22,12.546,20.943
2072,2,23,11.433,23.165
2072,2,24,12.668,15.685
2072,2,25,14.005,14.517
2072,2,26,15.834,11.936
2072,2,27,14.347,12.595
2072,2,28,15.648,15.762
2072,2,29,17.084,18.372
2072,3,1,16.685,16.342
2072,3,2,19.467,16.175
2072,3,3,19.726,20.383
2072,3,4,17.573,18.821
2072,3,5,17.461,15.542
2072,3,6,18.723,14.446
2072,3,7,19.653,12.86
2072,3,8,17.335,13.116
2072,3,9,17.253,15.871
2072,3,10,18.32,15.267
2072,3,11,16.975,14.172
2072,3,12,14.871,18.135
2072,3,13,18.023,24.834
2072,3,14,19.699,19.552
2072,3,15,21.886,16.724
2072,3,16,18.765,15.459
2072,3,17,17.827,14.308
2072,3,18,20.271,14.226
2072,3,19,16.713,17.768
2072,3,20,15.265,20.616
2072,3,21,15.991,25.547
2072,3,22,22.624,24.56
2072,3,23,27.282,25.141
2072,3,24,31.356,23.107
2072,3,25,30.779,21.919
2072,3,26,30.151,24.689
2072,3,27,26.795,27.944
2072,3,28,23.133,30.364
2072,3,29,23.447,31.788
2072,3,30,23.515,31.388
2072,3,31,23.669,32.071
2072,4,1,25.602,33.063
2072,4,2,27.278,30.665
2072,4,3,26.539,23.826
2072,4,4,22.669,20.916
2072,4,5,17.632,20.039
2072,4,6,15.19,24.828
2072,4,7,19.644,29.109
2072,4,8,22.538,27.236
2072,4,9,23.399,23.537
2072,4,10,19.804,19.543
2072,4,11,18.363,20.061
2072,4,12,18.145,21.449
2072,4,13,11.978,24.724
2072,4,14,13.81,28.372
2072,4,15,15.793,30.068
2072,4,16,21.266,29.835
2072,4,17,15.183,29.797
2072,4,18,15.95,25.418
2072,4,19,20.968,28.144
2072,4,20,22.254,25.967
2072,4,21,27.528,20.737
2072,4,22,27.543,20.593
2072,4,23,25.173,20.405
2072,4,24,23.119,22.115
2072,4,25,25.206,21.682
2072,4,26,23.897,21.935
2072,4,27,20.58,17.852
2072,4,28,24.481,21.118
2072,4,29,26.918,18.869
2072,4,30,25.707,16.734
2072,5,1,28.329,14.065
2072,5,2,33.183,12.488
2072,5,3,33.796,18.777
2072,5,4,37.367,24.145
2072,5,5,36.522,26.522
2072,5,6,31.843,28.709
2072,5,7,31.89,27.184
2072,5,8,30.013,28.069
2072,5,9,27.063,30.615
2072,5,10,29.899,28.246
2072,5,11,28.974,30.685
2072,5,12,29.535,33.376
2072,5,13,32.036,34.663
2072,5,14,24.334,36.078
2072,5,15,23.477,37.968
2072,5,16,24.471,36.839
2072,5,17,24.867,33.726
2072,5,18,28.634,27.277
2072,5,19,28.146,29.94
2072,5,20,29.987,31.725
2072,5,21,33.094,29.196
2072,5,22,35.072,28.133
2072,5,23,33.358,29.891
2072,5,24,32.472,32.323
2072,5,25,33.052,36.187
2072,5,26,36.627,37.665
2072,5,27,37.381,38.15
2072,5,28,38.949,38.415
2072,5,29,38.025,36.234
2072,5,30,39.961,32.635
2072,5,31,39.64,30.282
2072,6,1,39.345,30.214
2072,6,2,38.651,30.017
2072,6,3,37.967,30.137
2072,6,4,37.695,35.484
2072,6,5,37.155,39.24
2072,6,6,37.142,40.819
2072,6,7,35.666,41.112
2072,6,8,37.018,39.951
2072,6,9,35.841,36.479
2072,6,10,36.359,34.455
2072,6,11,34.516,33.689
2072,6,12,35.082,32.448
2072,6,13,35.326,31.997
2072,6,14,34.942,31.963
2072,6,15,31.89,32.149
2072,6,16,36.025,34.584
2072,6,17,34.109,39.317
2072,6,18,31.182,42.166
2072,6,19,37.43,43.207
2072,6,20,38.049,43.773
2072,6,21,36.772,40.378
2072,6,22,35.004,38.732
2072,6,23,34.953,37.42
2072,6,24,35.155,36.972
2072,6,25,37.484,37.848
2072,6,26,37.268,39.797
2072,6,27,39.256,39.878
2072,6,28,37.512,39.34
2072,6,29,37.695,40.113
2072,6,30,36.168,40.451
2072,7,1,35.521,40.555
2072,7,2,35.617,43.327
2072,7,3,35.22,43.177
2072,7,4,38.143,42.414
2072,7,5,40.692,42.482
2072,7,6,41.377,43.052
2072,7,7,41.428,40.622
2072,7,8,40.605,41.87
2072,7,9,39.376,44.155
2072,7,10,34.02,44.593
2072,7,11,34.729,43.359
2072,7,12,34.713,40.935
2072,7,13,38.529,39.924
2072,7,14,39.079,39.19
2072,7,15,40.606,39.061
2072,7,16,39.978,41.44
2072,7,17,39.574,42.027
2072,7,18,38.106,42.381
2072,7,19,38.839,42.744
2072,7,20,37.557,41.277
2072,7,21,37.365,40.371
2072,7,22,37.105,40.641
2072,7,23,37.151,38.48
2072,7,24,37.378,37.148
2072,7,25,39.609,35.452
2072,7,26,39.936,36.408
2072,7,27,40.885,38.198
2072,7,28,41.374,39.244
2072,7,29,42.729,38.949
2072,7,30,43.817,41.1
2072,7,31,41.735,43.476
2072,8,1,39.324,42.825
2072,8,2,38.967,42.36
2072,8,3,38.884,42.127
2072,8,4,38.457,42.63
2072,8,5,35.357,41.524
2072,8,6,35.494,41.348
2072,8,7,36.567,42.257
2072,8,8,40.049,43.293
2072,8,9,41.305,42.369
2072,8,10,40.241,44.006
2072,8,11,41.351,44.325
2072,8,12,39.056,43.691
2072,8,13,39.376,41.105
2072,8,14,41.798,37.142
2072,8,15,43.223,34.536
2072,8,16,41.794,35.247
2072,8,17,38.704,38.628
2072,8,18,34.917,38.057
2072,8,19,33.741,38.069
2072,8,20,35.078,38.166
2072,8,21,36.622,36.391
2072,8,22,35.951,37.105
2072,8,23,35.784,35.297
2072,8,24,39.93,34.904
2072,8,25,39.354,34.938
2072,8,26,37.605,34.724
2072,8,27,32.029,34.032
2072,8,28,31.359,33.411
2072,8,29,30.136,35.034
2072,8,30,32.544,39.217
2072,8,31,35.378,38.794
2072,9,1,38.045,38.24
2072,9,2,37.138,35.578
2072,9,3,37.646,34.985
2072,9,4,39.868,33.754
2072,9,5,37.803,31.039
2072,9,6,37.806,30.847
2072,9,7,35.114,31.334
2072,9,8,33.329,37.761
2072,9,9,35.544,37.188
2072,9,10,36.707,36.983
2072,9,11,38.471,36.014
2072,9,12,38.725,33.914
2072,9,13,39.111,35.575
2072,9,14,41.328,39.541
2072,9,15,42.406,42.946
2072,9,16,40.835,41.679
2072,9,17,38.991,42.433
2072,9,18,38.393,42.073
2072,9,19,38.111,38.509
2072,9,20,38.134,37.262
2072,9,21,37.7,36.173
2072,9,22,36.456,36.278
2072,9,23,34.183,36.771
2072,9,24,31.468,37.866
2072,9,25,31.639,36.442
2072,9,26,30.9,34.667
2072,9,27,25.583,34.322
2072,9,28,26.618,33.122
2072,9,29,29.405,32.066
2072,9,30,30.002,29.676
2072,10,1,32.31,34.488
2072,10,2,30.586,33.457
2072,10,3,29.242,32.513
2072,10,4,28.38,33.643
2072,10,5,28.219,35.303
2072,10,6,31.681,31.25
2072,10,7,31.582,32.204
2072,10,8,31.057,33.4
2072,10,9,31.907,30.53
2072,10,10,26.787,29.282
2072,10,11,26.962,27.101
2072,10,12,30.008,24.657
2072,10,13,29.721,21.105
2072,10,14,31.793,21.302
2072,10,15,27.521,22.244
2072,10,16,29.443,26.948
2072,10,17,24.956,28.28
2072,10,18,25.419,25.898
2072,10,19,30.492,23.777
2072,10,20,30.058,21.308
2072,10,21,20.794,23.623
2072,10,22,18.448,25.503
2072,10,23,21.929,23.292
2072,10,24,25.309,19.476
2072,10,25,25.74,19.905
2072,10,26,26.16,23.443
2072,10,27,26.698,23.104
2072,10,28,19.309,18.669
2072,10,29,17.542,21.291
2072,10,30,19.378,22.221
2072,10,31,21.422,24.41
2072,11,1,21.615,24.876
2072,11,2,21.101,24.145
2072,11,3,22.516,25.764
2072,11,4,21.131,27.011
2072,11,5,22.104,27.233
2072,11,6,20.453,26.918
2072,11,7,25.446,22.576
2072,11,8,24.53,20.874
2072,11,9,21.459,24.632
2072,11,10,20.23,25.165
2072,11,11,22.287,22.683
2072,11,12,20.911,25.777
2072,11,13,19.527,22.639
2072,11,14,17.849,21.335
2072,11,15,16.238,20.308
2072,11,16,17.588,15.663
2072,11,17,13.615,15.85
2072,11,18,15.236,20.456
2072,11,19,15.093,20.526
2072,11,20,18.009,19.329
2072,11,21,16.582,20.911
2072,11,22,15.656,20.001
2072,11,23,20.36,20.374
2072,11,24,18.495,19.29
2072,11,25,16.636,20.511
2072,11,26,11.758,18.443
2072,11,27,13.955,15.361
2072,11,28,14.225,18.415
2072,11,29,18.259,18.92
2072,11,30,14.54,18.297
2072,12,1,13.31,18.79
2072,12,2,14.48,17.373
2072,12,3,13.763,16.3
2072,12,4,12.27,14.992
2072,12,5,13.66,12.091
2072,12,6,14.57,11.771
2072,12,7,14.696,15.815
2072,12,8,14.731,15.844
2072,12,9,19.215,12.84
2072,12,10,19.577,13.731
2072,12,11,18.158,16.101
2072,12,12,19.797,14.417
2072,12,13,16.221,13.852
2072,12,14,12.73,15.796
2072,12,15,12.768,13.006
2072,12,16,11.289,14.84
2072,12,17,10.879,13.059
2072,12,18,12.396,13.913
2072,12,19,14.763,16.414
2072,12,20,13.379,14.026
2072,12,21,18.043,13.108
2072,12,22,16.402,11.864
2072,12,23,19.567,10.404
2072,12,24,19.89,11.182
2072,12,25,17.344,11.541
2072,12,26,16.573,14.59
2072,12,27,17.215,11.769
2072,12,28,16.933,11.076
2072,12,29,14.107,11.577
2072,12,30,13.663,13.297
2072,12,31,14.543,14.354
2073,1,1,14.772,12.909
2073,1,2,16.045,13.164
2073,1,3,13.887,16.64
2073,1,4,11.62,16.059
2073,1,5,10.897,14.655
2073,1,6,10.079,14.65
2073,1,7,11.565,15.935
2073,1,8,14.821,16.013
2073,1,9,14.551,15.43
2073,1,10,12.751,18.937
2073,1,11,13.236,18.508
2073,1,12,13.074,16.642
2073,1,13,11.644,15.106
2073,1,14,10.675,14.115
2073,1,15,12.429,13.233
2073,1,16,12.037,15.334
2073,1,17,14.337,15.646
2073,1,18,14.036,12.705
2073,1,19,15.575,12.361
2073,1,20,15.626,16.947
2073,1,21,15.605,18.134
2073,1,22,15.5,20.203
2073,1,23,15.489,15.754
2073,1,24,14.374,13.617
2073,1,25,13.931,13.546
2073,1,26,15.169,15.878
2073,1,27,12.729,14.969
2073,1,28,11.996,19.484
2073,1,29,13.378,20.943
2073,1,30,13.829,18.704
2073,1,31,14.417,21.659
2073,2,1,11.017,16.032
2073,2,2,13.344,10.419
2073,2,3,13.443,14.507
2073,2,4,13.05,14.727
2073,2,5,13.208,14.92
2073,2,6,13.259,14.737
2073,2,7,12.964,17.477
2073,2,8,13.75,17.189
2073,2,9,15.493,16.847
2073,2,10,15.248,16.427
2073,2,11,13.497,14.495
2073,2,12,10.96,15.808
2073,2,13,11.419,17.523
2073,2,14,14.61,19.228
2073,2,15,15.26,19.01
2073,2,16,15.198,16.701
2073,2,17,17.349,15.305
2073,2,18,20.237,13.07
2073,2,19,20.763,10.61
2073,2,20,19.589,13.106
2073,2,21,20.713,14.299
2073,2,22,19.23,15.564
2073,2,23,23.084,14.63
2073,2,24,19.276,14.848
2073,2,25,17.03,17.713
2073,2,26,12.633,19.868
2073,2,27,16.238,17.193
2073,2,28,18.519,19.55
2073,3,1,19.876,18.142
2073,3,2,20.125,18.118
2073,3,3,19.562,17.816
2073,3,4,17.452,16.104
2073,3,5,18.283,16.547
2073,3,6,17.932,17.872
2073,3,7,14.869,20.035
2073,3,8,16.247,16.868
2073,3,9,19.753,14.755
2073,3,10,22.224,17.302
2073,3,11,26.813,18.686
2073,3,12,24.651,19.045
2073,3,13,21.55,19.901
2073,3,14,18.392,23.544
2073,3,15,20.206,20.364
2073,3,16,21.856,21.456
2073,3,17,22.62,22.785
2073,3,18,26.24,23.12
2073,3,19,25.896,23.306
2073,3,20,27.052,22.744
2073,3,21,28.829,25.674
2073,3,22,30.727,25.208
2073,3,23,31.013,26.618
2073,3,24,29.735,24.623
2073,3,25,25.131,18.943
2073,3,26,21.963,14.566
2073,3,27,16.68,14.376
2073,3,28,20.009,19.797
2073,3,29,25.286,19.756
2073,3,30,28.586,20.849
2073,3,31,27.418,24.754
2073,4,1,19.663,25.757
2073,4,2,20.19,23.226
2073,4,3,24.016,18.324
2073,4,4,25.409,11.994
2073,4,5,24.237,10.378
2073,4,6,20.394,13.466
2073,4,7,21.798,19.033
2073,4,8,23.822,20.797
2073,4,9,17.958,14.563
2073,4,10,17.306,19.642
2073,4,11,17.159,25.492
2073,4,12,19.04,24.109
2073,4,13,13.137,19.883
2073,4,14,13.977,18.499
2073,4,15,14.486,22.765
2073,4,16,14.375,25.675
2073,4,17,13.348,20.365
2073,4,18,14.697,15.427
2073,4,19,14.79,17.066
2073,4,20,18.043,17.674
2073,4,21,22.841,16.232
2073,4,22,26.707,10.142
2073,4,23,26.706,10.585
2073,4,24,23.71,11.391
2073,4,25,22.842,12.553
2073,4,26,22.321,13.467
2073,4,27,22.937,11.673
2073,4,28,17.46,13.995
2073,4,29,13.324,14.728
2073,4,30,17.495,13.917
2073,5,1,24.415,10.141
2073,5,2,22.871,17.914
2073,5,3,15.566,22.227
2073,5,4,17.703,29.635
2073,5,5,17.16,31.938
2073,5,6,16.682,33.352
2073,5,7,21.237,28.385
2073,5,8,21.121,26.37
2073,5,9,15.868,28.148
2073,5,10,22.662,28.776
2073,5,11,26.808,29.513
2073,5,12,29.3,31.191
2073,5,13,30.103,31.287
2073,5,14,31.222,30.487
2073,5,15,32.392,30.521
2073,5,16,31.443,32.35
2073,5,17,30.769,35.852
2073,5,18,30.939,36.028
2073,5,19,30.73,34.232
2073,5,20,30.968,31.531
2073,5,21,30.771,31.474
2073,5,22,28.421,30.731
2073,5,23,26.551,23.573
2073,5,24,29.72,24.445
2073,5,25,31.983,26.207
2073,5,26,33.125,27.076
2073,5,27,32.59,28.901
2073,5,28,34.288,29.794
2073,5,29,32.237,31.584
2073,5,30,33.679,32.696
2073,5,31,31.818,31.706
2073,6,1,29.296,33.86
2073,6,2,35.609,32.564
2073,6,3,38.486,29.676
2073,6,4,38.727,26.294
2073,6,5,37.095,26.559
2073,6,6,32.421,24.191
2073,6,7,31.399,27.629
2073,6,8,26.214,30.199
2073,6,9,27.27,31.616
2073,6,10,27.743,31.416
2073,6,11,32.982,30.123
2073,6,12,35.281,35.344
2073,6,13,34.283,39.247
2073,6,14,34.008,40.832
2073,6,15,35.621,41.061
2073,6,16,36.624,41.116
2073,6,17,40.876,39.149
2073,6,18,40.743,38.977
2073,6,19,40.784,38.748
2073,6,20,40.859,36.144
2073,6,21,39.387,32.705
2073,6,22,38.489,28.478
2073,6,23,36.518,30.426
2073,6,24,34.095,33.001
2073,6,25,33.714,28.274
2073,6,26,34.176,30.711
2073,6,27,33.385,32.347
2073,6,28,31.484,35.953
2073,6,29,33.729,35.125
2073,6,30,35.041,33.952
2073,7,1,33.225,36.458
2073,7,2,33.305,36.842
2073,7,3,34.562,36.729
2073,7,4,35.746,35.385
2073,7,5,36.296,33.496
2073,7,6,38.024,33.509
2073,7,7,35.836,33.628
2073,7,8,37.906,40.845
2073,7,9,37.815,43.004
2073,7,10,39.433,44.062
2073,7,11,41.333,44.633
2073,7,12,41.585,42.094
2073,7,13,41.515,39.231
2073,7,14,40.791,36.983
2073,7,15,41.29,38.481
2073,7,16,41.161,36.143
2073,7,17,41.529,39.141
2073,7,18,41.929,43.81
2073,7,19,41.941,46.229
2073,7,20,41.879,47.181
2073,7,21,39.315,43.813
2073,7,22,36.25,39.335
2073,7,23,35.093,38.204
2073,7,24,34.409,37.471
2073,7,25,34.591,38.306
2073,7,26,34.931,39.0
2073,7,27,35.789,39.269
2073,7,28,34.937,38.782
2073,7,29,36.366,37.675
2073,7,30,36.427,35.251
2073,7,31,34.727,37.043
2073,8,1,33.808,37.889
2073,8,2,36.521,37.252
2073,8,3,35.079,35.338
2073,8,4,37.142,34.942
2073,8,5,35.249,34.184
2073,8,6,35.354,34.867
2073,8,7,38.333,38.269
2073,8,8,38.394,39.238
2073,8,9,33.419,39.438
2073,8,10,29.579,39.607
2073,8,11,27.034,42.011
2073,8,12,31.151,41.898
2073,8,13,34.296,44.0
2073,8,14,35.457,44.688
2073,8,15,36.484,45.678
2073,8,16,39.667,47.907
2073,8,17,37.888,47.234
2073,8,18,35.008,43.727
2073,8,19,36.426,40.681
2073,8,20,39.758,36.066
2073,8,21,38.851,35.063
2073,8,22,37.49,34.338
2073,8,23,37.89,35.024
2073,8,24,37.493,35.626
2073,8,25,37.876,37.433
2073,8,26,35.643,35.113
2073,8,27,35.381,34.684
2073,8,28,34.156,34.894
2073,8,29,36.128,35.291
2073,8,30,34.301,37.861
2073,8,31,33.726,41.142
2073,9,1,33.269,39.558
2073,9,2,31.858,41.7
2073,9,3,33.672,40.232
2073,9,4,30.261,40.208
2073,9,5,30.11,42.012
2073,9,6,30.333,39.392
2073,9,7,35.229,38.021
2073,9,8,36.314,35.47
2073,9,9,36.346,35.64
2073,9,10,37.676,35.052
2073,9,11,37.965,38.283
2073,9,12,38.57,40.71
2073,9,13,37.779,40.48
2073,9,14,27.222,40.492
2073,9,15,27.623,39.477
2073,9,16,25.775,39.602
2073,9,17,21.803,39.209
2073,9,18,21.947,39.173
2073,9,19,21.552,40.223
2073,9,20,24.898,39.945
2073,9,21,28.778,39.016
2073,9,22,28.252,37.305
2073,9,23,30.286,38.78
2073,9,24,32.839,39.552
2073,9,25,31.637,37.123
2073,9,26,30.242,35.468
2073,9,27,24.633,33.21
2073,9,28,25.265,31.485
2073,9,29,27.901,31.239
2073,9,30,30.226,27.768
2073,10,1,31.856,28.424
2073,10,2,35.972,33.156
2073,10,3,35.476,38.205
2073,10,4,30.098,36.953
2073,10,5,26.208,36.247
2073,10,6,28.312,38.534
2073,10,7,29.238,37.823
2073,10,8,28.245,37.221
2073,10,9,25.301,34.74
2073,10,10,26.103,34.447
2073,10,11,25.612,30.136
2073,10,12,24.436,32.036
2073,10,13,20.544,34.706
2073,10,14,22.276,36.639
2073,10,15,21.751,37.177
2073,10,16,16.613,37.326
2073,10,17,16.923,35.455
2073,10,18,17.216,32.223
2073,10,19,17.394,26.635
2073,10,20,18.894,25.896
2073,10,21,18.047,28.291
2073,10,22,22.212,28.784
2073,10,23,23.155,28.192
2073,10,24,22.656,31.098
2073,10,25,16.37,31.814
2073,10,26,21.566,31.761
2073,10,27,23.702,28.987
2073,10,28,26.953,29.457
2073,10,29,27.196,29.489
2073,10,30,26.799,31.923
2073,10,31,26.985,31.416
2073,11,1,23.784,30.069
2073,11,2,15.895,30.231
2073,11,3,15.192,28.839
2073,11,4,21.275,29.455
2073,11,5,21.132,30.6
2073,11,6,21.159,31.909
2073,11,7,22.17,29.946
2073,11,8,22.127,26.792
2073,11,9,20.602,23.381
2073,11,10,20.392,24.792
2073,11,11,19.606,23.076
2073,11,12,18.179,19.898
2073,11,13,19.137,21.708
2073,11,14,20.276,24.891
2073,11,15,20.147,25.033
2073,11,16,20.454,22.947
2073,11,17,20.486,20.323
2073,11,18,18.294,17.231
2073,11,19,18.656,20.657
2073,11,20,19.275,20.622
2073,11,21,19.001,21.145
2073,11,22,20.008,17.924
2073,11,23,20.208,22.199
2073,11,24,16.598,21.332
2073,11,25,16.403,19.18
2073,11,26,18.557,20.787
2073,11,27,18.844,18.232
2073,11,28,18.27,21.934
2073,11,29,14.214,21.893
2073,11,30,14.896,20.61
2073,12,1,14.57,21.067
2073,12,2,16.849,18.375
2073,12,3,14.084,19.237
2073,12,4,13.628,16.635
2073,12,5,12.842,18.941
2073,12,6,14.908,16.89
2073,12,7,13.931,12.76
2073,12,8,16.622,15.0
2073,12,9,11.697,15.717
2073,12,10,11.179,16.652
2073,12,11,10.432,14.662
2073,12,12,8.604,13.7
2073,12,13,13.38,13.974
2073,12,14,12.813,14.737
2073,12,15,4.894,15.386
2073,12,16,4.472,14.243
2073,12,17,9.422,18.228
2073,12,18,10.59,19.629
2073,12,19,12.376,23.035
2073,12,20,11.281,23.808
2073,12,21,10.922,25.513
2073,12,22,11.315,20.704
2073,12,23,17.021,20.627
2073,12,24,14.895,17.85
2073,12,25,12.921,17.301
2073,12,26,13.617,17.577
2073,12,27,14.952,19.668
2073,12,28,17.591,19.595
2073,12,29,14.392,17.73
2073,12,30,19.199,16.481
2073,12,31,15.427,17.463
2074,1,1,13.884,17.977
2074,1,2,14.44,19.639
2074,1,3,9.858,17.144
2074,1,4,10.586,15.598
2074,1,5,11.35,14.873
2074,1,6,11.864,13.095
2074,1,7,7.853,14.109
2074,1,8,11.85,14.5
2074,1,9,12.69,14.299
2074,1,10,12.919,14.901
2074,1,11,15.237,14.484
2074,1,12,13.903,13.263
2074,1,13,13.489,17.459
2074,1,14,17.962,17.718
2074,1,15,17.182,18.065
2074,1,16,18.693,19.81
2074,1,17,14.141,16.772
2074,1,18,14.421,15.43
2074,1,19,15.252,13.478
2074,1,20,12.873,14.979
2074,1,21,13.758,15.992
2074,1,22,13.911,15.536
2074,1,23,15.071,15.302
2074,1,24,13.805,16.847
2074,1,25,12.255,17.729
2074,1,26,13.209,16.417
2074,1,27,18.238,19.234
2074,1,28,19.409,19.77
2074,1,29,20.148,19.951
2074,1,30,17.17,20.825
2074,1,31,19.363,16.683
2074,2,1,16.355,15.854
2074,2,2,12.811,14.59
2074,2,3,11.728,14.534
2074,2,4,13.949,10.809
2074,2,5,12.761,10.618
2074,2,6,12.967,11.506
2074,2,7,15.28,11.789
2074,2,8,16.405,14.524
2074,2,9,15.387,16.588
2074,2,10,16.218,15.424
2074,2,11,16.851,19.736
2074,2,12,18.156,20.905
2074,2,13,17.105,22.736
2074,2,14,17.706,18.951
2074,2,15,16.983,22.156
2074,2,16,17.052,21.785
2074,2,17,16.814,23.009
2074,2,18,16.674,23.03
2074,2,19,14.216,19.891
2074,2,20,12.534,18.731
2074,2,21,12.19,19.852
2074,2,22,13.745,22.868
2074,2,23,19.502,25.698
2074,2,24,22.346,28.053
2074,2,25,24.459,28.11
2074,2,26,26.049,29.305
2074,2,27,26.546,29.833
2074,2,28,24.373,29.816
2074,3,1,21.452,26.07
2074,3,2,18.219,21.384
2074,3,3,19.451,20.397
2074,3,4,16.743,17.005
2074,3,5,20.266,16.71
2074,3,6,23.982,14.947
2074,3,7,23.769,18.947
2074,3,8,17.986,18.161
2074,3,9,16.107,14.901
2074,3,10,18.405,13.656
2074,3,11,17.499,14.065
2074,3,12,17.781,16.831
2074,3,13,18.241,17.946
2074,3,14,17.763,21.258
2074,3,15,20.645,17.487
2074,3,16,21.288,14.222
2074,3,17,18.978,12.534
2074,3,18,21.569,12.426
2074,3,19,23.149,17.405
2074,3,20,28.754,20.486
2074,3,21,29.813,22.441
2074,3,22,25.927,24.705
2074,3,23,21.493,22.337
2074,3,24,23.309,19.952
2074,3,25,23.35,23.683
2074,3,26,21.914,24.272
2074,3,27,20.877,24.069
2074,3,28,17.803,20.335
2074,3,29,15.255,20.199
2074,3,30,17.859,20.861
2074,3,31,19.335,20.208
2074,4,1,18.232,17.685
2074,4,2,16.844,17.065
2074,4,3,11.748,17.73
2074,4,4,9.75,21.907
2074,4,5,13.376,27.061
2074,4,6,18.186,30.218
2074,4,7,15.677,25.302
2074,4,8,15.606,19.66
2074,4,9,18.472,21.553
2074,4,10,20.246,25.686
2074,4,11,20.22,24.225
2074,4,12,22.849,21.642
2074,4,13,24.012,19.221
2074,4,14,20.619,23.195
2074,4,15,19.668,19.537
2074,4,16,14.624,16.033
2074,4,17,16.289,13.7
2074,4,18,18.901,11.022
2074,4,19,22.184,14.518
2074,4,20,24.683,17.218
2074,4,21,24.925,16.58
2074,4,22,25.8,16.284
2074,4,23,26.056,15.406
2074,4,24,28.306,21.304
2074,4,25,29.969,16.594
2074,4,26,31.273,15.072
2074,4,27,32.436,20.207
2074,4,28,32.792,19.937
2074,4,29,33.5,20.607
2074,4,30,27.327,19.649
2074,5,1,21.769,22.971
2074,5,2,21.839,27.445
2074,5,3,23.656,26.859
2074,5,4,24.99,23.417
2074,5,5,27.195,21.752
2074,5,6,27.074,24.377
2074,5,7,29.125,28.158
2074,5,8,28.275,30.904
2074,5,9,28.89,31.135
2074,5,10,27.076,30.492
2074,5,11,26.143,34.821
2074,5,12,26.087,37.568
2074,5,13,22.747,37.983
2074,5,14,23.752,37.504
2074,5,15,27.145,36.005
2074,5,16,29.531,34.173
2074,5,17,29.615,35.883
2074,5,18,30.968,33.92
2074,5,19,33.818,30.365
2074,5,20,35.839,31.935
2074,5,21,36.398,35.302
2074,5,22,35.555,38.104
2074,5,23,30.617,38.37
2074,5,24,28.595,37.638
2074,5,25,32.603,37.738
2074,5,26,35.238,36.177
2074,5,27,36.803,33.048
2074,5,28,36.189,34.373
2074,5,29,32.532,36.242
2074,5,30,30.432,34.49
2074,5,31,30.158,32.661
2074,6,1,26.94,33.683
2074,6,2,28.316,34.208
2074,6,3,27.877,33.474
2074,6,4,31.04,35.182
2074,6,5,33.039,36.777
2074,6,6,35.999,31.218
2074,6,7,37.344,36.512
2074,6,8,38.032,38.145
2074,6,9,40.186,37.323
2074,6,10,40.043,36.71
2074,6,11,40.563,38.099
2074,6,12,39.566,39.057
2074,6,13,36.53,40.389
2074,6,14,31.209,41.823
2074,6,15,35.061,39.754
2074,6,16,38.884,37.937
2074,6,17,39.595,36.814
2074,6,18,35.411,36.959
2074,6,19,35.364,40.414
2074,6,20,36.38,40.617
2074,6,21,37.26,40.719
2074,6,22,36.832,40.306
2074,6,23,36.733,39.689
2074,6,24,42.185,39.733
2074,6,25,40.604,40.728
2074,6,26,38.151,42.318
2074,6,27,34.424,41.547
2074,6,28,33.917,35.903
2074,6,29,34.708,34.489
2074,6,30,33.829,36.082
2074,7,1,32.613,39.128
2074,7,2,33.767,36.334
2074,7,3,33.435,37.412
2074,7,4,36.964,34.065
2074,7,5,38.616,35.087
2074,7,6,38.598,36.19
2074,7,7,35.661,38.173
2074,7,8,34.123,40.145
2074,7,9,33.786,40.789
2074,7,10,35.112,39.613
2074,7,11,34.216,36.911
2074,7,12,34.512,40.386
2074,7,13,32.9,42.882
2074,7,14,30.543,43.545
2074,7,15,28.557,45.474
2074,7,16,33.118,44.1
2074,7,17,33.999,44.765
2074,7,18,39.195,44.429
2074,7,19,40.515,44.512
2074,7,20,42.134,46.202
2074,7,21,44.103,44.852
2074,7,22,43.866,44.003
2074,7,23,42.245,43.834
2074,7,24,39.698,45.312
2074,7,25,36.684,44.76
2074,7,26,36.986,45.075
2074,7,27,36.565,43.556
2074,7,28,36.458,42.944
2074,7,29,39.847,44.044
2074,7,30,37.816,45.772
2074,7,31,40.251,45.679
2074,8,1,40.157,46.152
2074,8,2,38.915,46.483
2074,8,3,42.11,46.421
2074,8,4,43.757,41.577
2074,8,5,39.054,37.944
2074,8,6,35.411,36.255
2074,8,7,34.291,34.055
2074,8,8,34.172,35.267
2074,8,9,30.975,33.84
2074,8,10,33.587,35.159
2074,8,11,35.753,34.489
2074,8,12,32.902,35.261
2074,8,13,32.301,36.577
2074,8,14,34.113,34.525
2074,8,15,33.298,33.657
2074,8,16,32.814,33.215
2074,8,17,32.804,29.077
2074,8,18,32.527,29.022
2074,8,19,34.078,30.381
2074,8,20,34.209,31.195
2074,8,21,37.18,31.746
2074,8,22,40.465,38.343
2074,8,23,39.573,38.275
2074,8,24,35.494,35.564
2074,8,25,38.403,36.531
2074,8,26,38.653,36.41
2074,8,27,36.733,35.333
2074,8,28,33.99,35.22
2074,8,29,36.651,36.006
2074,8,30,36.84,38.306
2074,8,31,37.177,38.661
2074,9,1,35.919,36.53
2074,9,2,36.861,38.652
2074,9,3,35.772,33.881
2074,9,4,38.854,35.065
2074,9,5,39.496,37.659
2074,9,6,40.766,37.274
2074,9,7,39.894,34.139
2074,9,8,40.621,31.991
2074,9,9,39.281,30.76
2074,9,10,39.775,26.326
2074,9,11,39.898,33.347
2074,9,12,40.761,33.517
2074,9,13,40.39,36.074
2074,9,14,39.084,40.747
2074,9,15,38.271,39.505
2074,9,16,36.616,34.063
2074,9,17,38.655,33.694
2074,9,18,38.468,37.955
2074,9,19,38.383,41.717
2074,9,20,36.187,40.008
2074,9,21,33.341,39.172
2074,9,22,33.834,38.243
2074,9,23,35.784,33.285
2074,9,24,35.613,33.606
2074,9,25,37.006,29.483
2074,9,26,37.103,26.826
2074,9,27,35.337,27.207
2074,9,28,30.586,27.322
2074,9,29,32.151,27.575
2074,9,30,35.711,29.286
2074,10,1,36.16,26.778
2074,10,2,34.261,20.92
2074,10,3,29.244,20.186
2074,10,4,24.178,23.906
2074,10,5,17.581,24.688
2074,10,6,14.119,27.481
2074,10,7,18.134,32.431
2074,10,8,18.741,32.365
2074,10,9,17.562,30.698
2074,10,10,21.748,27.428
2074,10,11,24.869,26.554
2074,10,12,25.323,28.307
2074,10,13,27.312,32.127
2074,10,14,25.958,30.727
2074,10,15,23.487,24.613
2074,10,16,24.141,23.189
2074,10,17,21.845,21.236
2074,10,18,23.162,21.047
2074,10,19,24.381,20.274
2074,10,20,24.643,20.708
2074,10,21,25.95,22.916
2074,10,22,26.372,27.805
2074,10,23,27.632,26.538
2074,10,24,26.902,26.505
2074,10,25,29.291,24.172
2074,10,26,29.777,24.466
2074,10,27,32.199,25.797
2074,10,28,30.289,27.99
2074,10,29,28.849,20.632
2074,10,30,29.196,20.465
2074,10,31,26.449,18.894
2074,11,1,24.428,21.918
2074,11,2,23.532,22.321
2074,11,3,22.193,19.769
2074,11,4,22.133,21.365
2074,11,5,24.701,23.447
2074,11,6,23.192,21.86
2074,11,7,22.75,21.822
2074,11,8,21.079,17.791
2074,11,9,20.702,18.143
2074,11,10,20.299,19.519
2074,11,11,20.49,18.781
2074,11,12,23.896,19.635
2074,11,13,22.691,16.404
2074,11,14,23.097,14.893
2074,11,15,20.365,15.687
2074,11,16,15.846,18.23
2074,11,17,16.817,16.481
2074,11,18,16.897,17.358
2074,11,19,17.805,15.501
2074,11,20,16.807,16.127
2074,11,21,13.848,17.449
2074,11,22,14.959,18.132
2074,11,23,14.926,20.246
2074,11,24,16.032,20.557
2074,11,25,13.811,17.981
2074,11,26,12.281,16.362
2074,11,27,11.345,19.606
2074,11,28,16.651,18.9
2074,11,29,14.299,17.247
2074,11,30,13.698,16.29
2074,12,1,14.232,18.71
2074,12,2,15.923,15.415
2074,12,3,12.578,16.17
2074,12,4,15.441,13.469
2074,12,5,17.169,15.914
2074,12,6,19.408,12.059
2074,12,7,16.077,13.942
2074,12,8,15.195,16.618
2074,12,9,15.27,16.37
2074,12,10,14.96,16.99
2074,12,11,15.705,19.666
2074,12,12,19.606,22.363
2074,12,13,19.867,21.308
2074,12,14,18.394,20.5
2074,12,15,18.138,18.963
2074,12,16,14.756,19.718
2074,12,17,13.104,18.722
2074,12,18,13.396,15.812
2074,12,19,15.795,15.342
2074,12,20,11.73,14.883
2074,12,21,12.057,15.362
2074,12,22,17.594,12.21
2074,12,23,13.872,11.359
2074,12,24,13.769,11.9
2074,12,25,12.482,15.738
2074,12,26,10.851,12.754
2074,12,27,11.992,12.146
2074,12,28,13.414,14.08
2074,12,29,11.943,18.992
2074,12,30,12.856,18.533
2074,12,31,15.837,20.229
2075,1,1,16.397,18.689
2075,1,2,16.866,18.239
2075,1,3,17.711,17.183
2075,1,4,14.704,16.307
2075,1,5,15.641,17.67
2075,1,6,14.92,15.774
2075,1,7,15.186,18.734
2075,1,8,15.055,16.293
2075,1,9,14.89,16.78
2075,1,10,13.116,21.101
2075,1,11,12.972,18.381
2075,1,12,14.353,21.061
2075,1,13,16.237,18.853
2075,1,14,14.027,14.496
2075,1,15,13.242,11.45
2075,1,16,15.073,16.492
2075,1,17,13.861,20.837
2075,1,18,14.804,19.904
2075,1,19,14.628,20.089
2075,1,20,14.821,14.038
2075,1,21,14.384,16.604
2075,1,22,11.18,15.341
2075,1,23,11.571,16.247
2075,1,24,14.235,16.998
2075,1,25,12.029,13.798
2075,1,26,14.822,13.278
2075,1,27,14.125,11.611
2075,1,28,13.245,14.889
2075,1,29,11.748,13.5
2075,1,30,11.779,14.382
2075,1,31,15.699,12.64
2075,2,1,16.267,12.999
2075,2,2,13.989,11.87
2075,2,3,11.931,13.682
2075,2,4,12.544,16.241
2075,2,5,14.242,15.466
2075,2,6,14.187,14.857
2075,2,7,12.828,12.722
2075,2,8,18.306,13.244
2075,2,9,19.525,15.501
2075,2,10,20.992,18.119
2075,2,11,21.791,17.86
2075,2,12,21.233,18.558
2075,2,13,16.912,19.514
2075,2,14,18.195,19.057
2075,2,15,18.052,17.953
2075,2,16,18.105,15.318
2075,2,17,18.423,17.259
2075,2,18,15.15,18.036
2075,2,19,13.895,19.472
2075,2,20,12.422,18.255
2075,2,21,11.961,14.593
2075,2,22,16.257,16.035
2075,2,23,16.884,15.373
2075,2,24,12.789,15.107
2075,2,25,13.144,19.229
2075,2,26,12.144,19.589
2075,2,27,11.311,24.199
2075,2,28,11.149,24.43
2075,3,1,14.416,19.965
2075,3,2,15.82,15.977
2075,3,3,19.718,14.568
2075,3,4,21.13,17.997
2075,3,5,22.618,19.443
2075,3,6,23.195,22.315
2075,3,7,23.886,23.308
2075,3,8,22.997,23.047
2075,3,9,21.914,21.772
2075,3,10,20.348,21.051
2075,3,11,19.518,19.792
2075,3,12,21.717,18.306
2075,3,13,23.14,14.582
2075,3,14,24.087,16.277
2075,3,15,23.936,18.331
2075,3,16,21.194,18.162
2075,3,17,19.401,17.387
2075,3,18,15.678,19.663
2075,3,19,16.017,18.624
2075,3,20,19.261,17.69
2075,3,21,16.005,17.442
2075,3,22,15.457,18.696
2075,3,23,14.471,19.468
2075,3,24,18.059,25.296
2075,3,25,18.548,23.136
2075,3,26,18.173,20.771
2075,3,27,18.564,17.414
2075,3,28,14.897,14.045
2075,3,29,14.102,21.011
2075,3,30,14.544,23.83
2075,3,31,18.613,27.345
2075,4,1,19.081,27.043
2075,4,2,17.391,21.679
2075,4,3,12.955,22.279
2075,4,4,13.812,25.07
2075,4,5,19.276,25.958
2075,4,6,21.004,24.336
2075,4,7,21.246,21.499
2075,4,8,23.295,19.847
2075,4,9,25.831,24.328
2075,4,10,27.689,23.1
2075,4,11,29.466,19.634
2075,4,12,27.234,19.562
2075,4,13,20.091,20.429
2075,4,14,19.723,24.436
2075,4,15,20.945,25.989
2075,4,16,22.257,23.687
2075,4,17,20.681,24.554
2075,4,18,15.456,23.796
2075,4,19,13.774,23.529
2075,4,20,15.66,23.078
2075,4,21,22.413,23.706
2075,4,22,23.901,22.794
2075,4,23,19.351,20.972
2075,4,24,23.079,21.14
2075,4,25,23.866,23.177
2075,4,26,25.845,26.476
2075,4,27,26.175,27.139
2075,4,28,29.291,25.282
2075,4,29,25.613,23.816
2075,4,30,27.151,21.042
2075,5,1,28.747,20.59
2075,5,2,27.871,21.808
2075,5,3,26.379,22.09
2075,5,4,18.88,18.106
2075,5,5,18.025,23.221
2075,5,6,21.309,27.607
2075,5,7,24.223,29.782
2075,5,8,25.623,29.014
2075,5,9,22.98,27.056
2075,5,10,22.733,29.215
2075,5,11,21.548,32.493
2075,5,12,18.126,33.787
2075,5,13,15.525,33.744
2075,5,14,19.807,34.275
2075,5,15,23.293,34.026
2075,5,16,23.467,35.604
2075,5,17,21.409,37.186
2075,5,18,21.004,37.451
2075,5,19,21.518,38.143
2075,5,20,18.872,39.617
2075,5,21,21.249,37.175
2075,5,22,25.818,34.431
2075,5,23,24.564,32.912
2075,5,24,18.383,32.751
2075,5,25,15.068,34.891
2075,5,26,15.148,33.704
2075,5,27,19.158,25.117
2075,5,28,20.949,25.098
2075,5,29,21.73,29.468
2075,5,30,26.152,34.963
2075,5,31,27.416,38.51
2075,6,1,26.71,37.857
2075,6,2,29.281,30.624
2075,6,3,33.266,27.448
2075,6,4,34.522,32.212
2075,6,5,35.358,30.908
2075,6,6,35.754,28.606
2075,6,7,32.938,32.388
2075,6,8,31.403,32.422
2075,6,9,31.726,34.359
2075,6,10,32.496,35.5
2075,6,11,34.282,35.656
2075,6,12,33.622,37.699
2075,6,13,33.178,40.886
2075,6,14,31.863,40.377
2075,6,15,33.054,40.484
2075,6,16,34.609,40.218
2075,6,17,35.071,41.482
2075,6,18,37.115,44.183
2075,6,19,36.698,42.608
2075,6,20,30.28,44.124
2075,6,21,32.861,42.89
2075,6,22,34.335,38.677
2075,6,23,34.095,34.314
2075,6,24,33.32,36.469
2075,6,25,31.902,36.406
2075,6,26,32.871,36.414
2075,6,27,32.733,36.866
2075,6,28,35.406,37.271
2075,6,29,36.07,39.665
2075,6,30,36.289,38.77
2075,7,1,34.992,43.199
2075,7,2,37.14,45.525
2075,7,3,36.559,43.886
2075,7,4,40.149,43.43
2075,7,5,41.406,41.283
2075,7,6,43.36,43.0
2075,7,7,41.946,45.049
2075,7,8,42.842,43.554
2075,7,9,44.058,42.444
2075,7,10,43.721,33.678
2075,7,11,43.405,32.292
2075,7,12,43.81,35.68
2075,7,13,43.794,38.145
2075,7,14,41.547,39.084
2075,7,15,39.793,40.912
2075,7,16,38.136,40.596
2075,7,17,37.141,37.872
2075,7,18,37.418,37.568
2075,7,19,40.182,37.881
2075,7,20,42.912,38.636
2075,7,21,45.607,39.531
2075,7,22,45.659,41.693
2075,7,23,44.68,44.214
2075,7,24,43.19,45.551
2075,7,25,41.227,47.212
2075,7,26,42.653,45.197
2075,7,27,40.506,43.168
2075,7,28,41.915,40.065
2075,7,29,43.227,38.684
2075,7,30,43.774,38.634
2075,7,31,44.897,41.114
2075,8,1,43.705,39.499
2075,8,2,40.313,39.392
2075,8,3,36.718,36.304
2075,8,4,33.83,37.051
2075,8,5,38.499,36.785
2075,8,6,40.044,37.985
2075,8,7,41.083,38.884
2075,8,8,41.089,38.895
2075,8,9,38.709,38.162
2075,8,10,36.894,38.265
2075,8,11,35.982,38.374
2075,8,12,35.944,39.402
2075,8,13,36.83,37.985
2075,8,14,35.961,38.269
2075,8,15,34.153,37.598
2075,8,16,33.984,36.51
2075,8,17,36.533,37.162
2075,8,18,38.987,37.409
2075,8,19,39.605,39.78
2075,8,20,39.726,39.76
2075,8,21,36.036,40.977
2075,8,22,33.868,36.708
2075,8,23,32.196,35.459
2075,8,24,28.155,34.561
2075,8,25,27.1,34.034
2075,8,26,30.413,31.9
2075,8,27,34.527,31.298
2075,8,28,37.283,32.549
2075,8,29,36.909,31.914
2075,8,30,36.665,32.967
2075,8,31,38.268,33.433
2075,9,1,41.205,28.544
2075,9,2,39.749,32.617
2075,9,3,39.114,22.36
2075,9,4,40.449,15.779
2075,9,5,39.689,22.789
2075,9,6,41.267,29.124
2075,9,7,42.256,31.878
2075,9,8,40.659,32.391
2075,9,9,42.123,31.036
2075,9,10,41.294,33.353
2075,9,11,39.783,33.055
2075,9,12,39.341,36.274
2075,9,13,37.936,33.486
2075,9,14,34.714,33.673
2075,9,15,33.961,34.705
2075,9,16,29.758,32.738
2075,9,17,26.79,32.339
2075,9,18,26.99,31.964
2075,9,19,28.496,32.967
2075,9,20,21.31,33.947
2075,9,21,25.402,32.331
2075,9,22,26.449,30.398
2075,9,23,25.433,25.257
2075,9,24,22.719,25.517
2075,9,25,22.432,29.522
2075,9,26,26.358,34.891
2075,9,27,27.153,34.925
2075,9,28,25.887,28.735
2075,9,29,25.953,30.567
2075,9,30,24.076,34.186
2075,10,1,25.054,33.991
2075,10,2,32.449,33.996
2075,10,3,31.737,33.792
2075,10,4,32.168,37.079
2075,10,5,29.847,36.38
2075,10,6,29.728,37.003
2075,10,7,28.494,35.883
2075,10,8,27.985,35.528
2075,10,9,28.354,35.102
2075,10,10,31.85,37.133
2075,10,11,30.031,32.487
2075,10,12,28.54,34.353
2075,10,13,25.9,34.624
2075,10,14,25.057,37.151
2075,10,15,22.852,35.123
2075,10,16,19.098,33.66
2075,10,17,18.944,25.23
2075,10,18,18.18,19.66
2075,10,19,20.626,22.993
2075,10,20,23.537,25.226
2075,10,21,23.342,27.225
2075,10,22,23.214,26.617
2075,10,23,25.009,24.578
2075,10,24,24.218,24.144
2075,10,25,22.936,24.655
2075,10,26,17.969,26.398
2075,10,27,17.629,26.054
2075,10,28,18.576,25.358
2075,10,29,18.949,25.215
2075,10,30,18.537,24.368
2075,10,31,18.479,21.827
2075,11,1,17.867,23.483
2075,11,2,19.609,24.729
2075,11,3,21.023,24.328
2075,11,4,19.279,28.469
2075,11,5,15.57,26.683
2075,11,6,19.231,26.511
2075,11,7,21.614,22.904
2075,11,8,20.756,23.038
2075,11,9,19.588,21.72
2075,11,10,17.657,23.371
2075,11,11,17.679,21.867
2075,11,12,19.148,20.401
2075,11,13,19.581,24.743
2075,11,14,19.738,24.059
2075,11,15,19.519,21.532
2075,11,16,21.407,21.68
2075,11,17,19.26,18.482
2075,11,18,18.669,18.5
2075,11,19,18.094,19.585
2075,11,20,16.804,18.963
2075,11,21,13.497,16.417
2075,11,22,14.98,15.335
2075,11,23,14.035,18.122
2075,11,24,12.285,17.522
2075,11,25,13.198,18.823
2075,11,26,17.563,18.266
2075,11,27,19.187,19.182
2075,11,28,21.376,19.871
2075,11,29,18.634,22.053
2075,11,30,19.94,19.848
2075,12,1,18.23,18.604
2075,12,2,20.222,14.72
2075,12,3,19.208,16.298
2075,12,4,16.763,14.826
2075,12,5,15.845,16.522
2075,12,6,14.865,17.228
2075,12,7,17.425,20.137
2075,12,8,18.634,20.026
2075,12,9,19.436,19.882
2075,12,10,13.246,19.084
2075,12,11,12.921,18.9
2075,12,12,13.767,18.788
2075,12,13,14.537,17.564
2075,12,14,9.023,16.004
2075,12,15,9.945,15.657
2075,12,16,10.774,15.229
2075,12,17,6.339,16.227
2075,12,18,9.702,15.997
2075,12,19,12.962,18.903
2075,12,20,15.338,15.181
2075,12,21,13.226,11.67
2075,12,22,13.743,12.749
2075,12,23,13.023,12.303
2075,12,24,6.024,12.292
2075,12,25,10.314,14.27
2075,12,26,8.732,16.634
2075,12,27,13.247,15.942
2075,12,28,15.311,16.51
2075,12,29,11.504,14.95
2075,12,30,10.729,15.412
2075,12,31,15.85,15.767
2076,1,1,16.475,16.554
2076,1,2,15.927,16.408
2076,1,3,15.269,18.699
2076,1,4,15.929,16.897
2076,1,5,14.481,16.185
2076,1,6,16.987,17.104
2076,1,7,17.819,15.343
2076,1,8,14.948,16.428
2076,1,9,14.638,15.661
2076,1,10,15.288,14.729
2076,1,11,14.506,15.908
2076,1,12,17.115,16.486
2076,1,13,14.329,14.309
2076,1,14,14.1,14.078
2076,1,15,15.118,14.355
2076,1,16,13.957,17.767
2076,1,17,16.75,20.707
2076,1,18,13.038,21.257
2076,1,19,12.624,20.542
2076,1,20,12.582,22.377
2076,1,21,13.009,19.96
2076,1,22,12.118,16.028
2076,1,23,12.43,18.444
2076,1,24,13.25,16.407
2076,1,25,14.66,22.139
2076,1,26,13.103,18.973
2076,1,27,14.38,14.711
2076,1,28,14.156,16.347
2076,1,29,15.511,19.487
2076,1,30,19.045,20.97
2076,1,31,22.054,18.396
2076,2,1,23.483,17.469
2076,2,2,22.761,17.572
2076,2,3,22.681,18.112
2076,2,4,22.909,18.134
2076,2,5,22.695,18.64
2076,2,6,20.479,14.995
2076,2,7,20.393,16.211
2076,2,8,21.03,18.652
2076,2,9,20.553,20.096
2076,2,10,21.542,20.719
2076,2,11,23.389,19.899
2076,2,12,17.464,17.953
2076,2,13,19.967,19.285
2076,2,14,19.624,19.513
2076,2,15,20.978,18.906
2076,2,16,20.223,17.147
2076,2,17,19.499,15.503
2076,2,18,18.805,14.542
2076,2,19,17.922,18.231
2076,2,20,17.03,18.529
2076,2,21,17.877,12.537
2076,2,22,19.092,14.853
2076,2,23,20.339,18.311
2076,2,24,22.354,19.986
2076,2,25,23.538,21.961
2076,2,26,25.334,21.717
2076,2,27,24.692,20.5
2076,2,28,20.324,20.079
2076,2,29,21.699,17.766
2076,3,1,15.021,22.046
2076,3,2,10.72,20.486
2076,3,3,12.591,16.743
2076,3,4,16.296,17.905
2076,3,5,16.891,17.904
2076,3,6,17.052,20.34
2076,3,7,17.624,18.832
2076,3,8,16.105,16.892
2076,3,9,16.101,15.941
2076,3,10,16.792,17.677
2076,3,11,18.617,16.568
2076,3,12,21.773,16.699
2076,3,13,23.821,14.732
2076,3,14,23.032,13.986
2076,3,15,23.138,16.769
2076,3,16,23.233,17.795
2076,3,17,25.08,18.937
2076,3,18,22.761,18.732
2076,3,19,21.192,18.878
2076,3,20,22.765,16.97
2076,3,21,25.976,18.349
2076,3,22,26.043,22.712
2076,3,23,26.083,22.436
2076,3,24,25.752,15.847
2076,3,25,23.233,16.031
2076,3,26,18.585,21.391
2076,3,27,21.171,25.16
2076,3,28,22.937,24.185
2076,3,29,26.618,20.68
2076,3,30,26.908,17.513
2076,3,31,20.574,23.387
2076,4,1,18.666,27.123
2076,4,2,19.482,25.145
2076,4,3,22.722,19.344
2076,4,4,24.824,14.092
2076,4,5,22.509,13.72
2076,4,6,15.591,17.25
2076,4,7,20.349,22.29
2076,4,8,28.113,25.216
2076,4,9,24.97,27.985
2076,4,10,21.941,27.703
2076,4,11,13.771,25.896
2076,4,12,12.371,26.788
2076,4,13,14.267,27.135
2076,4,14,20.816,28.351
2076,4,15,24.924,28.152
2076,4,16,28.997,28.074
2076,4,17,29.774,25.284
2076,4,18,31.33,25.678
2076,4,19,29.01,26.501
2076,4,20,28.892,27.887
2076,4,21,27.586,21.443
2076,4,22,25.92,19.587
2076,4,23,25.631,24.408
2076,4,24,25.838,25.634
2076,4,25,21.919,26.09
2076,4,26,26.196,27.283
2076,4,27,29.106,28.757
2076,4,28,32.988,25.586
2076,4,29,33.654,25.522
2076,4,30,31.243,24.68
2076,5,1,29.683,17.876
2076,5,2,30.883,16.076
2076,5,3,30.02,18.869
2076,5,4,32.048,22.011
2076,5,5,29.894,18.453
2076,5,6,27.718,19.585
2076,5,7,26.552,11.558
2076,5,8,31.704,15.027
2076,5,9,32.414,19.573
2076,5,10,29.784,24.004
2076,5,11,22.776,28.006
2076,5,12,21.051,30.984
2076,5,13,21.724,32.453
2076,5,14,22.872,32.375
2076,5,15,23.112,33.15
2076,5,16,24.912,32.427
2076,5,17,29.646,31.826
2076,5,18,30.726,29.407
2076,5,19,30.137,25.172
2076,5,20,30.058,23.263
2076,5,21,32.15,26.844
2076,5,22,32.071,30.692
2076,5,23,30.483,32.735
2076,5,24,27.792,31.339
2076,5,25,26.733,32.521
2076,5,26,26.872,33.882
2076,5,27,26.977,35.259
2076,5,28,32.557,36.204
2076,5,29,31.617,35.239
2076,5,30,30.821,33.678
2076,5,31,23.392,37.101
2076,6,1,22.12,37.316
2076,6,2,20.908,40.243
2076,6,3,23.798,40.515
2076,6,4,27.932,39.478
2076,6,5,29.663,35.729
2076,6,6,34.171,32.256
2076,6,7,36.16,37.359
2076,6,8,39.844,40.972
2076,6,9,41.691,42.444
2076,6,10,42.763,42.945
2076,6,11,42.234,43.579
2076,6,12,40.59,42.701
2076,6,13,39.495,41.382
2076,6,14,38.286,39.961
2076,6,15,38.563,40.407
2076,6,16,37.289,39.139
2076,6,17,35.808,39.185
2076,6,18,25.435,39.924
2076,6,19,31.185,40.18
2076,6,20,33.751,36.122
2076,6,21,30.895,29.87
2076,6,22,31.554,28.6
2076,6,23,31.817,28.217
2076,6,24,32.405,30.431
2076,6,25,31.088,32.937
2076,6,26,27.101,30.738
2076,6,27,25.184,23.95
2076,6,28,27.189,32.827
2076,6,29,31.128,35.033
2076,6,30,34.441,34.365
2076,7,1,34.726,36.562
2076,7,2,35.169,36.215
2076,7,3,33.841,36.502
2076,7,4,33.687,39.067
2076,7,5,32.717,38.293
2076,7,6,32.48,37.36
2076,7,7,32.82,36.676
2076,7,8,32.792,37.67
2076,7,9,34.836,35.78
2076,7,10,39.156,36.56
2076,7,11,41.751,38.685
2076,7,12,39.119,39.459
2076,7,13,36.627,41.815
2076,7,14,35.76,45.491
2076,7,15,31.166,44.827
2076,7,16,34.594,43.361
2076,7,17,36.805,37.635
2076,7,18,35.534,34.386
2076,7,19,35.163,36.9
2076,7,20,33.935,38.716
2076,7,21,33.062,42.346
2076,7,22,36.096,44.956
2076,7,23,37.701,45.461
2076,7,24,37.231,45.917
2076,7,25,37.703,45.013
2076,7,26,39.566,41.817
2076,7,27,41.509,41.358
2076,7,28,43.301,40.975
2076,7,29,40.861,37.248
2076,7,30,40.446,36.591
2076,7,31,40.523,38.291
2076,8,1,37.559,39.016
2076,8,2,35.704,37.75
2076,8,3,34.755,38.865
2076,8,4,32.453,40.355
2076,8,5,33.708,41.848
2076,8,6,33.416,40.349
2076,8,7,34.649,38.676
2076,8,8,32.839,39.46
2076,8,9,33.931,40.982
2076,8,10,35.153,41.651
2076,8,11,37.873,41.131
2076,8,12,40.066,39.738
2076,8,13,43.471,41.152
2076,8,14,44.721,41.435
2076,8,15,43.616,41.569
2076,8,16,40.77,42.564
2076,8,17,38.975,39.938
2076,8,18,36.503,39.099
2076,8,19,38.234,37.42
2076,8,20,37.525,35.442
2076,8,21,35.493,32.929
2076,8,22,32.68,32.475
2076,8,23,31.062,32.39
2076,8,24,30.607,34.537
2076,8,25,32.193,36.883
2076,8,26,32.291,35.438
2076,8,27,33.547,34.956
2076,8,28,29.423,35.996
2076,8,29,27.749,34.764
2076,8,30,25.443,35.304
2076,8,31,29.484,36.288
2076,9,1,29.03,36.503
2076,9,2,32.319,38.419
2076,9,3,31.606,39.005
2076,9,4,32.81,41.85
2076,9,5,33.679,43.305
2076,9,6,29.068,40.641
2076,9,7,28.787,39.419
2076,9,8,29.12,39.185
2076,9,9,32.413,37.733
2076,9,10,33.311,38.15
2076,9,11,32.393,37.631
2076,9,12,28.862,33.817
2076,9,13,32.448,33.316
2076,9,14,35.711,37.318
2076,9,15,36.51,35.522
2076,9,16,37.826,33.772
2076,9,17,37.071,35.35
2076,9,18,36.356,34.25
2076,9,19,36.347,33.805
2076,9,20,34.579,31.961
2076,9,21,32.776,35.039
2076,9,22,29.765,33.318
2076,9,23,28.467,31.695
2076,9,24,31.695,33.016
2076,9,25,33.681,31.692
2076,9,26,34.489,32.862
2076,9,27,35.95,33.789
2076,9,28,36.004,27.357
2076,9,29,34.961,31.027
2076,9,30,31.647,30.762
2076,10,1,30.343,33.971
2076,10,2,36.287,36.335
2076,10,3,38.044,37.327
2076,10,4,35.321,38.172
2076,10,5,32.087,35.808
2076,10,6,30.474,32.07
2076,10,7,31.181,27.722
2076,10,8,33.807,28.514
2076,10,9,36.691,27.165
2076,10,10,34.847,29.087
2076,10,11,34.672,29.24
2076,10,12,27.95,30.018
2076,10,13,24.059,33.643
2076,10,14,24.44,32.1
2076,10,15,25.36,29.678
2076,10,16,28.84,25.532
2076,10,17,29.918,25.852
2076,10,18,30.045,21.936
2076,10,19,30.861,20.207
2076,10,20,30.124,20.216
2076,10,21,28.399,23.506
2076,10,22,25.062,24.838
2076,10,23,22.234,22.662
2076,10,24,19.633,21.177
2076,10,25,21.002,20.226
2076,10,26,23.061,21.033
2076,10,27,22.682,21.249
2076,10,28,24.646,19.623
2076,10,29,26.127,19.611
2076,10,30,24.38,19.671
2076,10,31,20.757,23.007
2076,11,1,21.413,21.264
2076,11,2,24.034,22.798
2076,11,3,23.925,18.142
2076,11,4,23.971,15.298
2076,11,5,23.144,15.945
2076,11,6,23.456,15.848
2076,11,7,23.624,17.446
2076,11,8,22.625,17.288
2076,11,9,22.769,18.403
2076,11,10,22.823,18.249
2076,11,11,21.184,16.823
2076,11,12,22.458,16.195
2076,11,13,21.084,17.415
2076,11,14,19.459,16.716
2076,11,15,18.462,18.545
2076,11,16,19.116,22.123
2076,11,17,19.193,18.914
2076,11,18,16.699,18.896
2076,11,19,17.768,20.481
2076,11,20,18.895,21.066
2076,11,21,19.122,21.282
2076,11,22,20.901,18.572
2076,11,23,20.177,15.447
2076,11,24,14.386,16.458
2076,11,25,13.651,20.099
2076,11,26,13.664,23.329
2076,11,27,17.199,21.931
2076,11,28,15.039,23.01
2076,11,29,15.222,23.429
2076,11,30,14.205,23.49
2076,12,1,15.164,21.078
2076,12,2,17.769,21.73
2076,12,3,16.997,19.563
2076,12,4,16.483,17.751
2076,12,5,15.708,16.001
2076,12,6,14.956,15.891
2076,12,7,14.584,13.96
2076,12,8,16.253,15.714
2076,12,9,15.342,16.623
2076,12,10,18.782,16.366
2076,12,11,18.515,13.914
2076,12,12,16.431,14.205
2076,12,13,18.154,16.091
2076,12,14,17.629,17.468
2076,12,15,16.606,14.669
2076,12,16,17.296,14.125
2076,12,17,16.555,15.229
2076,12,18,14.336,16.757
2076,12,19,11.991,11.653
2076,12,20,13.978,16.858
2076,12,21,15.098,16.415
2076,12,22,12.935,15.604
2076,12,23,15.75,15.831
2076,12,24,15.402,16.136
2076,12,25,13.276,14.399
2076,12,26,12.505,16.471
2076,12,27,11.928,20.301
2076,12,28,13.058,18.098
2076,12,29,9.562,19.083
2076,12,30,13.286,13.469
2076,12,31,11.71,16.31
2077,1,1,13.753,15.496
2077,1,2,14.76,15.899
2077,1,3,15.555,14.739
2077,1,4,15.392,15.166
2077,1,5,15.853,17.283
2077,1,6,16.335,18.331
2077,1,7,15.499,16.939
2077,1,8,17.363,14.268
2077,1,9,14.137,13.779
2077,1,10,13.463,15.875
2077,1,11,13.879,14.983
2077,1,12,12.592,15.812
2077,1,13,14.299,14.918
2077,1,14,12.753,14.474
2077,1,15,11.134,16.406
2077,1,16,11.288,15.707
2077,1,17,9.329,18.187
2077,1,18,9.821,20.929
2077,1,19,10.351,23.18
2077,1,20,13.611,20.856
2077,1,21,13.802,20.716
2077,1,22,14.705,14.0
2077,1,23,11.3,14.027
2077,1,24,12.723,15.478
2077,1,25,13.776,13.903
2077,1,26,13.538,13.671
2077,1,27,14.874,16.027
2077,1,28,15.675,16.067
2077,1,29,15.564,15.74
2077,1,30,15.492,14.235
2077,1,31,15.9,14.201
2077,2,1,14.837,13.684
2077,2,2,16.266,15.847
2077,2,3,15.495,15.674
2077,2,4,17.112,14.147
2077,2,5,20.185,15.559
2077,2,6,18.517,15.323
2077,2,7,15.228,16.793
2077,2,8,14.066,17.281
2077,2,9,14.173,17.366
2077,2,10,14.632,16.82
2077,2,11,18.79,15.248
2077,2,12,20.999,16.232
2077,2,13,23.927,15.951
2077,2,14,23.567,14.811
2077,2,15,20.781,17.016
2077,2,16,15.139,18.615
2077,2,17,15.477,18.698
2077,2,18,17.888,19.44
2077,2,19,20.792,17.868
2077,2,20,14.605,19.424
2077,2,21,14.126,17.198
2077,2,22,13.982,12.571
2077,2,23,14.275,13.892
2077,2,24,11.98,17.082
2077,2,25,14.118,19.011
2077,2,26,15.193,22.286
2077,2,27,21.693,20.564
2077,2,28,23.594,21.429
2077,3,1,26.49,21.456
2077,3,2,27.03,24.642
2077,3,3,25.595,24.731
2077,3,4,21.204,18.375
2077,3,5,19.455,14.687
2077,3,6,15.091,15.236
2077,3,7,15.037,11.774
2077,3,8,15.468,11.425
2077,3,9,18.252,13.501
2077,3,10,20.47,13.668
2077,3,11,21.713,16.673
2077,3,12,18.221,17.874
2077,3,13,16.73,16.976
2077,3,14,12.378,18.636
2077,3,15,13.992,18.437
2077,3,16,14.209,17.864
2077,3,17,11.633,20.437
2077,3,18,14.98,23.052
2077,3,19,15.59,23.612
2077,3,20,21.91,20.69
2077,3,21,24.33,15.536
2077,3,22,27.414,19.995
2077,3,23,24.053,23.8
2077,3,24,25.214,24.054
2077,3,25,27.495,24.563
2077,3,26,26.627,22.35
2077,3,27,25.364,22.285
2077,3,28,23.09,24.497
2077,3,29,16.947,27.237
2077,3,30,13.904,24.021
2077,3,31,12.81,20.305
2077,4,1,15.657,15.699
2077,4,2,16.421,14.728
2077,4,3,18.33,18.903
2077,4,4,16.298,22.267
2077,4,5,14.129,24.295
2077,4,6,18.036,21.433
2077,4,7,15.443,19.24
2077,4,8,13.883,24.281
2077,4,9,17.204,25.681
2077,4,10,20.802,24.363
2077,4,11,20.702,20.815
2077,4,12,22.898,25.362
2077,4,13,21.139,30.034
2077,4,14,18.569,30.564
2077,4,15,15.279,31.64
2077,4,16,18.095,27.11
2077,4,17,20.0,25.446
2077,4,18,22.322,23.148
2077,4,19,24.046,19.631
2077,4,20,26.478,16.31
2077,4,21,27.725,13.734
2077,4,22,28.348,11.703
2077,4,23,27.817,12.311
2077,4,24,24.278,16.797
2077,4,25,25.669,23.415
2077,4,26,30.268,25.974
2077,4,27,33.764,24.115
2077,4,28,35.499,20.406
2077,4,29,30.896,23.13
2077,4,30,22.776,29.177
2077,5,1,22.449,33.188
2077,5,2,22.804,33.867
2077,5,3,20.485,36.256
2077,5,4,22.458,37.355
2077,5,5,22.438,35.067
2077,5,6,23.892,34.138
2077,5,7,25.358,33.796
2077,5,8,23.92,31.569
2077,5,9,25.238,34.66
2077,5,10,23.792,37.733
2077,5,11,22.43,37.798
2077,5,12,28.88,36.972
2077,5,13,27.175,32.706
2077,5,14,24.609,31.82
2077,5,15,23.514,36.351
2077,5,16,23.923,39.051
2077,5,17,26.63,38.353
2077,5,18,32.044,37.805
2077,5,19,35.583,34.035
2077,5,20,35.728,34.413
2077,5,21,31.075,33.461
2077,5,22,30.343,36.229
2077,5,23,31.18,37.181
2077,5,24,29.629,38.133
2077,5,25,28.864,38.093
2077,5,26,28.741,41.386
2077,5,27,28.436,39.712
2077,5,28,31.149,38.676
2077,5,29,34.991,40.188
2077,5,30,36.78,38.766
2077,5,31,37.032,38.602
2077,6,1,35.005,37.775
2077,6,2,28.614,42.222
2077,6,3,26.727,41.855
2077,6,4,30.69,37.752
2077,6,5,34.585,38.39
2077,6,6,37.44,38.997
2077,6,7,40.652,39.562
2077,6,8,39.037,40.987
2077,6,9,38.891,39.728
2077,6,10,38.051,38.074
2077,6,11,35.559,35.47
2077,6,12,37.406,36.874
2077,6,13,37.331,38.902
2077,6,14,35.491,38.838
2077,6,15,32.436,37.818
2077,6,16,37.064,35.914
2077,6,17,37.443,32.632
2077,6,18,35.4,33.492
2077,6,19,35.004,32.11
2077,6,20,34.809,30.374
2077,6,21,36.704,28.024
2077,6,22,38.987,26.838
2077,6,23,38.41,29.251
2077,6,24,40.17,32.61
2077,6,25,40.749,36.149
2077,6,26,40.715,38.248
2077,6,27,41.047,37.42
2077,6,28,41.538,40.477
2077,6,29,41.225,38.871
2077,6,30,39.377,38.847
2077,7,1,37.207,37.262
2077,7,2,36.996,37.538
2077,7,3,36.517,35.854
2077,7,4,35.905,35.258
2077,7,5,36.27,35.605
2077,7,6,35.292,35.173
2077,7,7,37.69,35.981
2077,7,8,36.718,37.045
2077,7,9,38.12,37.434
2077,7,10,38.981,35.119
2077,7,11,38.952,36.543
2077,7,12,37.317,34.807
2077,7,13,37.206,35.159
2077,7,14,37.969,34.999
2077,7,15,39.058,35.634
2077,7,16,38.505,37.432
2077,7,17,41.264,39.524
2077,7,18,43.49,41.316
2077,7,19,43.575,42.997
2077,7,20,43.324,44.322
2077,7,21,43.032,44.911
2077,7,22,42.982,46.237
2077,7,23,42.713,43.218
2077,7,24,40.413,36.314
2077,7,25,39.328,40.172
2077,7,26,40.492,43.101
2077,7,27,39.3,43.896
2077,7,28,39.69,42.721
2077,7,29,38.46,45.343
2077,7,30,37.931,45.479
2077,7,31,38.516,45.555
2077,8,1,40.314,45.157
2077,8,2,42.94,44.52
2077,8,3,42.269,43.374
2077,8,4,40.646,41.579
2077,8,5,35.178,40.717
2077,8,6,37.247,40.691
2077,8,7,37.935,40.781
2077,8,8,40.283,39.958
2077,8,9,41.509,41.26
2077,8,10,41.001,40.767
2077,8,11,41.195,39.624
2077,8,12,40.584,38.052
2077,8,13,39.069,35.999
2077,8,14,40.046,37.23
2077,8,15,39.435,36.52
2077,8,16,37.781,34.38
2077,8,17,35.187,34.951
2077,8,18,34.657,34.429
2077,8,19,32.507,36.769
2077,8,20,33.975,35.738
2077,8,21,34.303,37.947
2077,8,22,34.117,42.085
2077,8,23,35.595,42.81
2077,8,24,33.23,41.939
2077,8,25,32.178,41.066
2077,8,26,31.869,40.592
2077,8,27,33.27,39.739
2077,8,28,32.699,39.442
2077,8,29,32.609,33.847
2077,8,30,31.395,34.608
2077,8,31,29.864,35.602
2077,9,1,29.673,36.602
2077,9,2,30.233,38.372
2077,9,3,33.389,37.603
2077,9,4,36.788,35.885
2077,9,5,36.746,35.744
2077,9,6,36.773,34.952
2077,9,7,36.984,36.723
2077,9,8,34.321,38.774
2077,9,9,32.4,42.578
2077,9,10,31.165,46.108
2077,9,11,28.259,44.624
2077,9,12,31.992,42.511
2077,9,13,29.663,41.089
2077,9,14,27.581,39.586
2077,9,15,30.945,39.938
2077,9,16,35.335,40.493
2077,9,17,35.689,40.076
2077,9,18,34.794,40.383
2077,9,19,31.883,39.718
2077,9,20,28.219,36.339
2077,9,21,27.704,36.792
2077,9,22,26.826,36.446
2077,9,23,26.606,37.359
2077,9,24,31.372,36.696
2077,9,25,34.594,36.51
2077,9,26,34.45,34.587
2077,9,27,36.482,34.421
2077,9,28,36.407,34.695
2077,9,29,36.8,35.225
2077,9,30,36.672,34.913
2077,10,1,35.724,32.456
2077,10,2,35.503,24.721
2077,10,3,37.047,22.375
2077,10,4,36.111,23.299
2077,10,5,31.993,24.413
2077,10,6,28.623,21.03
2077,10,7,29.041,19.767
2077,10,8,26.738,19.156
2077,10,9,21.548,19.144
2077,10,10,20.399,21.527
2077,10,11,23.165,25.085
2077,10,12,22.992,26.72
2077,10,13,22.411,21.705
2077,10,14,19.913,26.022
2077,10,15,19.089,25.327
2077,10,16,21.647,28.127
2077,10,17,24.631,28.844
2077,10,18,27.566,28.31
2077,10,19,28.161,28.282
2077,10,20,28.474,32.275
2077,10,21,26.705,36.289
2077,10,22,26.493,36.963
2077,10,23,25.418,38.851
2077,10,24,17.417,33.462
2077,10,25,19.083,33.359
2077,10,26,17.285,33.995
2077,10,27,18.451,32.593
2077,10,28,18.705,33.787
2077,10,29,20.593,35.504
2077,10,30,20.921,34.832
2077,10,31,20.501,34.521
2077,11,1,23.106,33.929
2077,11,2,21.479,32.785
2077,11,3,21.514,32.778
2077,11,4,19.831,33.224
2077,11,5,16.686,31.19
2077,11,6,15.32,25.926
2077,11,7,16.087,21.366
2077,11,8,17.41,21.314
2077,11,9,15.174,24.102
2077,11,10,15.723,26.391
2077,11,11,18.533,23.56
2077,11,12,19.624,22.099
2077,11,13,18.735,20.144
2077,11,14,20.696,18.379
2077,11,15,21.794,21.264
2077,11,16,21.302,25.077
2077,11,17,21.98,23.415
2077,11,18,21.427,20.799
2077,11,19,18.141,17.114
2077,11,20,16.985,14.574
2077,11,21,13.71,16.378
2077,11,22,14.689,17.846
2077,11,23,11.96,18.531
2077,11,24,12.571,20.18
2077,11,25,15.437,20.43
2077,11,26,14.344,18.903
2077,11,27,17.787,18.095
2077,11,28,17.473,19.021
2077,11,29,19.006,19.247
2077,11,30,20.614,18.445
2077,12,1,18.232,19.229
2077,12,2,17.057,17.33
2077,12,3,14.928,15.478
2077,12,4,16.164,15.262
2077,12,5,14.96,16.322
2077,12,6,16.718,17.592
2077,12,7,16.865,16.565
2077,12,8,15.427,13.44
2077,12,9,15.284,9.757
2077,12,10,14.733,15.309
2077,12,11,17.088,16.015
2077,12,12,19.16,11.044
2077,12,13,19.34,12.813
2077,12,14,15.052,16.486
2077,12,15,17.646,20.629
2077,12,16,19.285,20.056
2077,12,17,18.648,19.364
2077,12,18,16.338,20.211
2077,12,19,15.206,20.939
2077,12,20,13.054,18.933
2077,12,21,18.864,17.545
2077,12,22,20.397,13.551
2077,12,23,17.708,16.162
2077,12,24,16.49,19.91
2077,12,25,18.027,21.827
2077,12,26,15.96,20.289
2077,12,27,16.457,21.592
2077,12,28,18.856,21.297
2077,12,29,16.492,22.784
2077,12,30,14.919,22.409
2077,12,31,15.181,22.561
2078,1,1,12.574,19.629
2078,1,2,14.477,19.572
2078,1,3,12.452,20.263
2078,1,4,12.627,20.997
2078,1,5,14.361,21.376
2078,1,6,14.001,19.648
2078,1,7,13.864,20.053
2078,1,8,13.553,17.443
2078,1,9,13.727,15.392
2078,1,10,12.88,17.395
2078,1,11,14.447,19.714
2078,1,12,15.129,17.757
2078,1,13,14.99,16.663
2078,1,14,17.452,20.183
2078,1,15,15.679,19.892
2078,1,16,16.652,19.468
2078,1,17,18.439,20.472
2078,1,18,18.746,18.939
2078,1,19,13.817,18.606
2078,1,20,16.235,15.513
2078,1,21,16.063,12.552
2078,1,22,16.832,13.944
2078,1,23,17.0,13.773
2078,1,24,16.84,13.789
2078,1,25,14.852,13.436
2078,1,26,17.818,13.884
2078,1,27,17.235,13.984
2078,1,28,17.947,14.256
2078,1,29,15.258,16.929
2078,1,30,14.1,19.252
2078,1,31,14.496,22.653
2078,2,1,12.246,22.272
2078,2,2,13.007,19.403
2078,2,3,15.26,19.104
2078,2,4,14.498,19.081
2078,2,5,12.422,16.85
2078,2,6,13.452,15.245
2078,2,7,16.522,18.347
2078,2,8,17.528,18.154
2078,2,9,18.588,18.461
2078,2,10,19.724,18.368
2078,2,11,21.278,17.994
2078,2,12,21.791,17.732
2078,2,13,21.412,18.07
2078,2,14,19.631,17.761
2078,2,15,17.915,17.589
2078,2,16,14.981,18.898
2078,2,17,15.403,16.324
2078,2,18,16.668,13.682
2078,2,19,16.557,12.212
2078,2,20,19.839,17.028
2078,2,21,18.495,19.181
2078,2,22,15.968,20.072
2078,2,23,15.542,22.143
2078,2,24,13.604,26.563
2078,2,25,16.927,28.08
2078,2,26,19.142,25.696
2078,2,27,20.482,18.133
2078,2,28,17.397,17.909
2078,3,1,17.863,16.167
2078,3,2,18.109,16.884
2078,3,3,18.528,20.749
2078,3,4,17.745,22.869
2078,3,5,15.526,24.208
2078,3,6,15.567,24.7
2078,3,7,16.715,23.514
2078,3,8,19.97,22.61
2078,3,9,19.63,19.027
2078,3,10,17.295,19.331
2078,3,11,15.868,21.737
2078,3,12,18.063,19.082
2078,3,13,16.252,19.24
2078,3,14,17.346,19.442
2078,3,15,19.912,16.643
2078,3,16,22.513,15.254
2078,3,17,22.279,15.726
2078,3,18,20.071,17.257
2078,3,19,13.018,20.826
2078,3,20,14.382,18.959
2078,3,21,14.731,15.239
2078,3,22,20.431,18.873
2078,3,23,19.282,21.602
2078,3,24,23.365,21.992
2078,3,25,23.685,23.329
2078,3,26,26.633,23.051
2078,3,27,28.937,18.665
2078,3,28,23.75,15.59
2078,3,29,26.423,20.587
2078,3,30,27.285,20.707
2078,3,31,26.433,21.553
2078,4,1,21.409,22.548
2078,4,2,20.363,22.383
2078,4,3,21.626,23.568
2078,4,4,17.813,28.575
2078,4,5,14.713,28.264
2078,4,6,19.012,26.179
2078,4,7,23.569,25.557
2078,4,8,26.656,22.288
2078,4,9,21.774,24.635
2078,4,10,19.267,26.998
2078,4,11,20.281,25.996
2078,4,12,22.176,20.639
2078,4,13,24.63,20.884
2078,4,14,24.88,16.963
2078,4,15,25.535,18.163
2078,4,16,23.635,20.817
2078,4,17,16.66,22.839
2078,4,18,15.483,22.358
2078,4,19,18.131,24.207
2078,4,20,23.645,27.433
2078,4,21,21.57,31.358
2078,4,22,17.82,29.095
2078,4,23,16.984,24.179
2078,4,24,14.69,16.339
2078,4,25,15.337,16.086
2078,4,26,20.105,15.758
2078,4,27,22.995,18.64
2078,4,28,22.718,18.701
2078,4,29,21.538,22.405
2078,4,30,23.192,22.958
2078,5,1,19.771,22.468
2078,5,2,18.259,23.086
2078,5,3,17.472,24.364
2078,5,4,21.988,26.516
2078,5,5,26.369,28.091
2078,5,6,28.291,29.854
2078,5,7,28.758,31.446
2078,5,8,32.202,32.288
2078,5,9,26.754,32.104
2078,5,10,25.031,32.509
2078,5,11,22.577,24.788
2078,5,12,24.054,24.036
2078,5,13,27.525,30.655
2078,5,14,28.777,32.078
2078,5,15,31.88,34.26
2078,5,16,33.564,34.576
2078,5,17,34.387,36.727
2078,5,18,33.468,37.047
2078,5,19,32.301,35.256
2078,5,20,32.601,34.925
2078,5,21,34.601,31.16
2078,5,22,32.863,31.419
2078,5,23,34.898,31.015
2078,5,24,35.238,30.896
2078,5,25,32.565,29.012
2078,5,26,30.959,26.331
2078,5,27,32.406,27.237
2078,5,28,32.892,29.354
2078,5,29,32.082,31.559
2078,5,30,35.263,31.31
2078,5,31,36.293,31.626
2078,6,1,37.024,35.844
2078,6,2,36.307,37.29
2078,6,3,33.404,37.45
2078,6,4,35.099,36.854
2078,6,5,35.388,34.184
2078,6,6,38.203,32.172
2078,6,7,38.065,31.334
2078,6,8,37.632,33.688
2078,6,9,37.175,33.936
2078,6,10,37.151,32.46
2078,6,11,36.839,33.63
2078,6,12,37.047,37.434
2078,6,13,36.615,39.14
2078,6,14,37.331,40.454
2078,6,15,37.757,41.587
2078,6,16,37.126,42.275
2078,6,17,36.549,42.945
2078,6,18,37.399,42.147
2078,6,19,40.493,43.43
2078,6,20,39.718,43.431
2078,6,21,42.485,40.731
2078,6,22,41.154,34.139
2078,6,23,39.204,35.4
2078,6,24,36.702,37.582
2078,6,25,40.114,36.739
2078,6,26,40.189,36.326
2078,6,27,39.475,36.924
2078,6,28,35.63,37.176
2078,6,29,32.008,36.499
2078,6,30,33.713,37.007
2078,7,1,37.363,35.256
2078,7,2,42.268,36.071
2078,7,3,42.525,36.382
2078,7,4,41.498,36.292
2078,7,5,40.28,36.546
2078,7,6,38.378,35.439
2078,7,7,35.422,36.024
2078,7,8,33.119,36.657
2078,7,9,34.129,37.476
2078,7,10,34.048,35.764
2078,7,11,34.512,36.427
2078,7,12,36.413,36.342
2078,7,13,38.371,35.851
2078,7,14,37.669,35.741
2078,7,15,38.816,37.072
2078,7,16,36.762,36.91
2078,7,17,35.474,38.145
2078,7,18,35.659,36.713
2078,7,19,36.019,36.645
2078,7,20,37.396,36.694
2078,7,21,40.45,39.035
2078,7,22,41.733,39.748
2078,7,23,43.643,41.801
2078,7,24,44.734,39.709
2078,7,25,42.329,39.116
2078,7,26,40.296,37.436
2078,7,27,37.382,35.509
2078,7,28,36.632,33.22
2078,7,29,37.186,34.515
2078,7,30,37.515,34.359
2078,7,31,41.014,35.036
2078,8,1,41.619,36.366
2078,8,2,40.79,38.46
2078,8,3,38.939,40.093
2078,8,4,34.596,41.999
2078,8,5,33.638,44.973
2078,8,6,33.731,46.257
2078,8,7,35.014,45.847
2078,8,8,33.965,43.319
2078,8,9,35.646,41.977
2078,8,10,38.719,39.635
2078,8,11,37.961,38.325
2078,8,12,38.462,35.925
2078,8,13,37.293,34.37
2078,8,14,38.337,34.29
2078,8,15,39.379,34.26
2078,8,16,36.782,34.353
2078,8,17,40.706,35.508
2078,8,18,41.319,37.686
2078,8,19,40.174,35.191
2078,8,20,38.999,34.153
2078,8,21,39.162,32.974
2078,8,22,37.186,35.125
2078,8,23,34.15,36.448
2078,8,24,34.632,38.069
2078,8,25,30.538,40.679
2078,8,26,30.504,41.55
2078,8,27,34.653,39.298
2078,8,28,36.223,39.459
2078,8,29,38.64,38.832
2078,8,30,38.284,38.624
2078,8,31,40.201,40.256
2078,9,1,41.08,40.437
2078,9,2,41.144,38.883
2078,9,3,38.013,38.303
2078,9,4,36.918,34.799
2078,9,5,36.196,33.658
2078,9,6,38.439,29.005
2078,9,7,40.194,29.059
2078,9,8,40.219,28.854
2078,9,9,39.815,32.179
2078,9,10,42.886,31.011
2078,9,11,42.094,30.434
2078,9,12,35.937,36.348
2078,9,13,32.294,28.867
2078,9,14,31.538,29.803
2078,9,15,31.647,29.758
2078,9,16,31.51,29.466
2078,9,17,35.376,29.981
2078,9,18,37.176,29.891
2078,9,19,38.49,30.478
2078,9,20,36.783,30.271
2078,9,21,35.703,30.341
2078,9,22,34.218,31.703
2078,9,23,29.701,28.694
2078,9,24,24.455,28.065
2078,9,25,24.385,36.498
2078,9,26,29.962,36.426
2078,9,27,34.603,37.943
2078,9,28,34.262,39.093
2078,9,29,35.734,38.352
2078,9,30,33.802,38.182
2078,10,1,35.242,35.662
2078,10,2,31.549,36.048
2078,10,3,31.161,36.059
2078,10,4,30.365,37.197
2078,10,5,29.943,37.15
2078,10,6,32.552,36.905
2078,10,7,35.211,32.997
2078,10,8,33.135,31.969
2078,10,9,28.22,30.338
2078,10,10,26.844,29.193
2078,10,11,28.283,28.89
2078,10,12,26.161,26.781
2078,10,13,24.508,25.575
2078,10,14,25.108,25.275
2078,10,15,26.085,26.477
2078,10,16,29.229,27.613
2078,10,17,30.352,31.204
2078,10,18,30.705,28.508
2078,10,19,31.134,22.258
2078,10,20,32.158,19.664
2078,10,21,30.496,24.372
2078,10,22,31.42,27.809
2078,10,23,30.299,30.784
2078,10,24,29.368,34.243
2078,10,25,26.016,35.988
2078,10,26,20.552,35.79
2078,10,27,18.566,35.244
2078,10,28,21.647,32.709
2078,10,29,22.479,30.672
2078,10,30,19.887,29.644
2078,10,31,17.396,26.666
2078,11,1,17.067,24.28
2078,11,2,19.296,23.98
2078,11,3,20.31,27.557
2078,11,4,19.136,27.817
2078,11,5,19.316,27.373
2078,11,6,18.772,24.948
2078,11,7,21.298,29.11
2078,11,8,20.004,28.523
2078,11,9,19.358,28.9
2078,11,10,19.198,28.03
2078,11,11,21.835,29.729
2078,11,12,17.687,30.945
2078,11,13,19.75,32.336
2078,11,14,19.587,31.289
2078,11,15,21.784,29.115
2078,11,16,19.367,27.077
2078,11,17,19.231,23.479
2078,11,18,20.771,24.55
2078,11,19,21.443,27.9
2078,11,20,21.925,30.439
2078,11,21,22.396,31.025
2078,11,22,16.098,26.7
2078,11,23,19.103,24.822
2078,11,24,22.82,25.068
2078,11,25,22.123,25.253
2078,11,26,20.439,24.857
2078,11,27,20.27,23.359
2078,11,28,17.876,21.738
2078,11,29,16.93,21.79
2078,11,30,13.898,20.145
2078,12,1,15.424,18.619
2078,12,2,17.196,21.682
2078,12,3,19.078,24.6
2078,12,4,17.369,25.597
2078,12,5,16.999,25.116
2078,12,6,16.936,24.859
2078,12,7,14.151,24.67
2078,12,8,16.214,23.959
2078,12,9,16.414,21.528
2078,12,10,16.304,17.259
2078,12,11,16.856,13.778
2078,12,12,18.196,16.136
2078,12,13,19.09,16.94
2078,12,14,17.413,15.384
2078,12,15,13.265,17.536
2078,12,16,14.017,18.111
2078,12,17,14.973,17.3
2078,12,18,13.38,17.813
2078,12,19,14.109,18.622
2078,12,20,13.997,20.995
2078,12,21,12.717,20.599
2078,12,22,9.614,16.948
2078,12,23,10.91,16.814
2078,12,24,10.34,18.991
2078,12,25,10.751,19.598
2078,12,26,11.94,21.292
2078,12,27,9.641,21.212
2078,12,28,11.502,21.314
2078,12,29,14.856,13.657
2078,12,30,15.896,12.605
2078,12,31,12.376,15.119
2079,1,1,14.568,16.832
2079,1,2,15.294,18.142
2079,1,3,16.258,16.01
2079,1,4,18.11,15.594
2079,1,5,13.608,18.888
2079,1,6,13.295,16.911
2079,1,7,13.48,15.108
2079,1,8,12.846,16.112
2079,1,9,14.936,16.822
2079,1,10,15.812,14.897
2079,1,11,13.266,13.485
2079,1,12,15.35,15.602
2079,1,13,13.27,15.81
2079,1,14,12.326,15.533
2079,1,15,13.785,11.064
2079,1,16,16.772,13.334
2079,1,17,17.348,14.359
2079,1,18,18.206,15.147
2079,1,19,18.313,15.928
2079,1,20,17.673,15.847
2079,1,21,20.018,17.367
2079,1,22,18.013,18.844
2079,1,23,15.883,20.041
2079,1,24,14.584,19.864
2079,1,25,11.295,20.875
2079,1,26,12.382,20.855
2079,1,27,13.15,21.836
2079,1,28,13.032,21.672
2079,1,29,13.992,20.287
2079,1,30,14.922,18.676
2079,1,31,15.171,15.339
2079,2,1,13.117,16.065
2079,2,2,13.687,19.838
2079,2,3,13.82,22.963
2079,2,4,12.212,20.494
2079,2,5,15.464,17.598
2079,2,6,15.162,14.19
2079,2,7,15.037,14.595
2079,2,8,13.708,12.712
2079,2,9,14.43,13.894
2079,2,10,14.311,17.34
2079,2,11,15.677,18.617
2079,2,12,16.923,16.703
2079,2,13,17.872,14.028
2079,2,14,18.534,12.561
2079,2,15,20.798,15.788
2079,2,16,22.789,18.176
2079,2,17,23.248,13.745
2079,2,18,21.494,15.968
2079,2,19,19.02,16.834
2079,2,20,18.731,16.786
2079,2,21,15.127,18.363
2079,2,22,13.552,15.208
2079,2,23,14.617,17.952
2079,2,24,14.326,19.793
2079,2,25,16.533,20.373
2079,2,26,16.517,21.276
2079,2,27,17.416,23.441
2079,2,28,20.225,20.69
2079,3,1,23.747,13.86
2079,3,2,18.362,10.208
2079,3,3,17.443,12.004
2079,3,4,19.229,12.527
2079,3,5,20.063,14.261
2079,3,6,17.564,13.325
2079,3,7,17.008,14.086
2079,3,8,15.537,14.69
2079,3,9,15.434,16.211
2079,3,10,14.236,15.868
2079,3,11,12.096,9.768
2079,3,12,15.902,11.825
2079,3,13,17.005,10.055
2079,3,14,18.418,11.729
2079,3,15,14.613,14.454
2079,3,16,18.738,14.079
2079,3,17,20.333,15.413
2079,3,18,18.942,17.026
2079,3,19,19.521,19.733
2079,3,20,16.095,23.165
2079,3,21,18.047,22.08
2079,3,22,19.424,21.992
2079,3,23,19.848,22.164
2079,3,24,15.903,22.46
2079,3,25,14.412,24.317
2079,3,26,15.59,21.844
2079,3,27,17.107,21.64
2079,3,28,17.341,22.731
2079,3,29,16.921,21.409
2079,3,30,20.247,24.01
2079,3,31,18.621,26.92
2079,4,1,17.274,23.867
2079,4,2,19.451,22.708
2079,4,3,17.29,20.903
2079,4,4,17.405,20.407
2079,4,5,17.483,19.15
2079,4,6,18.993,14.566
2079,4,7,17.389,14.28
2079,4,8,17.752,18.961
2079,4,9,15.661,19.423
2079,4,10,16.442,22.054
2079,4,11,16.242,19.709
2079,4,12,20.583,22.214
2079,4,13,21.023,25.428
2079,4,14,20.836,21.29
2079,4,15,18.606,15.868
2079,4,16,17.084,19.439
2079,4,17,19.429,22.623
2079,4,18,23.087,24.793
2079,4,19,23.856,23.665
2079,4,20,20.108,17.163
2079,4,21,18.306,17.812
2079,4,22,13.318,18.376
2079,4,23,19.801,17.873
2079,4,24,17.324,17.937
2079,4,25,16.649,21.237
2079,4,26,20.702,18.757
2079,4,27,21.539,22.282
2079,4,28,23.813,22.239
2079,4,29,19.229,21.416
2079,4,30,19.92,18.945
2079,5,1,25.757,21.055
2079,5,2,23.05,26.741
2079,5,3,17.909,26.163
2079,5,4,23.264,27.183
2079,5,5,25.661,22.391
2079,5,6,24.486,22.513
2079,5,7,20.443,22.742
2079,5,8,13.128,20.424
2079,5,9,19.295,27.09
2079,5,10,19.249,28.522
2079,5,11,24.68,24.155
2079,5,12,27.685,25.407
2079,5,13,29.403,24.357
2079,5,14,30.062,22.109
2079,5,15,29.464,24.953
2079,5,16,20.406,29.47
2079,5,17,17.709,29.705
2079,5,18,18.339,25.893
2079,5,19,19.55,29.825
2079,5,20,28.216,33.848
2079,5,21,30.402,33.829
2079,5,22,31.191,34.785
2079,5,23,27.182,34.774
2079,5,24,24.661,34.448
2079,5,25,27.363,32.114
2079,5,26,27.85,34.227
2079,5,27,27.347,35.392
2079,5,28,28.957,36.382
2079,5,29,28.564,36.369
2079,5,30,23.254,36.632
2079,5,31,24.387,35.067
2079,6,1,27.396,35.51
2079,6,2,32.973,37.167
2079,6,3,33.432,37.68
2079,6,4,30.598,36.261
2079,6,5,34.239,35.356
2079,6,6,36.684,33.3
2079,6,7,38.658,34.014
2079,6,8,37.262,36.531
2079,6,9,36.26,35.834
2079,6,10,34.182,38.39
2079,6,11,26.831,41.73
2079,6,12,22.354,40.043
2079,6,13,27.689,36.689
2079,6,14,34.415,37.258
2079,6,15,36.107,37.632
2079,6,16,36.694,39.544
2079,6,17,36.06,41.999
2079,6,18,37.611,42.076
2079,6,19,39.042,41.53
2079,6,20,37.252,41.524
2079,6,21,33.821,42.9
2079,6,22,36.97,42.146
2079,6,23,39.459,39.608
2079,6,24,41.074,37.205
2079,6,25,41.755,36.055
2079,6,26,35.871,37.086
2079,6,27,34.215,36.801
2079,6,28,35.226,34.984
2079,6,29,34.645,35.513
2079,6,30,33.175,35.862
2079,7,1,34.647,36.873
2079,7,2,33.491,36.764
2079,7,3,32.702,37.613
2079,7,4,34.474,39.116
2079,7,5,34.031,42.13
2079,7,6,35.852,42.88
2079,7,7,35.395,44.527
2079,7,8,40.43,44.839
2079,7,9,43.055,45.117
2079,7,10,43.69,45.55
2079,7,11,42.609,43.274
2079,7,12,38.202,42.465
2079,7,13,36.424,42.394
2079,7,14,37.797,39.606
2079,7,15,38.144,40.225
2079,7,16,38.065,39.606
2079,7,17,36.54,40.008
2079,7,18,33.257,41.049
2079,7,19,34.343,42.347
2079,7,20,35.427,44.836
2079,7,21,35.17,45.905
2079,7,22,35.559,45.772
2079,7,23,39.606,45.541
2079,7,24,37.84,45.777
2079,7,25,38.761,41.556
2079,7,26,39.358,40.944
2079,7,27,40.148,42.543
2079,7,28,41.274,43.054
2079,7,29,42.745,41.868
2079,7,30,43.589,42.789
2079,7,31,41.1,44.963
2079,8,1,39.798,44.489
2079,8,2,40.553,41.489
2079,8,3,39.321,36.46
2079,8,4,38.696,36.339
2079,8,5,34.634,37.251
2079,8,6,34.096,33.22
2079,8,7,34.006,31.579
2079,8,8,33.13,31.172
2079,8,9,33.641,32.313
2079,8,10,34.254,34.168
2079,8,11,35.419,36.177
2079,8,12,33.87,38.072
2079,8,13,32.37,38.899
2079,8,14,32.855,39.216
2079,8,15,36.796,38.671
2079,8,16,37.483,39.526
2079,8,17,37.313,39.616
2079,8,18,37.663,33.449
2079,8,19,36.52,30.085
2079,8,20,36.978,31.681
2079,8,21,38.971,32.85
2079,8,22,40.977,32.664
2079,8,23,41.057,33.307
2079,8,24,40.894,33.541
2079,8,25,38.864,34.248
2079,8,26,36.402,36.558
2079,8,27,37.684,36.615
2079,8,28,37.24,37.838
2079,8,29,36.333,39.294
2079,8,30,33.822,36.95
2079,8,31,30.2,34.837
2079,9,1,33.669,38.456
2079,9,2,35.907,39.84
2079,9,3,36.686,39.929
2079,9,4,36.412,36.259
2079,9,5,36.653,33.377
2079,9,6,38.473,33.55
2079,9,7,38.443,36.705
2079,9,8,37.564,37.709
2079,9,9,38.835,38.726
2079,9,10,38.501,35.533
2079,9,11,38.098,33.048
2079,9,12,36.634,30.774
2079,9,13,35.914,31.131
2079,9,14,37.174,32.766
2079,9,15,36.55,32.364
2079,9,16,34.825,31.981
2079,9,17,33.835,32.014
2079,9,18,30.402,37.243
2079,9,19,25.676,37.743
2079,9,20,24.665,37.545
2079,9,21,24.24,37.259
2079,9,22,23.798,37.862
2079,9,23,19.686,35.506
2079,9,24,23.731,35.109
2079,9,25,26.533,31.168
2079,9,26,29.417,29.866
2079,9,27,33.514,31.349
2079,9,28,34.084,29.981
2079,9,29,31.729,27.786
2079,9,30,30.173,24.26
2079,10,1,27.335,22.504
2079,10,2,24.298,25.686
2079,10,3,20.978,28.387
2079,10,4,20.322,31.043
2079,10,5,21.013,33.612
2079,10,6,21.388,34.923
2079,10,7,22.308,35.736
2079,10,8,22.886,34.77
2079,10,9,22.616,33.417
2079,10,10,23.423,25.984
2079,10,11,23.291,21.908
2079,10,12,22.104,23.286
2079,10,13,18.457,24.047
2079,10,14,18.246,26.502
2079,10,15,18.769,26.803
2079,10,16,20.772,23.163
2079,10,17,20.592,20.454
2079,10,18,23.811,22.604
2079,10,19,26.258,22.735
2079,10,20,26.348,26.157
2079,10,21,27.827,25.174
2079,10,22,25.347,22.152
2079,10,23,23.529,19.813
2079,10,24,21.445,19.805
2079,10,25,22.596,21.926
2079,10,26,22.58,22.369
2079,10,27,23.406,20.953
2079,10,28,24.076,21.783
2079,10,29,22.017,21.296
2079,10,30,18.222,19.453
2079,10,31,19.398,18.386
2079,11,1,21.015,18.352
2079,11,2,21.37,19.432
2079,11,3,22.348,20.688
2079,11,4,18.084,20.218
2079,11,5,15.508,20.317
2079,11,6,13.741,22.211
2079,11,7,14.506,21.319
2079,11,8,17.339,22.085
2079,11,9,18.977,26.723
2079,11,10,18.037,27.291
2079,11,11,19.815,26.745
2079,11,12,20.211,24.787
2079,11,13,16.674,24.805
2079,11,14,12.207,24.295
2079,11,15,15.818,22.269
2079,11,16,14.699,23.246
2079,11,17,13.833,25.965
2079,11,18,16.72,23.467
2079,11,19,19.301,23.149
2079,11,20,18.926,21.362
2079,11,21,15.714,20.575
2079,11,22,15.515,24.805
2079,11,23,16.436,24.285
2079,11,24,15.613,21.572
2079,11,25,13.699,19.629
2079,11,26,13.564,19.669
2079,11,27,13.482,19.621
2079,11,28,15.576,19.674
2079,11,29,18.545,17.269
2079,11,30,20.116,17.373
2079,12,1,18.557,18.125
2079,12,2,18.702,18.48
2079,12,3,15.359,18.382
2079,12,4,14.559,18.482
2079,12,5,14.143,14.862
2079,12,6,14.273,15.454
2079,12,7,15.885,17.349
2079,12,8,12.164,17.141
2079,12,9,14.399,13.351
2079,12,10,13.318,15.644
2079,12,11,13.002,17.687
2079,12,12,12.105,16.933
2079,12,13,12.651,18.013
2079,12,14,14.732,17.936
2079,12,15,13.163,15.813
2079,12,16,13.432,16.654
2079,12,17,14.24,16.522
2079,12,18,14.815,15.735
2079,12,19,16.901,14.464
2079,12,20,18.77,16.007
2079,12,21,18.471,14.543
2079,12,22,18.385,16.327
2079,12,23,18.267,16.193
2079,12,24,18.822,16.739
2079,12,25,18.962,16.444
2079,12,26,19.169,16.819
2079,12,27,20.506,15.598
2079,12,28,19.267,17.002
2079,12,29,18.674,17.735
2079,12,30,18.608,19.648
2079,12,31,15.381,19.04
2080,1,1,16.952,15.458
2080,1,2,11.526,13.172
2080,1,3,11.16,13.048
2080,1,4,11.483,16.284
2080,1,5,15.417,15.497
2080,1,6,16.172,12.246
2080,1,7,14.363,15.672
2080,1,8,15.884,15.415
2080,1,9,17.064,15.639
2080,1,10,17.254,13.49
2080,1,11,16.275,14.6
2080,1,12,14.467,15.669
2080,1,13,14.183,16.145
2080,1,14,16.966,17.07
2080,1,15,16.232,17.839
2080,1,16,14.792,17.6
2080,1,17,15.689,20.43
2080,1,18,11.571,19.654
2080,1,19,15.196,18.607
2080,1,20,16.17,16.856
2080,1,21,16.26,15.505
2080,1,22,11.91,17.314
2080,1,23,11.744,17.408
2080,1,24,13.198,18.066
2080,1,25,15.249,23.43
2080,1,26,14.182,23.059
2080,1,27,12.82,22.44
2080,1,28,15.194,23.467
2080,1,29,17.765,20.639
2080,1,30,18.581,17.484
2080,1,31,16.933,16.893
2080,2,1,16.745,14.978
2080,2,2,13.295,18.136
2080,2,3,14.15,17.632
2080,2,4,13.218,15.159
2080,2,5,15.108,15.315
2080,2,6,13.896,17.027
2080,2,7,17.851,17.006
2080,2,8,15.392,17.718
2080,2,9,14.611,18.121
2080,2,10,13.643,19.765
2080,2,11,13.536,20.459
2080,2,12,13.347,19.197
2080,2,13,12.644,18.095
2080,2,14,13.19,15.731
2080,2,15,15.492,15.782
2080,2,16,16.201,18.433
2080,2,17,19.987,18.848
2080,2,18,19.355,21.047
2080,2,19,19.705,22.032
2080,2,20,19.674,23.816
2080,2,21,22.494,20.047
2080,2,22,23.426,19.644
2080,2,23,22.987,18.826
2080,2,24,22.921,17.985
2080,2,25,17.53,16.841
2080,2,26,18.781,16.113
2080,2,27,18.482,14.119
2080,2,28,18.947,18.931
2080,2,29,18.026,18.709
2080,3,1,15.615,17.712
2080,3,2,14.261,15.622
2080,3,3,15.638,16.07
2080,3,4,17.079,17.313
2080,3,5,18.078,15.333
2080,3,6,16.744,16.977
2080,3,7,15.531,18.44
2080,3,8,15.56,17.799
2080,3,9,15.873,17.935
2080,3,10,16.564,17.484
2080,3,11,14.963,14.145
2080,3,12,15.963,15.684
2080,3,13,18.684,17.049
2080,3,14,18.546,19.412
2080,3,15,18.542,17.353
2080,3,16,16.44,17.356
2080,3,17,13.983,15.695
2080,3,18,16.246,16.599
2080,3,19,15.054,20.289
2080,3,20,14.385,19.497
2080,3,21,13.149,20.947
2080,3,22,15.886,21.383
2080,3,23,20.6,21.147
2080,3,24,23.912,21.386
2080,3,25,25.825,20.297
2080,3,26,28.37,22.74
2080,3,27,27.907,22.79
2080,3,28,28.478,21.045
2080,3,29,26.241,16.541
2080,3,30,19.139,15.982
2080,3,31,16.259,15.779
2080,4,1,17.448,13.491
2080,4,2,21.045,16.444
2080,4,3,25.31,18.339
2080,4,4,26.755,19.271
2080,4,5,25.016,19.781
2080,4,6,21.522,19.519
2080,4,7,18.606,16.791
2080,4,8,15.598,17.717
2080,4,9,19.759,15.947
2080,4,10,22.55,16.749
2080,4,11,26.772,17.061
2080,4,12,26.105,18.245
2080,4,13,24.739,19.72
2080,4,14,23.938,18.475
2080,4,15,26.086,21.199
2080,4,16,27.029,19.258
2080,4,17,25.931,12.935
2080,4,18,24.98,19.069
2080,4,19,24.62,21.228
2080,4,20,26.533,22.322
2080,4,21,27.218,25.456
2080,4,22,28.02,26.25
2080,4,23,26.908,29.173
2080,4,24,27.358,30.322
2080,4,25,23.595,31.836
2080,4,26,22.27,29.825
2080,4,27,26.008,28.68
2080,4,28,30.821,25.434
2080,4,29,27.962,26.983
2080,4,30,30.24,24.702
2080,5,1,31.875,22.412
2080,5,2,29.705,18.426
2080,5,3,25.989,22.234
2080,5,4,25.741,14.357
2080,5,5,25.41,18.097
2080,5,6,19.014,21.207
2080,5,7,17.404,20.745
2080,5,8,23.303,19.688
2080,5,9,26.488,15.695
2080,5,10,26.727,16.062
2080,5,11,26.319,21.989
2080,5,12,25.082,24.972
2080,5,13,23.671,26.361
2080,5,14,25.415,28.101
2080,5,15,29.943,30.846
2080,5,16,33.26,34.002
2080,5,17,35.675,31.952
2080,5,18,36.803,31.658
2080,5,19,36.329,32.793
2080,5,20,37.141,31.265
2080,5,21,38.793,33.022
2080,5,22,38.675,32.73
2080,5,23,37.788,33.764
2080,5,24,37.855,29.827
2080,5,25,36.74,26.639
2080,5,26,37.861,28.889
2080,5,27,37.768,35.28
2080,5,28,37.984,39.222
2080,5,29,37.111,37.031
2080,5,30,37.048,37.951
2080,5,31,36.952,37.694
2080,6,1,37.881,39.42
2080,6,2,40.753,39.042
2080,6,3,40.401,36.376
2080,6,4,38.143,31.421
2080,6,5,38.607,32.521
2080,6,6,41.099,32.04
2080,6,7,39.796,32.001
2080,6,8,37.536,38.667
2080,6,9,37.182,39.239
2080,6,10,41.571,39.362
2080,6,11,41.433,38.101
2080,6,12,41.373,38.349
2080,6,13,41.888,38.074
2080,6,14,41.66,37.885
2080,6,15,40.855,38.888
2080,6,16,42.163,39.463
2080,6,17,41.962,37.96
2080,6,18,41.133,37.848
2080,6,19,41.698,38.501
2080,6,20,42.41,39.936
2080,6,21,41.444,38.851
2080,6,22,35.854,40.036
2080,6,23,34.661,41.095
2080,6,24,34.074,42.041
2080,6,25,35.428,39.028
2080,6,26,37.867,41.487
2080,6,27,36.046,41.342
2080,6,28,35.235,40.201
2080,6,29,35.704,39.288
2080,6,30,35.124,41.888
2080,7,1,33.586,41.195
2080,7,2,31.832,40.68
2080,7,3,31.009,42.208
2080,7,4,32.519,43.313
2080,7,5,32.984,44.235
2080,7,6,33.201,44.473
2080,7,7,32.934,45.176
2080,7,8,31.723,47.184
2080,7,9,32.517,45.147
2080,7,10,35.14,39.744
2080,7,11,36.424,40.082
2080,7,12,35.763,39.393
2080,7,13,35.349,38.433
2080,7,14,36.142,42.792
2080,7,15,38.431,43.223
2080,7,16,40.662,44.248
2080,7,17,40.615,43.839
2080,7,18,40.363,43.521
2080,7,19,39.323,43.517
2080,7,20,40.104,43.998
2080,7,21,42.076,43.469
2080,7,22,42.935,43.177
2080,7,23,44.536,42.963
2080,7,24,42.997,42.357
2080,7,25,35.994,41.143
2080,7,26,36.387,42.285
2080,7,27,37.561,41.063
2080,7,28,36.088,42.294
2080,7,29,37.58,42.233
2080,7,30,40.706,39.566
2080,7,31,43.273,37.672
2080,8,1,42.363,31.245
2080,8,2,37.712,36.422
2080,8,3,35.168,36.101
2080,8,4,33.055,39.223
2080,8,5,36.082,43.097
2080,8,6,35.762,40.444
2080,8,7,36.582,37.649
2080,8,8,37.587,35.015
2080,8,9,39.943,35.721
2080,8,10,35.525,34.912
2080,8,11,35.126,33.625
2080,8,12,33.147,34.192
2080,8,13,33.205,32.828
2080,8,14,35.569,32.975
2080,8,15,38.331,35.715
2080,8,16,39.346,35.237
2080,8,17,40.0,34.531
2080,8,18,38.555,32.587
2080,8,19,39.311,35.299
2080,8,20,37.09,38.799
2080,8,21,37.339,40.811
2080,8,22,36.523,41.341
2080,8,23,35.157,41.416
2080,8,24,34.372,43.524
2080,8,25,32.13,41.865
2080,8,26,30.322,42.722
2080,8,27,30.403,41.435
2080,8,28,32.919,39.067
2080,8,29,34.687,38.181
2080,8,30,35.37,35.484
2080,8,31,37.391,35.589
2080,9,1,37.162,35.568
2080,9,2,35.098,37.02
2080,9,3,32.752,38.42
2080,9,4,29.186,37.182
2080,9,5,30.978,30.952
2080,9,6,32.003,32.234
2080,9,7,33.835,34.021
2080,9,8,35.452,33.855
2080,9,9,36.09,34.464
2080,9,10,41.739,36.854
2080,9,11,44.584,34.892
2080,9,12,43.677,33.889
2080,9,13,40.647,36.923
2080,9,14,38.844,37.753
2080,9,15,38.625,37.576
2080,9,16,37.898,35.736
2080,9,17,39.028,34.776
2080,9,18,41.062,33.755
2080,9,19,40.351,31.705
2080,9,20,39.237,25.589
2080,9,21,37.897,24.506
2080,9,22,36.744,27.247
2080,9,23,36.3,30.31
2080,9,24,35.062,31.125
2080,9,25,34.89,34.724
2080,9,26,34.125,34.958
2080,9,27,29.524,32.566
2080,9,28,27.724,32.541
2080,9,29,26.145,25.452
2080,9,30,22.418,24.195
2080,10,1,20.689,26.864
2080,10,2,16.889,32.711
2080,10,3,21.666,24.608
2080,10,4,23.786,29.813
2080,10,5,19.118,29.515
2080,10,6,17.618,33.0
2080,10,7,19.011,34.852
2080,10,8,15.346,35.451
2080,10,9,17.312,36.55
2080,10,10,20.565,39.144
2080,10,11,19.276,38.196
2080,10,12,20.384,36.369
2080,10,13,24.999,32.55
2080,10,14,28.964,28.752
2080,10,15,29.793,27.447
2080,10,16,29.54,27.971
2080,10,17,21.649,29.579
2080,10,18,19.174,32.307
2080,10,19,24.454,34.674
2080,10,20,24.193,33.679
2080,10,21,26.054,28.389
2080,10,22,28.125,26.719
2080,10,23,27.052,27.5
2080,10,24,24.706,25.138
2080,10,25,27.318,25.568
2080,10,26,26.198,25.066
2080,10,27,26.971,25.283
2080,10,28,25.551,26.318
2080,10,29,21.963,27.208
2080,10,30,21.572,27.658
2080,10,31,19.321,25.883
2080,11,1,19.095,24.965
2080,11,2,13.847,22.365
2080,11,3,14.349,22.722
2080,11,4,12.889,26.7
2080,11,5,14.613,22.87
2080,11,6,15.011,21.234
2080,11,7,13.55,22.349
2080,11,8,16.696,20.453
2080,11,9,19.742,20.957
2080,11,10,19.368,21.992
2080,11,11,14.116,22.947
2080,11,12,19.788,23.066
2080,11,13,13.864,22.63
2080,11,14,15.984,21.101
2080,11,15,16.443,19.241
2080,11,16,16.691,18.787
2080,11,17,16.619,18.271
2080,11,18,16.833,19.178
2080,11,19,18.126,19.198
2080,11,20,19.034,16.214
2080,11,21,18.876,21.933
2080,11,22,17.029,21.644
2080,11,23,13.46,26.627
2080,11,24,12.386,24.333
2080,11,25,11.079,25.397
2080,11,26,11.897,23.522
2080,11,27,14.278,21.19
2080,11,28,14.881,20.259
2080,11,29,13.846,20.095
2080,11,30,12.777,18.458
2080,12,1,11.594,18.373
2080,12,2,14.337,17.014
2080,12,3,14.589,17.624
2080,12,4,12.733,15.33
2080,12,5,14.448,15.718
2080,12,6,14.287,16.887
2080,12,7,18.744,15.995
2080,12,8,14.223,19.662
2080,12,9,17.005,18.989
2080,12,10,14.996,18.698
2080,12,11,18.438,19.493
2080,12,12,16.947,20.335
2080,12,13,16.207,21.223
2080,12,14,16.316,18.637
2080,12,15,17.826,19.027
2080,12,16,16.832,22.688
2080,12,17,15.841,16.974
2080,12,18,14.883,16.802
2080,12,19,15.124,16.391
2080,12,20,12.604,17.72
2080,12,21,13.307,15.806
2080,12,22,11.176,17.672
2080,12,23,14.997,16.02
2080,12,24,14.841,19.455
2080,12,25,10.215,17.957
2080,12,26,11.477,15.046
2080,12,27,13.773,16.737
2080,12,28,14.844,14.95
2080,12,29,11.965,13.051
2080,12,30,10.997,11.874
2080,12,31,11.333,11.955
2081,1,1,13.835,14.993
2081,1,2,13.911,15.133
2081,1,3,12.545,16.84
2081,1,4,12.289,16.524
2081,1,5,12.891,15.484
2081,1,6,15.918,15.655
2081,1,7,15.292,19.842
2081,1,8,14.405,18.89
2081,1,9,14.684,12.748
2081,1,10,11.955,12.819
2081,1,11,15.452,14.236
2081,1,12,15.77,16.276
2081,1,13,17.379,13.954
2081,1,14,16.459,13.02
2081,1,15,18.052,13.611
2081,1,16,16.829,14.925
2081,1,17,15.307,15.771
2081,1,18,12.813,16.717
2081,1,19,12.779,14.976
2081,1,20,15.805,15.9
2081,1,21,17.039,16.849
2081,1,22,16.167,15.911
2081,1,23,13.198,15.802
2081,1,24,13.98,16.256
2081,1,25,12.423,16.141
2081,1,26,14.005,16.248
2081,1,27,12.46,14.894
2081,1,28,13.398,11.073
2081,1,29,19.156,15.316
2081,1,30,16.421,14.938
2081,1,31,20.777,16.188
2081,2,1,17.735,14.62
2081,2,2,16.863,15.289
2081,2,3,15.468,16.609
2081,2,4,16.633,17.453
2081,2,5,17.356,17.89
2081,2,6,14.235,17.29
2081,2,7,14.803,15.78
2081,2,8,10.295,17.969
2081,2,9,13.029,20.219
2081,2,10,11.276,21.36
2081,2,11,13.405,17.679
2081,2,12,17.841,17.396
2081,2,13,19.876,17.525
2081,2,14,20.871,16.49
2081,2,15,20.81,17.672
2081,2,16,18.478,19.31
2081,2,17,18.3,21.997
2081,2,18,17.448,20.603
2081,2,19,18.054,20.017
2081,2,20,17.426,19.548
2081,2,21,22.528,20.076
2081,2,22,24.91,19.136
2081,2,23,24.149,21.202
2081,2,24,22.449,21.507
2081,2,25,17.59,17.298
2081,2,26,14.798,13.267
2081,2,27,15.172,16.642
2081,2,28,17.08,18.022
2081,3,1,17.496,18.545
2081,3,2,18.556,17.252
2081,3,3,19.015,12.95
2081,3,4,18.781,14.76
2081,3,5,18.333,15.922
2081,3,6,18.998,18.24
2081,3,7,16.929,21.625
2081,3,8,16.718,23.59
2081,3,9,21.157,21.899
2081,3,10,21.568,23.62
2081,3,11,21.231,23.347
2081,3,12,21.99,22.662
2081,3,13,23.579,22.131
2081,3,14,23.322,18.48
2081,3,15,23.483,18.804
2081,3,16,24.446,21.531
2081,3,17,26.298,27.39
2081,3,18,25.25,23.757
2081,3,19,20.316,22.337
2081,3,20,19.043,22.811
2081,3,21,19.547,22.736
2081,3,22,13.099,23.65
2081,3,23,9.281,23.912
2081,3,24,11.587,22.093
2081,3,25,11.574,18.664
2081,3,26,10.854,16.419
2081,3,27,10.549,17.697
2081,3,28,14.24,19.055
2081,3,29,17.995,21.106
2081,3,30,18.954,23.554
2081,3,31,18.774,22.638
2081,4,1,19.303,21.992
2081,4,2,23.356,24.213
2081,4,3,22.852,25.55
2081,4,4,25.668,28.338
2081,4,5,27.923,30.714
2081,4,6,25.875,28.669
2081,4,7,27.997,22.162
2081,4,8,31.222,22.429
2081,4,9,33.176,22.393
2081,4,10,33.51,20.208
2081,4,11,32.008,25.409
2081,4,12,26.327,28.434
2081,4,13,27.041,30.227
2081,4,14,27.767,28.677
2081,4,15,25.214,23.738
2081,4,16,22.675,19.624
2081,4,17,22.876,25.6
2081,4,18,21.475,28.781
2081,4,19,17.037,31.305
2081,4,20,21.242,30.505
2081,4,21,24.665,25.457
2081,4,22,24.066,18.696
2081,4,23,20.726,23.924
2081,4,24,19.284,27.497
2081,4,25,20.92,27.937
2081,4,26,22.772,29.857
2081,4,27,22.54,29.151
2081,4,28,19.921,29.793
2081,4,29,24.078,27.139
2081,4,30,28.053,24.546
2081,5,1,27.623,23.874
2081,5,2,29.563,28.026
2081,5,3,24.427,31.139
2081,5,4,20.103,30.56
2081,5,5,16.513,22.366
2081,5,6,15.826,15.644
2081,5,7,15.105,18.379
2081,5,8,16.495,26.6
2081,5,9,16.24,28.841
2081,5,10,20.966,28.603
2081,5,11,22.486,32.855
2081,5,12,20.143,31.933
2081,5,13,19.899,28.777
2081,5,14,19.083,30.783
2081,5,15,20.611,33.064
2081,5,16,22.414,32.936
2081,5,17,21.188,33.3
2081,5,18,20.963,34.514
2081,5,19,24.759,33.117
2081,5,20,28.466,38.163
2081,5,21,27.626,38.52
2081,5,22,27.608,35.785
2081,5,23,27.196,28.804
2081,5,24,27.657,30.817
2081,5,25,26.029,34.946
2081,5,26,21.632,38.474
2081,5,27,20.971,40.02
2081,5,28,22.408,40.861
2081,5,29,26.735,40.949
2081,5,30,26.516,39.903
2081,5,31,26.641,37.076
2081,6,1,24.433,36.309
2081,6,2,25.75,36.29
2081,6,3,26.021,40.089
2081,6,4,24.009,40.739
2081,6,5,28.053,40.216
2081,6,6,29.945,37.524
2081,6,7,29.885,40.576
2081,6,8,26.309,41.373
2081,6,9,28.751,39.323
2081,6,10,31.324,38.976
2081,6,11,35.259,36.662
2081,6,12,36.354,38.297
2081,6,13,37.231,41.352
2081,6,14,37.953,42.651
2081,6,15,36.019,42.701
2081,6,16,35.557,42.809
2081,6,17,35.896,42.511
2081,6,18,35.488,42.096
2081,6,19,34.806,41.16
2081,6,20,33.542,39.833
2081,6,21,33.773,40.642
2081,6,22,34.181,41.601
2081,6,23,34.724,42.24
2081,6,24,35.877,40.704
2081,6,25,35.902,37.387
2081,6,26,38.111,37.546
2081,6,27,36.301,36.031
2081,6,28,36.425,36.012
2081,6,29,36.35,36.835
2081,6,30,38.082,36.866
2081,7,1,38.062,40.411
2081,7,2,40.469,42.17
2081,7,3,38.818,42.023
2081,7,4,36.059,39.211
2081,7,5,33.036,41.408
2081,7,6,35.459,43.17
2081,7,7,39.772,44.096
2081,7,8,40.189,44.127
2081,7,9,41.751,44.58
2081,7,10,41.472,44.128
2081,7,11,40.512,42.411
2081,7,12,39.035,38.94
2081,7,13,37.29,41.802
2081,7,14,37.77,43.847
2081,7,15,35.699,45.732
2081,7,16,35.297,44.758
2081,7,17,38.039,42.61
2081,7,18,39.064,39.112
2081,7,19,38.975,37.714
2081,7,20,30.943,37.269
2081,7,21,30.091,37.991
2081,7,22,32.889,36.574
2081,7,23,34.128,37.58
2081,7,24,38.223,36.845
2081,7,25,39.696,36.935
2081,7,26,40.397,33.254
2081,7,27,39.723,40.094
2081,7,28,37.309,40.953
2081,7,29,37.672,44.445
2081,7,30,36.592,45.243
2081,7,31,35.453,44.64
2081,8,1,36.756,42.126
2081,8,2,36.677,40.438
2081,8,3,37.75,39.197
2081,8,4,37.065,37.783
2081,8,5,36.136,36.135
2081,8,6,37.606,36.14
2081,8,7,39.062,37.065
2081,8,8,41.477,40.433
2081,8,9,41.084,38.64
2081,8,10,37.659,42.024
2081,8,11,35.021,42.239
2081,8,12,35.857,43.076
2081,8,13,35.396,42.211
2081,8,14,37.288,41.861
2081,8,15,37.831,39.879
2081,8,16,36.181,36.179
2081,8,17,37.935,36.792
2081,8,18,38.412,37.263
2081,8,19,31.275,35.328
2081,8,20,31.518,35.931
2081,8,21,31.234,35.346
2081,8,22,32.696,35.915
2081,8,23,33.877,38.344
2081,8,24,34.104,38.475
2081,8,25,30.273,36.699
2081,8,26,31.184,37.255
2081,8,27,34.316,38.577
2081,8,28,39.839,39.998
2081,8,29,38.757,39.72
2081,8,30,37.878,37.848
2081,8,31,31.687,37.658
2081,9,1,30.632,36.862
2081,9,2,30.538,36.841
2081,9,3,32.251,33.024
2081,9,4,30.85,31.524
2081,9,5,30.189,34.03
2081,9,6,30.563,32.76
2081,9,7,29.944,34.596
2081,9,8,28.782,33.88
2081,9,9,30.462,35.762
2081,9,10,25.463,38.772
2081,9,11,23.615,41.205
2081,9,12,28.941,44.096
2081,9,13,31.626,42.739
2081,9,14,33.017,41.896
2081,9,15,31.907,39.22
2081,9,16,31.504,39.323
2081,9,17,33.631,36.799
2081,9,18,34.127,35.546
2081,9,19,33.775,38.191
2081,9,20,29.428,40.561
2081,9,21,29.629,41.571
2081,9,22,33.908,41.462
2081,9,23,37.623,41.141
2081,9,24,36.775,39.925
2081,9,25,35.81,38.603
2081,9,26,34.239,37.151
2081,9,27,36.222,37.05
2081,9,28,34.719,38.359
2081,9,29,32.824,37.139
2081,9,30,28.266,37.598
2081,10,1,27.861,38.665
2081,10,2,30.266,34.216
2081,10,3,32.149,31.952
2081,10,4,31.719,34.074
2081,10,5,29.635,30.988
2081,10,6,29.96,30.083
2081,10,7,29.772,31.204
2081,10,8,28.103,30.942
2081,10,9,29.351,29.46
2081,10,10,23.123,27.823
2081,10,11,24.731,24.732
2081,10,12,24.639,22.015
2081,10,13,16.106,22.794
2081,10,14,17.337,23.577
2081,10,15,17.885,22.557
2081,10,16,18.731,19.057
2081,10,17,17.702,19.51
2081,10,18,20.122,20.115
2081,10,19,22.706,21.959
2081,10,20,24.022,23.469
2081,10,21,25.463,25.16
2081,10,22,24.37,24.859
2081,10,23,24.914,24.975
2081,10,24,25.595,22.023
2081,10,25,24.938,21.231
2081,10,26,21.827,20.708
2081,10,27,23.252,21.364
2081,10,28,24.042,21.457
2081,10,29,23.323,22.759
2081,10,30,21.356,22.564
2081,10,31,22.885,24.61
2081,11,1,23.314,20.856
2081,11,2,24.16,19.647
2081,11,3,25.626,18.003
2081,11,4,23.04,17.857
2081,11,5,24.564,17.905
2081,11,6,22.892,17.27
2081,11,7,21.446,18.309
2081,11,8,14.956,18.068
2081,11,9,15.432,18.988
2081,11,10,15.839,20.119
2081,11,11,13.387,20.481
2081,11,12,15.283,19.932
2081,11,13,16.503,21.188
2081,11,14,15.659,19.247
2081,11,15,17.468,20.271
2081,11,16,17.564,21.628
2081,11,17,13.13,20.362
2081,11,18,13.631,20.873
2081,11,19,16.842,21.571
2081,11,20,17.624,21.164
2081,11,21,20.116,17.759
2081,11,22,21.59,12.352
2081,11,23,17.568,14.715
2081,11,24,19.33,16.514
2081,11,25,22.038,17.778
2081,11,26,21.438,18.107
2081,11,27,21.559,16.542
2081,11,28,22.58,18.257
2081,11,29,17.274,15.081
2081,11,30,14.728,15.45
2081,12,1,16.291,15.059
2081,12,2,18.003,14.135
2081,12,3,17.623,12.487
2081,12,4,18.459,14.992
2081,12,5,17.319,15.622
2081,12,6,14.603,14.742
2081,12,7,13.657,13.074
2081,12,8,12.987,14.259
2081,12,9,15.434,15.584
2081,12,10,16.158,14.269
2081,12,11,19.295,17.87
2081,12,12,18.476,18.015
2081,12,13,19.544,17.726
2081,12,14,19.68,16.713
2081,12,15,18.144,14.326
2081,12,16,15.307,13.717
2081,12,17,13.483,14.316
2081,12,18,11.119,12.435
2081,12,19,11.487,13.207
2081,12,20,11.597,13.2
2081,12,21,13.198,15.798
2081,12,22,15.148,16.435
2081,12,23,18.55,17.764
2081,12,24,20.018,19.555
2081,12,25,15.617,19.845
2081,12,26,12.304,17.913
2081,12,27,13.675,15.163
2081,12,28,14.645,15.624
2081,12,29,16.102,14.637
2081,12,30,15.03,14.0
2081,12,31,11.376,13.213
2082,1,1,11.777,13.309
2082,1,2,12.97,14.184
2082,1,3,12.38,13.815
2082,1,4,14.583,12.907
2082,1,5,14.338,13.56
2082,1,6,10.959,13.129
2082,1,7,13.356,15.423
2082,1,8,14.722,16.222
2082,1,9,19.005,17.837
2082,1,10,18.482,18.76
2082,1,11,19.491,19.515
2082,1,12,18.721,19.287
2082,1,13,15.9,19.748
2082,1,14,19.37,18.436
2082,1,15,21.605,20.564
2082,1,16,18.75,19.783
2082,1,17,20.187,20.063
2082,1,18,19.06,16.756
2082,1,19,19.963,17.313
2082,1,20,16.55,19.163
2082,1,21,15.485,21.101
2082,1,22,14.952,20.869
2082,1,23,16.12,17.948
2082,1,24,20.382,19.277
2082,1,25,22.868,20.261
2082,1,26,22.488,20.397
2082,1,27,18.939,21.822
2082,1,28,19.183,17.757
2082,1,29,19.906,14.087
2082,1,30,19.368,15.961
2082,1,31,18.692,20.618
2082,2,1,16.826,20.948
2082,2,2,16.313,21.124
2082,2,3,17.883,22.576
2082,2,4,17.33,21.534
2082,2,5,18.179,18.267
2082,2,6,17.678,17.493
2082,2,7,17.584,19.678
2082,2,8,19.224,19.336
2082,2,9,18.996,22.034
2082,2,10,18.953,21.574
2082,2,11,17.158,21.555
2082,2,12,17.789,17.398
2082,2,13,17.596,15.218
2082,2,14,17.23,15.808
2082,2,15,16.911,15.5
2082,2,16,12.971,12.793
2082,2,17,13.107,14.279
2082,2,18,12.041,14.568
2082,2,19,13.315,14.986
2082,2,20,13.221,16.098
2082,2,21,14.446,15.374
2082,2,22,15.482,17.468
2082,2,23,16.932,16.462
2082,2,24,18.575,16.258
2082,2,25,19.929,18.375
2082,2,26,19.994,15.583
2082,2,27,14.88,16.739
2082,2,28,10.255,11.743
2082,3,1,9.924,13.201
2082,3,2,14.089,16.393
2082,3,3,15.009,16.703
2082,3,4,16.922,14.817
2082,3,5,22.267,17.285
2082,3,6,20.746,17.676
2082,3,7,22.967,17.394
2082,3,8,20.957,19.628
2082,3,9,17.759,22.78
2082,3,10,14.581,23.779
2082,3,11,10.996,24.978
2082,3,12,15.161,22.658
2082,3,13,14.602,16.539
2082,3,14,15.222,18.632
2082,3,15,20.057,18.759
2082,3,16,18.301,16.509
2082,3,17,24.096,19.27
2082,3,18,22.395,19.428
2082,3,19,22.31,20.79
2082,3,20,19.228,18.895
2082,3,21,18.53,15.705
2082,3,22,16.81,15.807
2082,3,23,17.585,16.503
2082,3,24,18.358,19.662
2082,3,25,17.563,17.016
2082,3,26,21.953,17.044
2082,3,27,21.864,21.546
2082,3,28,20.533,26.138
2082,3,29,17.221,21.737
2082,3,30,17.075,19.09
2082,3,31,15.517,24.338
2082,4,1,11.227,23.624
2082,4,2,14.532,21.183
2082,4,3,19.008,22.496
2082,4,4,21.111,22.531
2082,4,5,18.797,22.561
2082,4,6,16.128,19.425
2082,4,7,13.995,12.797
2082,4,8,15.721,15.775
2082,4,9,17.068,18.751
2082,4,10,14.297,22.315
2082,4,11,15.895,21.395
2082,4,12,21.732,18.348
2082,4,13,24.074,19.564
2082,4,14,25.787,18.789
2082,4,15,26.396,19.151
2082,4,16,19.804,17.181
2082,4,17,12.863,12.357
2082,4,18,11.799,13.734
2082,4,19,15.508,11.975
2082,4,20,21.836,9.879
2082,4,21,19.457,19.237
2082,4,22,16.955,22.396
2082,4,23,14.755,24.738
2082,4,24,21.072,28.333
2082,4,25,22.391,27.397
2082,4,26,21.965,28.244
2082,4,27,22.673,32.592
2082,4,28,26.574,29.775
2082,4,29,26.977,28.443
2082,4,30,24.096,22.644
2082,5,1,21.423,27.515
2082,5,2,19.244,31.319
2082,5,3,19.887,30.695
2082,5,4,20.088,28.305
2082,5,5,21.77,29.414
2082,5,6,19.256,32.33
2082,5,7,17.016,35.803
2082,5,8,15.896,37.077
2082,5,9,21.005,38.778
2082,5,10,23.389,39.144
2082,5,11,23.911,38.19
2082,5,12,24.031,36.51
2082,5,13,24.48,37.043
2082,5,14,27.505,36.372
2082,5,15,29.539,32.425
2082,5,16,31.26,27.445
2082,5,17,22.541,23.219
2082,5,18,25.427,18.346
2082,5,19,25.258,14.887
2082,5,20,24.981,25.63
2082,5,21,26.164,29.126
2082,5,22,28.015,30.634
2082,5,23,27.307,31.06
2082,5,24,28.027,30.089
2082,5,25,28.953,29.376
2082,5,26,28.97,29.383
2082,5,27,29.012,27.641
2082,5,28,23.129,30.582
2082,5,29,27.111,27.573
2082,5,30,31.522,26.447
2082,5,31,33.413,27.892
2082,6,1,35.353,31.669
2082,6,2,35.233,37.165
2082,6,3,35.649,40.414
2082,6,4,31.734,42.01
2082,6,5,33.617,43.7
2082,6,6,35.66,42.494
2082,6,7,37.854,40.008
2082,6,8,38.461,40.057
2082,6,9,36.053,38.154
2082,6,10,36.36,37.489
2082,6,11,29.986,34.405
2082,6,12,34.005,33.014
2082,6,13,34.399,34.275
2082,6,14,32.501,38.216
2082,6,15,29.877,40.629
2082,6,16,28.044,41.641
2082,6,17,24.973,41.113
2082,6,18,26.21,39.049
2082,6,19,27.581,40.506
2082,6,20,26.281,37.669
2082,6,21,28.024,42.057
2082,6,22,28.91,44.237
2082,6,23,30.042,49.326
2082,6,24,31.899,47.842
2082,6,25,29.65,46.091
2082,6,26,29.566,43.94
2082,6,27,32.901,45.695
2082,6,28,33.033,44.431
2082,6,29,34.307,43.429
2082,6,30,33.389,41.624
2082,7,1,37.824,40.512
2082,7,2,39.841,40.263
2082,7,3,40.963,35.454
2082,7,4,39.866,37.349
2082,7,5,40.184,40.334
2082,7,6,40.506,39.659
2082,7,7,39.826,39.025
2082,7,8,36.389,37.04
2082,7,9,34.076,36.148
2082,7,10,39.65,36.495
2082,7,11,41.241,39.116
2082,7,12,42.56,39.633
2082,7,13,43.754,39.784
2082,7,14,40.641,39.637
2082,7,15,37.633,38.821
2082,7,16,40.049,38.553
2082,7,17,39.647,41.089
2082,7,18,36.82,40.551
2082,7,19,37.761,42.477
2082,7,20,39.889,41.573
2082,7,21,39.297,40.572
2082,7,22,39.723,41.621
2082,7,23,40.193,41.607
2082,7,24,38.465,40.576
2082,7,25,37.254,40.165
2082,7,26,39.223,39.146
2082,7,27,38.912,39.373
2082,7,28,37.961,41.653
2082,7,29,35.634,42.258
2082,7,30,34.617,42.832
2082,7,31,38.306,43.148
2082,8,1,40.154,42.258
2082,8,2,41.268,42.625
2082,8,3,43.067,40.64
2082,8,4,43.76,38.728
2082,8,5,44.504,38.302
2082,8,6,44.074,38.231
2082,8,7,42.344,37.511
2082,8,8,42.708,36.693
2082,8,9,38.713,36.316
2082,8,10,36.377,37.162
2082,8,11,38.38,38.925
2082,8,12,36.915,38.669
2082,8,13,36.965,38.411
2082,8,14,36.821,37.283
2082,8,15,35.14,35.94
2082,8,16,34.571,35.436
2082,8,17,32.624,35.38
2082,8,18,32.282,36.703
2082,8,19,33.764,39.315
2082,8,20,37.971,38.579
2082,8,21,34.913,36.717
2082,8,22,34.695,35.504
2082,8,23,37.277,37.045
2082,8,24,38.065,39.258
2082,8,25,37.688,37.614
2082,8,26,37.165,39.449
2082,8,27,38.951,39.412
2082,8,28,40.485,39.436
2082,8,29,37.634,40.134
2082,8,30,32.288,41.405
2082,8,31,31.29,41.18
2082,9,1,30.11,40.487
2082,9,2,29.242,40.741
2082,9,3,24.671,40.609
2082,9,4,29.355,42.899
2082,9,5,30.156,37.805
2082,9,6,34.357,31.066
2082,9,7,34.203,34.075
2082,9,8,34.55,35.057
2082,9,9,32.87,35.384
2082,9,10,34.643,34.49
2082,9,11,37.988,34.986
2082,9,12,37.644,35.709
2082,9,13,37.28,38.241
2082,9,14,38.094,37.43
2082,9,15,37.004,37.76
2082,9,16,34.074,36.477
2082,9,17,34.522,34.39
2082,9,18,33.78,34.396
2082,9,19,34.378,33.149
2082,9,20,34.802,35.105
2082,9,21,30.297,36.304
2082,9,22,28.127,33.592
2082,9,23,21.569,29.671
2082,9,24,19.385,29.266
2082,9,25,24.027,30.496
2082,9,26,23.933,37.191
2082,9,27,23.82,36.61
2082,9,28,26.16,34.23
2082,9,29,26.563,27.25
2082,9,30,25.646,25.732
2082,10,1,27.947,28.63
2082,10,2,27.856,27.768
2082,10,3,28.513,29.901
2082,10,4,29.108,35.924
2082,10,5,24.35,37.625
2082,10,6,26.731,36.353
2082,10,7,33.184,31.911
2082,10,8,31.674,27.114
2082,10,9,25.086,25.178
2082,10,10,22.909,27.006
2082,10,11,27.292,29.647
2082,10,12,28.66,33.849
2082,10,13,28.737,30.315
2082,10,14,23.904,30.811
2082,10,15,30.071,31.593
2082,10,16,31.304,31.763
2082,10,17,33.689,30.205
2082,10,18,32.557,31.843
2082,10,19,32.566,34.552
2082,10,20,31.585,32.565
2082,10,21,27.735,30.403
2082,10,22,25.582,23.976
2082,10,23,25.617,29.159
2082,10,24,25.635,32.628
2082,10,25,23.565,32.905
2082,10,26,20.161,31.029
2082,10,27,22.149,30.945
2082,10,28,21.214,31.658
2082,10,29,18.07,34.13
2082,10,30,14.154,34.262
2082,10,31,17.65,31.65
2082,11,1,21.513,32.628
2082,11,2,18.822,34.145
2082,11,3,19.805,33.485
2082,11,4,23.5,33.532
2082,11,5,22.618,30.787
2082,11,6,20.781,29.528
2082,11,7,17.638,24.965
2082,11,8,20.517,22.456
2082,11,9,18.974,18.939
2082,11,10,19.867,17.651
2082,11,11,21.047,20.61
2082,11,12,19.771,20.324
2082,11,13,21.475,17.747
2082,11,14,21.596,19.311
2082,11,15,21.359,21.428
2082,11,16,21.658,21.641
2082,11,17,19.064,20.167
2082,11,18,14.523,15.116
2082,11,19,17.006,14.855
2082,11,20,17.334,17.928
2082,11,21,17.334,17.972
2082,11,22,20.238,19.063
2082,11,23,19.895,19.609
2082,11,24,16.352,20.454
2082,11,25,19.82,20.834
2082,11,26,22.65,18.735
2082,11,27,22.603,22.582
2082,11,28,24.332,20.167
2082,11,29,21.681,17.372
2082,11,30,21.757,18.378
2082,12,1,20.935,21.89
2082,12,2,18.357,22.585
2082,12,3,12.377,18.746
2082,12,4,13.927,17.313
2082,12,5,14.749,14.258
2082,12,6,15.475,14.878
2082,12,7,11.998,13.345
2082,12,8,11.591,15.8
2082,12,9,14.47,17.366
2082,12,10,14.125,16.715
2082,12,11,14.111,16.404
2082,12,12,15.377,17.202
2082,12,13,16.223,16.638
2082,12,14,12.967,15.492
2082,12,15,10.506,12.94
2082,12,16,11.288,14.343
2082,12,17,12.414,15.956
2082,12,18,12.423,17.77
2082,12,19,9.104,17.012
2082,12,20,11.567,17.534
2082,12,21,12.321,18.431
2082,12,22,10.348,15.538
2082,12,23,11.519,16.13
2082,12,24,11.288,13.005
2082,12,25,8.387,10.982
2082,12,26,12.935,13.945
2082,12,27,12.18,12.197
2082,12,28,9.897,13.118
2082,12,29,9.392,13.947
2082,12,30,6.357,15.182
2082,12,31,8.87,16.336
2083,1,1,11.873,16.962
2083,1,2,11.988,14.49
2083,1,3,12.542,16.344
2083,1,4,11.712,16.11
2083,1,5,11.406,15.702
2083,1,6,10.967,17.366
2083,1,7,10.568,17.919
2083,1,8,10.029,15.463
2083,1,9,11.105,15.505
2083,1,10,9.539,16.279
2083,1,11,10.158,16.843
2083,1,12,10.671,17.355
2083,1,13,12.343,15.286
2083,1,14,14.33,16.83
2083,1,15,17.462,15.391
2083,1,16,18.089,15.398
2083,1,17,14.655,13.415
2083,1,18,14.414,11.402
2083,1,19,13.65,11.395
2083,1,20,14.519,9.205
2083,1,21,13.485,8.719
2083,1,22,14.154,5.899
2083,1,23,15.611,8.562
2083,1,24,18.691,13.158
2083,1,25,16.538,17.873
2083,1,26,16.76,19.217
2083,1,27,16.008,18.781
2083,1,28,13.996,17.658
2083,1,29,16.026,18.044
2083,1,30,19.122,22.283
2083,1,31,21.812,24.008
2083,2,1,25.54,23.021
2083,2,2,24.239,22.079
2083,2,3,21.562,22.18
2083,2,4,18.362,20.28
2083,2,5,17.748,18.166
2083,2,6,19.617,18.155
2083,2,7,16.201,18.75
2083,2,8,16.941,17.537
2083,2,9,14.783,16.125
2083,2,10,16.896,15.951
2083,2,11,15.098,15.573
2083,2,12,16.199,16.173
2083,2,13,17.749,16.413
2083,2,14,15.938,19.17
2083,2,15,15.806,17.571
2083,2,16,11.85,18.311
2083,2,17,13.48,16.311
2083,2,18,12.972,15.791
2083,2,19,11.643,17.913
2083,2,20,11.807,14.161
2083,2,21,13.467,18.198
2083,2,22,17.784,16.733
2083,2,23,16.934,19.342
2083,2,24,14.961,19.183
2083,2,25,13.654,21.395
2083,2,26,16.108,20.436
2083,2,27,16.915,21.143
2083,2,28,14.706,21.306
2083,3,1,13.502,22.737
2083,3,2,13.701,21.338
2083,3,3,16.874,20.657
2083,3,4,18.4,17.486
2083,3,5,17.124,16.362
2083,3,6,15.046,17.079
2083,3,7,10.56,14.36
2083,3,8,8.681,15.684
2083,3,9,9.549,18.077
2083,3,10,11.048,19.601
2083,3,11,10.387,15.834
2083,3,12,11.468,16.848
2083,3,13,8.06,15.414
2083,3,14,9.973,16.702
2083,3,15,14.431,20.701
2083,3,16,15.304,19.884
2083,3,17,16.6,20.174
2083,3,18,14.812,12.642
2083,3,19,9.335,13.836
2083,3,20,11.719,14.773
2083,3,21,16.025,16.231
2083,3,22,15.733,19.478
2083,3,23,15.475,22.443
2083,3,24,14.779,25.73
2083,3,25,10.91,26.433
2083,3,26,13.033,24.905
2083,3,27,13.833,19.422
2083,3,28,14.213,21.633
2083,3,29,11.557,18.649
2083,3,30,15.923,15.019
2083,3,31,21.059,19.001
2083,4,1,23.094,22.437
2083,4,2,26.184,24.344
2083,4,3,29.564,20.822
2083,4,4,30.094,15.82
2083,4,5,30.537,15.304
2083,4,6,29.762,20.688
2083,4,7,28.477,22.141
2083,4,8,22.72,22.675
2083,4,9,21.388,26.064
2083,4,10,19.638,26.698
2083,4,11,19.25,24.158
2083,4,12,19.924,18.984
2083,4,13,22.821,21.812
2083,4,14,24.449,25.171
2083,4,15,24.59,26.287
2083,4,16,21.034,29.42
2083,4,17,20.457,31.928
2083,4,18,20.184,32.841
2083,4,19,23.359,32.144
2083,4,20,26.385,30.718
2083,4,21,28.319,31.615
2083,4,22,31.172,32.164
2083,4,23,28.758,32.801
2083,4,24,29.951,29.24
2083,4,25,29.764,27.906
2083,4,26,30.949,29.764
2083,4,27,31.584,30.065
2083,4,28,29.15,28.644
2083,4,29,22.669,23.718
2083,4,30,19.863,23.477
2083,5,1,22.526,27.805
2083,5,2,26.101,32.138
2083,5,3,30.44,32.975
2083,5,4,33.606,33.607
2083,5,5,33.439,33.295
2083,5,6,32.924,32.109
2083,5,7,36.16,27.568
2083,5,8,36.645,28.037
2083,5,9,36.502,31.277
2083,5,10,35.029,34.145
2083,5,11,25.104,33.551
2083,5,12,20.823,32.732
2083,5,13,23.577,33.05
2083,5,14,27.683,32.61
2083,5,15,32.763,32.506
2083,5,16,34.191,31.025
2083,5,17,35.568,30.042
2083,5,18,35.796,31.411
2083,5,19,36.033,32.102
2083,5,20,33.304,31.682
2083,5,21,30.57,33.633
2083,5,22,30.504,34.877
2083,5,23,36.382,33.748
2083,5,24,33.59,31.278
2083,5,25,33.269,33.763
2083,5,26,31.204,35.809
2083,5,27,34.609,38.982
2083,5,28,36.765,38.86
2083,5,29,40.764,38.103
2083,5,30,40.178,37.621
2083,5,31,40.349,32.008
2083,6,1,38.329,28.706
2083,6,2,39.205,25.525
2083,6,3,38.912,25.257
2083,6,4,38.543,30.451
2083,6,5,37.422,33.425
2083,6,6,38.909,32.334
2083,6,7,35.547,33.887
2083,6,8,35.899,33.744
2083,6,9,36.222,32.227
2083,6,10,34.472,35.012
2083,6,11,34.035,38.041
2083,6,12,33.195,38.123
2083,6,13,33.27,37.458
2083,6,14,33.142,33.476
2083,6,15,34.098,37.84
2083,6,16,35.795,40.523
2083,6,17,37.529,39.356
2083,6,18,38.135,39.159
2083,6,19,37.765,41.517
2083,6,20,37.308,42.379
2083,6,21,35.273,41.603
2083,6,22,35.337,41.175
2083,6,23,36.252,39.532
2083,6,24,38.039,36.701
2083,6,25,39.926,37.162
2083,6,26,37.642,36.678
2083,6,27,39.19,37.166
2083,6,28,39.015,36.179
2083,6,29,38.72,38.849
2083,6,30,34.858,40.242
2083,7,1,35.814,41.525
2083,7,2,35.919,39.153
2083,7,3,34.826,39.638
2083,7,4,36.537,39.82
2083,7,5,33.99,41.368
2083,7,6,33.975,43.495
2083,7,7,34.593,39.191
2083,7,8,37.626,40.064
2083,7,9,38.978,37.728
2083,7,10,37.821,36.679
2083,7,11,37.485,37.333
2083,7,12,36.143,37.952
2083,7,13,36.417,38.506
2083,7,14,35.437,38.418
2083,7,15,35.829,38.211
2083,7,16,36.152,39.022
2083,7,17,38.449,41.573
2083,7,18,37.432,42.174
2083,7,19,34.466,41.242
2083,7,20,34.764,40.189
2083,7,21,34.259,40.174
2083,7,22,37.53,40.235
2083,7,23,39.907,41.297
2083,7,24,39.632,42.378
2083,7,25,38.013,43.316
2083,7,26,38.113,42.249
2083,7,27,37.905,41.39
2083,7,28,37.907,41.764
2083,7,29,36.751,41.544
2083,7,30,38.418,40.375
2083,7,31,39.501,39.143
2083,8,1,38.12,38.077
2083,8,2,41.214,37.365
2083,8,3,40.338,35.204
2083,8,4,38.188,35.701
2083,8,5,40.304,37.289
2083,8,6,40.216,36.931
2083,8,7,41.249,36.647
2083,8,8,40.509,37.809
2083,8,9,41.053,40.173
2083,8,10,40.028,39.85
2083,8,11,38.248,40.24
2083,8,12,37.94,45.019
2083,8,13,38.351,43.48
2083,8,14,38.639,42.695
2083,8,15,35.553,45.464
2083,8,16,33.509,43.754
2083,8,17,32.667,44.98
2083,8,18,32.885,42.583
2083,8,19,32.788,39.568
2083,8,20,32.583,38.372
2083,8,21,35.033,39.473
2083,8,22,35.305,39.776
2083,8,23,38.223,38.447
2083,8,24,38.628,35.229
2083,8,25,37.055,35.391
2083,8,26,36.675,33.79
2083,8,27,36.395,31.613
2083,8,28,36.893,39.138
2083,8,29,38.047,41.449
2083,8,30,37.724,41.298
2083,8,31,36.493,41.135
2083,9,1,34.483,40.812
2083,9,2,34.5,41.142
2083,9,3,36.702,38.791
2083,9,4,35.95,38.008
2083,9,5,34.994,36.34
2083,9,6,36.043,34.628
2083,9,7,35.807,34.015
2083,9,8,37.577,35.521
2083,9,9,37.086,33.278
2083,9,10,37.793,31.785
2083,9,11,37.123,28.122
2083,9,12,40.455,25.431
2083,9,13,39.269,25.048
2083,9,14,38.633,30.066
2083,9,15,39.669,31.855
2083,9,16,38.81,30.988
2083,9,17,38.968,28.925
2083,9,18,37.325,28.629
2083,9,19,36.677,28.948
2083,9,20,37.133,30.509
2083,9,21,37.707,32.627
2083,9,22,37.151,35.403
2083,9,23,37.4,39.212
2083,9,24,36.943,39.607
2083,9,25,35.617,42.134
2083,9,26,36.133,41.975
2083,9,27,35.247,41.058
2083,9,28,33.307,39.502
2083,9,29,32.671,36.943
2083,9,30,33.997,30.144
2083,10,1,33.26,23.152
2083,10,2,33.941,20.24
2083,10,3,35.664,22.691
2083,10,4,34.088,24.599
2083,10,5,32.273,25.043
2083,10,6,28.443,25.752
2083,10,7,23.704,26.53
2083,10,8,24.964,23.625
2083,10,9,26.624,23.46
2083,10,10,25.668,19.4
2083,10,11,27.647,20.884
2083,10,12,32.482,26.4
2083,10,13,33.832,26.124
2083,10,14,33.239,26.241
2083,10,15,29.845,21.748
2083,10,16,30.2,19.067
2083,10,17,28.936,20.226
2083,10,18,29.505,19.227
2083,10,19,27.9,19.844
2083,10,20,27.857,21.784
2083,10,21,29.079,24.44
2083,10,22,26.05,25.665
2083,10,23,27.501,27.061
2083,10,24,26.191,26.675
2083,10,25,27.141,25.777
2083,10,26,28.486,28.215
2083,10,27,26.783,26.127
2083,10,28,26.47,27.017
2083,10,29,23.973,22.473
2083,10,30,22.866,23.945
2083,10,31,27.232,25.769
2083,11,1,28.294,27.198
2083,11,2,29.28,26.73
2083,11,3,28.093,24.377
2083,11,4,26.705,20.707
2083,11,5,19.754,20.281
2083,11,6,20.065,18.611
2083,11,7,20.609,17.793
2083,11,8,21.663,17.633
2083,11,9,23.031,19.922
2083,11,10,20.667,19.238
2083,11,11,18.704,16.462
2083,11,12,21.434,13.214
2083,11,13,24.126,14.561
2083,11,14,27.247,16.761
2083,11,15,23.668,16.518
2083,11,16,22.798,18.382
2083,11,17,23.001,20.145
2083,11,18,19.03,21.288
2083,11,19,17.388,20.302
2083,11,20,18.896,19.84
2083,11,21,17.247,21.71
2083,11,22,18.089,24.168
2083,11,23,21.692,24.239
2083,11,24,21.856,21.166
2083,11,25,22.269,19.754
2083,11,26,22.929,22.849
2083,11,27,22.06,21.072
2083,11,28,23.54,16.67
2083,11,29,23.64,18.206
2083,11,30,20.396,17.336
2083,12,1,19.925,17.045
2083,12,2,17.166,17.683
2083,12,3,16.303,17.094
2083,12,4,15.588,15.508
2083,12,5,15.272,12.968
2083,12,6,14.923,13.483
2083,12,7,14.735,13.395
2083,12,8,14.778,13.4
2083,12,9,14.694,13.871
2083,12,10,16.233,14.024
2083,12,11,14.624,13.976
2083,12,12,15.698,16.128
2083,12,13,19.007,15.097
2083,12,14,14.703,18.04
2083,12,15,18.129,16.852
2083,12,16,17.063,17.12
2083,12,17,18.044,20.089
2083,12,18,18.532,16.318
2083,12,19,16.636,18.222
2083,12,20,13.789,14.828
2083,12,21,16.742,17.079
2083,12,22,12.662,19.201
2083,12,23,13.155,20.916
2083,12,24,14.135,18.883
2083,12,25,16.389,19.422
2083,12,26,15.485,23.393
2083,12,27,13.647,23.754
2083,12,28,13.372,22.573
2083,12,29,12.735,21.035
2083,12,30,15.56,19.787
2083,12,31,14.176,21.465
2084,1,1,11.265,22.297
2084,1,2,12.5,20.987
2084,1,3,15.556,19.673
2084,1,4,17.335,20.824
2084,1,5,15.862,19.389
2084,1,6,13.902,14.418
2084,1,7,16.797,17.765
2084,1,8,18.351,18.253
2084,1,9,14.847,17.589
2084,1,10,13.641,19.4
2084,1,11,14.891,17.146
2084,1,12,15.722,18.114
2084,1,13,16.726,16.832
2084,1,14,13.799,16.097
2084,1,15,16.525,14.998
2084,1,16,18.066,16.632
2084,1,17,18.867,14.44
2084,1,18,22.612,13.662
2084,1,19,23.275,15.565
2084,1,20,22.941,15.326
2084,1,21,19.156,16.314
2084,1,22,18.538,13.21
2084,1,23,15.033,13.682
2084,1,24,18.676,16.111
2084,1,25,16.418,13.962
2084,1,26,15.746,14.783
2084,1,27,16.014,13.752
2084,1,28,16.052,15.552
2084,1,29,14.501,18.159
2084,1,30,13.74,19.437
2084,1,31,14.728,19.938
2084,2,1,15.687,21.364
2084,2,2,20.45,21.954
2084,2,3,16.549,19.336
2084,2,4,18.866,20.821
2084,2,5,19.824,18.545
2084,2,6,16.215,13.869
2084,2,7,16.334,16.138
2084,2,8,20.367,17.834
2084,2,9,17.666,17.164
2084,2,10,20.118,19.64
2084,2,11,17.279,17.396
2084,2,12,18.033,15.314
2084,2,13,18.613,17.446
2084,2,14,17.813,21.746
2084,2,15,14.599,21.303
2084,2,16,15.795,22.052
2084,2,17,15.261,22.48
2084,2,18,13.261,18.942
2084,2,19,13.593,25.026
2084,2,20,16.952,24.828
2084,2,21,18.091,28.587
2084,2,22,12.472,26.965
2084,2,23,14.282,25.925
2084,2,24,14.043,25.038
2084,2,25,15.605,25.155
2084,2,26,20.156,26.531
2084,2,27,21.191,26.93
2084,2,28,20.02,23.431
2084,2,29,22.058,20.481
2084,3,1,21.669,16.041
2084,3,2,17.491,17.561
2084,3,3,19.049,15.583
2084,3,4,19.886,16.482
2084,3,5,18.395,13.539
2084,3,6,17.729,15.489
2084,3,7,19.357,15.596
2084,3,8,16.671,15.366
2084,3,9,17.685,15.501
2084,3,10,18.951,15.768
2084,3,11,22.349,18.64
2084,3,12,21.524,18.785
2084,3,13,18.973,19.287
2084,3,14,15.274,19.933
2084,3,15,18.146,19.761
2084,3,16,22.108,22.486
2084,3,17,24.77,21.791
2084,3,18,26.751,22.208
2084,3,19,23.281,19.318
2084,3,20,22.727,17.009
2084,3,21,27.048,18.306
2084,3,22,21.719,18.676
2084,3,23,21.285,20.652
2084,3,24,20.219,20.295
2084,3,25,17.697,21.216
2084,3,26,17.457,18.388
2084,3,27,16.179,18.752
2084,3,28,16.141,18.313
2084,3,29,17.666,17.852
2084,3,30,16.194,15.593
2084,3,31,15.424,14.535
2084,4,1,13.783,14.191
2084,4,2,16.962,20.22
2084,4,3,15.119,23.984
2084,4,4,15.638,21.117
2084,4,5,19.619,20.0
2084,4,6,19.816,23.075
2084,4,7,17.279,28.337
2084,4,8,15.021,24.368
2084,4,9,16.557,20.728
2084,4,10,16.851,21.758
2084,4,11,20.827,25.957
2084,4,12,25.547,30.192
2084,4,13,21.25,28.743
2084,4,14,13.762,25.895
2084,4,15,14.465,25.661
2084,4,16,19.496,25.158
2084,4,17,27.467,24.907
2084,4,18,28.272,20.499
2084,4,19,28.878,21.062
2084,4,20,25.842,26.128
2084,4,21,26.355,26.615
2084,4,22,23.31,23.911
2084,4,23,20.616,16.358
2084,4,24,18.437,17.146
2084,4,25,21.002,22.941
2084,4,26,22.07,26.446
2084,4,27,24.686,27.38
2084,4,28,21.414,27.182
2084,4,29,13.033,28.266
2084,4,30,10.972,32.57
2084,5,1,14.004,32.587
2084,5,2,19.312,33.878
2084,5,3,22.373,33.308
2084,5,4,19.064,21.363
2084,5,5,17.707,21.12
2084,5,6,15.549,25.772
2084,5,7,15.548,29.919
2084,5,8,10.38,30.05
2084,5,9,16.118,31.431
2084,5,10,21.773,31.922
2084,5,11,27.275,36.112
2084,5,12,27.585,34.092
2084,5,13,26.255,29.642
2084,5,14,27.099,29.417
2084,5,15,27.691,32.631
2084,5,16,26.535,32.979
2084,5,17,21.568,33.297
2084,5,18,21.246,32.198
2084,5,19,26.738,37.398
2084,5,20,31.026,38.146
2084,5,21,28.213,35.434
2084,5,22,29.639,35.952
2084,5,23,30.536,32.729
2084,5,24,31.976,27.743
2084,5,25,32.661,27.694
2084,5,26,29.409,29.249
2084,5,27,27.218,30.686
2084,5,28,24.129,31.254
2084,5,29,25.978,35.399
2084,5,30,26.948,39.142
2084,5,31,30.701,39.215
2084,6,1,34.52,36.697
2084,6,2,35.423,36.651
2084,6,3,35.301,39.832
2084,6,4,36.143,42.481
2084,6,5,38.468,40.692
2084,6,6,40.206,40.978
2084,6,7,39.438,41.145
2084,6,8,37.971,41.986
2084,6,9,35.114,37.604
2084,6,10,31.726,31.512
2084,6,11,35.355,35.502
2084,6,12,41.894,37.833
2084,6,13,41.648,37.937
2084,6,14,44.06,36.35
2084,6,15,41.6,34.524
2084,6,16,41.867,35.878
2084,6,17,41.056,36.788
2084,6,18,41.199,37.036
2084,6,19,42.784,37.706
2084,6,20,40.444,41.075
2084,6,21,39.937,40.682
2084,6,22,39.536,41.032
2084,6,23,38.622,38.276
2084,6,24,39.048,38.406
2084,6,25,35.267,39.174
2084,6,26,34.471,40.276
2084,6,27,34.281,40.35
2084,6,28,35.988,38.389
2084,6,29,39.158,37.038
2084,6,30,41.459,37.35
2084,7,1,44.519,34.654
2084,7,2,42.023,34.309
2084,7,3,35.992,31.493
2084,7,4,37.313,31.408
2084,7,5,39.191,33.471
2084,7,6,39.819,35.044
2084,7,7,38.326,36.415
2084,7,8,37.791,38.375
2084,7,9,37.338,39.499
2084,7,10,35.346,37.011
2084,7,11,36.741,36.391
2084,7,12,36.431,36.391
2084,7,13,36.071,37.198
2084,7,14,34.271,38.011
2084,7,15,33.793,40.1
2084,7,16,36.736,39.73
2084,7,17,38.333,41.723
2084,7,18,39.141,44.972
2084,7,19,42.023,44.17
2084,7,20,43.082,42.541
2084,7,21,42.739,43.231
2084,7,22,42.783,40.741
2084,7,23,41.745,39.465
2084,7,24,42.66,40.5
2084,7,25,43.244,37.984
2084,7,26,44.092,34.133
2084,7,27,45.737,29.572
2084,7,28,47.58,32.428
2084,7,29,46.149,34.301
2084,7,30,44.639,34.656
2084,7,31,37.685,36.06
2084,8,1,38.549,40.065
2084,8,2,38.98,40.887
2084,8,3,38.657,42.556
2084,8,4,40.256,41.816
2084,8,5,41.51,38.84
2084,8,6,43.333,39.489
2084,8,7,44.918,39.676
2084,8,8,45.642,40.576
2084,8,9,44.378,40.023
2084,8,10,41.082,40.717
2084,8,11,38.55,39.665
2084,8,12,38.732,36.593
2084,8,13,38.284,36.127
2084,8,14,36.944,37.011
2084,8,15,37.496,33.546
2084,8,16,37.137,35.427
2084,8,17,36.182,36.876
2084,8,18,38.062,36.849
2084,8,19,31.457,36.566
2084,8,20,30.154,34.094
2084,8,21,32.562,34.655
2084,8,22,31.933,34.55
2084,8,23,28.804,37.042
2084,8,24,24.821,39.257
2084,8,25,24.597,41.535
2084,8,26,27.18,42.474
2084,8,27,31.006,38.966
2084,8,28,31.961,38.963
2084,8,29,33.817,38.441
2084,8,30,36.946,36.004
2084,8,31,36.162,35.465
2084,9,1,37.351,32.828
2084,9,2,35.764,33.168
2084,9,3,33.793,36.309
2084,9,4,33.37,35.407
2084,9,5,31.616,33.665
2084,9,6,31.931,34.771
2084,9,7,34.006,37.772
2084,9,8,35.244,36.127
2084,9,9,37.893,35.785
2084,9,10,38.491,35.927
2084,9,11,37.237,37.084
2084,9,12,35.566,36.992
2084,9,13,31.631,33.562
2084,9,14,28.89,32.943
2084,9,15,30.684,30.883
2084,9,16,31.921,31.904
2084,9,17,30.163,32.65
2084,9,18,30.365,33.152
2084,9,19,28.606,38.985
2084,9,20,27.398,41.041
2084,9,21,26.038,40.444
2084,9,22,25.766,39.91
2084,9,23,25.319,38.358
2084,9,24,30.454,36.304
2084,9,25,32.833,35.747
2084,9,26,34.155,37.404
2084,9,27,33.913,35.803
2084,9,28,32.969,36.375
2084,9,29,28.692,36.449
2084,9,30,25.114,39.756
2084,10,1,27.306,40.729
2084,10,2,27.815,38.183
2084,10,3,28.62,33.847
2084,10,4,30.125,32.675
2084,10,5,29.321,31.54
2084,10,6,28.523,31.614
2084,10,7,27.476,32.465
2084,10,8,19.619,32.166
2084,10,9,20.783,31.214
2084,10,10,18.956,33.731
2084,10,11,20.105,35.438
2084,10,12,21.16,36.842
2084,10,13,20.369,36.182
2084,10,14,21.26,33.199
2084,10,15,21.791,30.186
2084,10,16,20.954,33.804
2084,10,17,21.45,36.818
2084,10,18,21.848,38.41
2084,10,19,22.955,38.762
2084,10,20,22.819,37.343
2084,10,21,20.978,36.199
2084,10,22,20.863,34.846
2084,10,23,18.643,28.657
2084,10,24,22.581,25.217
2084,10,25,17.426,22.963
2084,10,26,18.7,22.478
2084,10,27,21.43,24.949
2084,10,28,21.927,26.005
2084,10,29,20.229,25.718
2084,10,30,19.368,26.531
2084,10,31,22.996,25.21
2084,11,1,25.18,28.365
2084,11,2,25.111,27.866
2084,11,3,22.156,27.825
2084,11,4,19.875,31.261
2084,11,5,18.153,31.44
2084,11,6,18.965,30.492
2084,11,7,22.851,30.997
2084,11,8,21.204,30.646
2084,11,9,17.863,28.034
2084,11,10,16.369,23.003
2084,11,11,19.177,21.486
2084,11,12,18.74,20.508
2084,11,13,16.333,19.134
2084,11,14,13.508,18.994
2084,11,15,14.228,18.81
2084,11,16,12.808,14.433
2084,11,17,15.433,14.231
2084,11,18,16.252,13.907
2084,11,19,15.461,16.927
2084,11,20,15.377,16.703
2084,11,21,11.0,16.424
2084,11,22,12.892,17.06
2084,11,23,15.638,17.797
2084,11,24,18.348,18.419
2084,11,25,18.953,17.998
2084,11,26,15.92,16.948
2084,11,27,15.557,18.888
2084,11,28,19.234,17.243
2084,11,29,20.866,15.707
2084,11,30,22.56,15.602
2084,12,1,21.698,18.749
2084,12,2,21.012,20.356
2084,12,3,19.069,19.091
2084,12,4,18.59,17.909
2084,12,5,16.53,21.162
2084,12,6,16.003,22.559
2084,12,7,17.501,22.287
2084,12,8,17.851,23.731
2084,12,9,17.09,22.749
2084,12,10,18.592,21.986
2084,12,11,21.768,17.39
2084,12,12,22.299,19.225
2084,12,13,19.94,18.693
2084,12,14,18.553,17.77
2084,12,15,18.47,19.508
2084,12,16,16.353,21.549
2084,12,17,17.477,18.779
2084,12,18,19.064,20.37
2084,12,19,18.171,19.259
2084,12,20,16.014,17.874
2084,12,21,17.72,16.618
2084,12,22,14.092,15.146
2084,12,23,14.207,15.257
2084,12,24,14.837,16.165
2084,12,25,14.808,20.429
2084,12,26,17.182,22.59
2084,12,27,22.256,20.698
2084,12,28,16.236,18.151
2084,12,29,17.27,19.409
2084,12,30,17.985,21.571
2084,12,31,17.791,20.69
2085,1,1,15.424,15.128
2085,1,2,13.754,15.922
2085,1,3,16.04,14.035
2085,1,4,17.412,16.161
2085,1,5,19.02,15.364
2085,1,6,19.257,13.052
2085,1,7,16.904,12.02
2085,1,8,18.203,14.349
2085,1,9,17.456,13.62
2085,1,10,18.013,16.223
2085,1,11,13.878,16.316
2085,1,12,19.102,16.916
2085,1,13,17.364,15.095
2085,1,14,17.694,16.906
2085,1,15,16.996,16.073
2085,1,16,15.231,15.564
2085,1,17,17.282,17.449
2085,1,18,14.622,17.715
2085,1,19,14.901,19.5
2085,1,20,12.826,14.033
2085,1,21,13.627,12.921
2085,1,22,16.519,13.414
2085,1,23,16.407,15.159
2085,1,24,15.717,14.202
2085,1,25,12.833,15.331
2085,1,26,11.085,13.409
2085,1,27,15.028,14.636
2085,1,28,15.397,14.784
2085,1,29,13.085,13.64
2085,1,30,14.458,13.934
2085,1,31,15.762,14.829
2085,2,1,16.378,18.067
2085,2,2,15.695,19.215
2085,2,3,16.73,18.372
2085,2,4,15.76,19.467
2085,2,5,14.77,19.216
2085,2,6,15.99,19.273
2085,2,7,13.849,19.168
2085,2,8,15.393,19.765
2085,2,9,17.357,19.378
2085,2,10,16.005,16.719
2085,2,11,16.176,15.519
2085,2,12,17.848,15.837
2085,2,13,15.696,16.548
2085,2,14,12.643,17.112
2085,2,15,11.935,17.052
2085,2,16,10.706,17.175
2085,2,17,13.428,19.52
2085,2,18,13.591,21.229
2085,2,19,13.358,17.233
2085,2,20,13.075,19.688
2085,2,21,13.293,19.766
2085,2,22,16.216,18.753
2085,2,23,17.869,18.034
2085,2,24,17.909,18.951
2085,2,25,12.405,19.649
2085,2,26,10.776,19.797
2085,2,27,9.082,17.727
2085,2,28,13.716,17.353
2085,3,1,14.711,16.935
2085,3,2,13.018,16.657
2085,3,3,15.18,15.36
2085,3,4,17.206,15.617
2085,3,5,16.777,16.775
2085,3,6,12.469,21.228
2085,3,7,15.458,22.49
2085,3,8,15.992,20.477
2085,3,9,17.469,21.499
2085,3,10,13.492,21.331
2085,3,11,15.567,19.82
2085,3,12,20.441,18.498
2085,3,13,19.169,18.85
2085,3,14,16.355,20.464
2085,3,15,14.06,23.623
2085,3,16,18.585,21.269
2085,3,17,17.765,18.483
2085,3,18,16.872,18.484
2085,3,19,16.924,23.279
2085,3,20,19.4,21.344
2085,3,21,20.188,20.607
2085,3,22,18.72,19.139
2085,3,23,22.597,26.078
2085,3,24,18.111,21.584
2085,3,25,15.672,20.623
2085,3,26,19.185,25.137
2085,3,27,19.356,23.664
2085,3,28,21.998,23.715
2085,3,29,21.207,23.238
2085,3,30,23.755,19.023
2085,3,31,24.536,16.341
2085,4,1,26.066,17.522
2085,4,2,24.803,13.984
2085,4,3,23.956,13.354
2085,4,4,24.493,17.348
2085,4,5,22.15,22.646
2085,4,6,24.666,25.38
2085,4,7,29.509,27.895
2085,4,8,31.079,29.241
2085,4,9,30.995,27.194
2085,4,10,28.899,25.02
2085,4,11,29.155,27.52
2085,4,12,26.353,25.673
2085,4,13,23.7,19.921
2085,4,14,20.48,15.836
2085,4,15,16.66,20.644
2085,4,16,17.566,22.978
2085,4,17,17.933,25.873
2085,4,18,15.759,28.129
2085,4,19,18.419,23.538
2085,4,20,17.581,21.19
2085,4,21,19.249,23.802
2085,4,22,20.467,25.455
2085,4,23,16.347,21.57
2085,4,24,18.656,19.384
2085,4,25,19.736,21.195
2085,4,26,19.891,26.31
2085,4,27,19.968,29.082
2085,4,28,19.5,33.058
2085,4,29,19.056,34.023
2085,4,30,24.27,33.515
2085,5,1,27.777,30.913
2085,5,2,26.701,24.543
2085,5,3,27.952,16.306
2085,5,4,29.782,15.64
2085,5,5,28.663,23.473
2085,5,6,21.267,24.955
2085,5,7,20.351,27.609
2085,5,8,20.763,31.751
2085,5,9,20.273,32.156
2085,5,10,19.712,31.11
2085,5,11,21.293,31.643
2085,5,12,24.051,30.165
2085,5,13,28.768,30.706
2085,5,14,28.149,31.121
2085,5,15,29.209,31.96
2085,5,16,31.289,33.231
2085,5,17,34.576,34.608
2085,5,18,35.013,33.585
2085,5,19,33.765,31.22
2085,5,20,33.205,31.106
2085,5,21,30.21,31.073
2085,5,22,30.618,31.142
2085,5,23,31.451,30.669
2085,5,24,33.129,31.66
2085,5,25,34.454,32.438
2085,5,26,34.115,34.747
2085,5,27,34.597,32.647
2085,5,28,35.398,30.099
2085,5,29,33.442,30.692
2085,5,30,27.71,35.651
2085,5,31,23.633,37.443
2085,6,1,24.254,39.019
2085,6,2,30.442,38.798
2085,6,3,35.332,38.284
2085,6,4,35.234,36.714
2085,6,5,33.918,36.558
2085,6,6,34.004,36.052
2085,6,7,34.578,34.915
2085,6,8,34.526,32.897
2085,6,9,32.271,37.83
2085,6,10,32.716,40.536
2085,6,11,34.848,42.237
2085,6,12,36.337,43.594
2085,6,13,36.773,43.232
2085,6,14,37.157,43.025
2085,6,15,38.004,40.197
2085,6,16,39.905,37.83
2085,6,17,40.136,32.316
2085,6,18,38.621,33.352
2085,6,19,35.091,33.682
2085,6,20,33.235,32.981
2085,6,21,38.01,35.791
2085,6,22,37.757,37.639
2085,6,23,39.346,38.65
2085,6,24,40.29,39.762
2085,6,25,37.909,40.147
2085,6,26,37.251,42.156
2085,6,27,38.867,43.887
2085,6,28,39.529,43.047
2085,6,29,39.26,41.454
2085,6,30,41.154,42.147
2085,7,1,39.168,41.912
2085,7,2,34.258,42.275
2085,7,3,37.956,41.452
2085,7,4,41.92,41.271
2085,7,5,41.503,43.122
2085,7,6,35.351,41.372
2085,7,7,34.141,37.002
2085,7,8,35.72,36.718
2085,7,9,36.46,38.256
2085,7,10,36.652,41.556
2085,7,11,37.837,39.886
2085,7,12,33.56,41.579
2085,7,13,37.164,42.441
2085,7,14,38.527,41.695
2085,7,15,37.696,39.239
2085,7,16,40.159,40.322
2085,7,17,41.466,39.902
2085,7,18,38.943,37.979
2085,7,19,38.613,37.733
2085,7,20,38.422,36.11
2085,7,21,40.045,34.849
2085,7,22,39.925,36.396
2085,7,23,42.155,40.232
2085,7,24,40.748,42.311
2085,7,25,43.187,41.032
2085,7,26,44.884,41.414
2085,7,27,44.377,40.725
2085,7,28,42.772,40.786
2085,7,29,43.409,43.411
2085,7,30,37.263,43.077
2085,7,31,36.578,45.977
2085,8,1,36.559,47.679
2085,8,2,36.656,46.345
2085,8,3,36.853,39.577
2085,8,4,36.211,37.543
2085,8,5,34.444,38.057
2085,8,6,35.935,34.911
2085,8,7,34.651,37.703
2085,8,8,38.124,39.252
2085,8,9,38.444,39.108
2085,8,10,39.14,39.99
2085,8,11,41.452,45.247
2085,8,12,40.931,44.202
2085,8,13,39.582,43.573
2085,8,14,38.578,42.771
2085,8,15,36.829,42.523
2085,8,16,34.761,42.975
2085,8,17,36.958,41.527
2085,8,18,37.346,40.179
2085,8,19,37.61,40.64
2085,8,20,34.626,41.38
2085,8,21,34.832,38.856
2085,8,22,31.504,38.972
2085,8,23,35.365,38.394
2085,8,24,35.884,38.33
2085,8,25,37.309,37.557
2085,8,26,37.45,38.232
2085,8,27,38.541,36.834
2085,8,28,38.748,39.394
2085,8,29,32.009,40.251
2085,8,30,30.304,40.026
2085,8,31,32.89,41.062
2085,9,1,36.779,32.2
2085,9,2,36.012,33.751
2085,9,3,36.328,32.399
2085,9,4,34.078,35.624
2085,9,5,31.635,38.716
2085,9,6,30.752,39.944
2085,9,7,30.037,40.689
2085,9,8,29.933,41.68
2085,9,9,32.463,43.276
2085,9,10,32.971,41.847
2085,9,11,32.033,41.089
2085,9,12,30.044,38.086
2085,9,13,31.163,38.591
2085,9,14,31.449,35.135
2085,9,15,30.744,33.086
2085,9,16,31.177,32.45
2085,9,17,34.785,29.756
2085,9,18,35.173,30.622
2085,9,19,35.963,32.687
2085,9,20,35.067,33.229
2085,9,21,31.804,31.748
2085,9,22,29.225,25.345
2085,9,23,27.092,29.864
2085,9,24,28.845,31.765
2085,9,25,29.097,34.495
2085,9,26,33.09,34.912
2085,9,27,31.099,38.51
2085,9,28,32.954,37.475
2085,9,29,35.141,35.144
2085,9,30,37.349,36.863
2085,10,1,38.546,38.072
2085,10,2,37.455,37.366
2085,10,3,35.909,35.586
2085,10,4,29.498,32.613
2085,10,5,28.854,31.261
2085,10,6,26.609,33.476
2085,10,7,21.967,34.088
2085,10,8,21.705,31.934
2085,10,9,21.614,28.599
2085,10,10,26.078,22.745
2085,10,11,25.717,21.761
2085,10,12,24.12,21.834
2085,10,13,23.684,25.785
2085,10,14,23.837,28.383
2085,10,15,24.149,25.405
2085,10,16,24.028,24.187
2085,10,17,25.844,24.807
2085,10,18,24.097,26.368
2085,10,19,20.306,27.938
2085,10,20,21.768,31.143
2085,10,21,26.885,31.249
2085,10,22,29.553,29.43
2085,10,23,31.697,31.973
2085,10,24,33.01,34.94
2085,10,25,28.677,34.099
2085,10,26,26.445,32.569
2085,10,27,23.579,31.392
2085,10,28,25.78,32.157
2085,10,29,24.615,32.763
2085,10,30,26.84,31.378
2085,10,31,23.74,24.917
2085,11,1,17.225,26.322
2085,11,2,18.629,26.267
2085,11,3,20.832,26.174
2085,11,4,19.678,21.144
2085,11,5,19.963,18.713
2085,11,6,20.656,23.284
2085,11,7,22.833,22.494
2085,11,8,20.0,23.013
2085,11,9,18.487,20.809
2085,11,10,19.633,22.069
2085,11,11,19.638,23.369
2085,11,12,22.378,22.057
2085,11,13,23.773,19.616
2085,11,14,20.951,18.486
2085,11,15,15.286,18.081
2085,11,16,17.736,19.778
2085,11,17,20.325,18.795
2085,11,18,21.166,21.084
2085,11,19,19.676,20.92
2085,11,20,22.363,19.614
2085,11,21,19.786,17.61
2085,11,22,18.166,18.323
2085,11,23,18.522,17.587
2085,11,24,15.072,15.847
2085,11,25,13.565,20.677
2085,11,26,14.655,19.67
2085,11,27,12.382,20.995
2085,11,28,12.83,19.578
2085,11,29,14.551,19.033
2085,11,30,17.528,21.642
2085,12,1,16.129,21.603
2085,12,2,14.542,21.187
2085,12,3,15.451,21.847
2085,12,4,17.637,21.378
2085,12,5,16.749,16.507
2085,12,6,19.031,15.017
2085,12,7,17.004,14.852
2085,12,8,19.485,15.297
2085,12,9,19.768,15.288
2085,12,10,19.452,15.868
2085,12,11,20.111,16.453
2085,12,12,19.587,16.945
2085,12,13,20.89,17.784
2085,12,14,20.542,17.156
2085,12,15,16.424,18.199
2085,12,16,17.656,17.153
2085,12,17,17.75,17.339
2085,12,18,16.85,15.864
2085,12,19,16.419,13.696
2085,12,20,19.031,14.466
2085,12,21,15.589,10.995
2085,12,22,15.067,15.906
2085,12,23,16.312,16.854
2085,12,24,19.758,16.382
2085,12,25,19.959,18.084
2085,12,26,20.212,17.98
2085,12,27,19.108,17.028
2085,12,28,19.719,20.398
2085,12,29,19.891,18.846
2085,12,30,19.424,16.476
2085,12,31,16.949,18.545
2086,1,1,14.418,17.346
2086,1,2,11.678,17.847
2086,1,3,10.85,16.912
2086,1,4,12.636,17.692
2086,1,5,10.997,16.29
2086,1,6,12.446,15.877
2086,1,7,12.989,15.819
2086,1,8,7.134,16.084
2086,1,9,8.2,15.511
2086,1,10,9.596,21.359
2086,1,11,6.485,21.532
2086,1,12,7.103,20.409
2086,1,13,7.978,22.012
2086,1,14,10.882,18.89
2086,1,15,14.301,17.413
2086,1,16,13.954,18.818
2086,1,17,11.656,18.17
2086,1,18,12.679,18.375
2086,1,19,10.88,17.707
2086,1,20,10.55,18.678
2086,1,21,10.29,17.34
2086,1,22,8.837,17.0
2086,1,23,14.502,16.506
2086,1,24,18.051,19.014
2086,1,25,18.904,18.597
2086,1,26,17.802,16.23
2086,1,27,17.431,17.973
2086,1,28,16.064,19.255
2086,1,29,15.617,20.991
2086,1,30,15.467,20.186
2086,1,31,14.623,21.554
2086,2,1,14.496,19.706
2086,2,2,13.756,20.594
2086,2,3,12.628,21.017
2086,2,4,13.66,18.014
2086,2,5,15.667,17.266
2086,2,6,15.289,15.422
2086,2,7,15.402,15.793
2086,2,8,17.831,16.497
2086,2,9,17.85,17.195
2086,2,10,17.086,20.555
2086,2,11,17.336,19.014
2086,2,12,17.757,15.282
2086,2,13,21.464,15.837
2086,2,14,19.093,17.492
2086,2,15,16.758,16.996
2086,2,16,16.802,18.778
2086,2,17,15.626,18.55
2086,2,18,16.207,18.053
2086,2,19,16.153,18.593
2086,2,20,14.324,17.432
2086,2,21,14.204,19.766
2086,2,22,15.433,19.021
2086,2,23,15.842,22.361
2086,2,24,16.911,23.734
2086,2,25,15.128,22.978
2086,2,26,16.55,22.156
2086,2,27,19.508,20.254
2086,2,28,18.803,20.766
2086,3,1,16.778,21.526
2086,3,2,19.825,18.019
2086,3,3,18.901,17.897
2086,3,4,20.127,18.317
2086,3,5,21.268,19.89
2086,3,6,22.714,20.163
2086,3,7,22.846,19.735
2086,3,8,23.494,17.129
2086,3,9,19.901,15.432
2086,3,10,14.442,15.696
2086,3,11,14.498,15.127
2086,3,12,16.455,16.885
2086,3,13,22.128,18.96
2086,3,14,22.218,19.06
2086,3,15,25.331,18.227
2086,3,16,15.829,20.139
2086,3,17,15.91,20.725
2086,3,18,17.054,21.507
2086,3,19,17.948,20.495
2086,3,20,17.67,19.485
2086,3,21,18.584,15.342
2086,3,22,19.671,15.265
2086,3,23,20.316,15.182
2086,3,24,16.05,16.008
2086,3,25,18.506,18.093
2086,3,26,18.352,18.915
2086,3,27,17.885,18.302
2086,3,28,18.283,19.349
2086,3,29,21.458,18.939
2086,3,30,23.117,16.21
2086,3,31,24.503,15.169
2086,4,1,23.351,15.942
2086,4,2,25.772,14.231
2086,4,3,22.398,15.392
2086,4,4,20.661,19.047
2086,4,5,17.771,23.993
2086,4,6,20.861,24.111
2086,4,7,23.541,21.887
2086,4,8,21.91,21.269
2086,4,9,26.449,21.677
2086,4,10,30.21,17.436
2086,4,11,29.126,17.265
2086,4,12,25.56,20.884
2086,4,13,20.779,18.605
2086,4,14,23.028,16.037
2086,4,15,30.537,16.886
2086,4,16,31.972,21.067
2086,4,17,31.439,22.586
2086,4,18,33.784,18.701
2086,4,19,33.061,15.204
2086,4,20,32.187,12.289
2086,4,21,31.604,11.935
2086,4,22,30.742,16.126
2086,4,23,30.589,20.975
2086,4,24,27.791,27.119
2086,4,25,23.657,27.262
2086,4,26,25.974,28.596
2086,4,27,29.423,27.893
2086,4,28,31.978,29.706
2086,4,29,32.557,26.382
2086,4,30,31.427,30.717
2086,5,1,31.178,32.707
2086,5,2,33.341,31.154
2086,5,3,33.418,33.581
2086,5,4,30.289,34.371
2086,5,5,22.889,34.875
2086,5,6,20.281,33.845
2086,5,7,20.474,30.792
2086,5,8,19.908,29.649
2086,5,9,21.804,27.473
2086,5,10,23.354,29.82
2086,5,11,23.381,29.789
2086,5,12,27.643,26.648
2086,5,13,27.795,28.743
2086,5,14,32.281,30.685
2086,5,15,33.378,28.518
2086,5,16,34.39,26.052
2086,5,17,31.376,24.864
2086,5,18,30.391,27.638
2086,5,19,28.371,31.446
2086,5,20,26.241,34.59
2086,5,21,28.716,34.793
2086,5,22,34.194,35.9
2086,5,23,34.722,36.756
2086,5,24,33.473,38.557
2086,5,25,30.888,39.333
2086,5,26,26.91,40.198
2086,5,27,30.054,38.678
2086,5,28,30.557,39.897
2086,5,29,27.763,38.995
2086,5,30,27.087,35.732
2086,5,31,31.247,26.954
2086,6,1,35.902,29.061
2086,6,2,35.897,33.599
2086,6,3,30.133,34.278
2086,6,4,27.294,34.704
2086,6,5,31.042,33.801
2086,6,6,35.135,35.421
2086,6,7,38.701,36.569
2086,6,8,39.136,34.252
2086,6,9,38.347,33.766
2086,6,10,34.808,37.301
2086,6,11,30.933,40.065
2086,6,12,28.796,41.108
2086,6,13,29.799,42.784
2086,6,14,32.085,42.246
2086,6,15,36.535,39.725
2086,6,16,37.642,36.667
2086,6,17,37.376,29.774
2086,6,18,38.858,25.71
2086,6,19,35.827,30.049
2086,6,20,33.346,35.017
2086,6,21,29.497,36.924
2086,6,22,34.981,37.521
2086,6,23,38.53,33.98
2086,6,24,38.495,35.806
2086,6,25,38.805,34.218
2086,6,26,37.707,32.67
2086,6,27,36.538,35.218
2086,6,28,34.178,36.424
2086,6,29,35.201,40.817
2086,6,30,35.17,39.966
2086,7,1,36.405,43.294
2086,7,2,36.909,43.015
2086,7,3,38.584,39.721
2086,7,4,39.613,40.87
2086,7,5,39.226,40.458
2086,7,6,38.555,44.897
2086,7,7,36.343,45.148
2086,7,8,36.129,45.2
2086,7,9,36.573,41.8
2086,7,10,36.965,40.977
2086,7,11,39.935,38.209
2086,7,12,40.543,33.232
2086,7,13,38.594,33.198
2086,7,14,37.665,33.896
2086,7,15,38.434,36.493
2086,7,16,37.734,36.408
2086,7,17,39.696,38.009
2086,7,18,41.053,39.325
2086,7,19,41.411,39.615
2086,7,20,41.036,39.708
2086,7,21,40.69,39.802
2086,7,22,42.114,39.897
2086,7,23,43.191,40.364
2086,7,24,42.517,41.222
2086,7,25,40.141,42.623
2086,7,26,36.982,44.969
2086,7,27,34.519,45.856
2086,7,28,33.142,45.339
2086,7,29,32.76,43.122
2086,7,30,33.899,41.876
2086,7,31,35.803,39.276
2086,8,1,36.01,41.976
2086,8,2,35.398,42.111
2086,8,3,34.849,39.418
2086,8,4,39.854,37.735
2086,8,5,39.801,36.412
2086,8,6,39.275,35.971
2086,8,7,39.346,37.643
2086,8,8,43.158,37.919
2086,8,9,40.99,41.424
2086,8,10,42.107,40.108
2086,8,11,42.07,40.757
2086,8,12,41.885,40.973
2086,8,13,42.151,41.199
2086,8,14,42.441,37.714
2086,8,15,42.51,37.133
2086,8,16,42.358,37.794
2086,8,17,41.191,38.834
2086,8,18,38.961,39.059
2086,8,19,33.181,39.761
2086,8,20,28.296,40.724
2086,8,21,31.098,41.732
2086,8,22,30.763,41.401
2086,8,23,32.374,39.738
2086,8,24,33.368,41.729
2086,8,25,33.647,43.689
2086,8,26,33.785,44.114
2086,8,27,33.782,43.155
2086,8,28,33.171,38.561
2086,8,29,32.756,37.955
2086,8,30,32.385,36.872
2086,8,31,34.339,36.578
2086,9,1,31.991,34.643
2086,9,2,32.716,34.249
2086,9,3,33.73,35.75
2086,9,4,32.964,38.397
2086,9,5,33.288,39.781
2086,9,6,34.832,38.722
2086,9,7,34.278,37.071
2086,9,8,35.443,34.935
2086,9,9,35.863,30.769
2086,9,10,30.257,30.254
2086,9,11,29.938,36.149
2086,9,12,27.621,32.904
2086,9,13,28.587,35.301
2086,9,14,27.09,37.163
2086,9,15,27.937,37.891
2086,9,16,29.071,36.839
2086,9,17,31.914,33.926
2086,9,18,31.021,32.071
2086,9,19,33.402,29.333
2086,9,20,34.62,33.189
2086,9,21,38.249,34.189
2086,9,22,34.869,36.72
2086,9,23,35.938,35.512
2086,9,24,36.462,29.613
2086,9,25,31.402,24.102
2086,9,26,30.68,29.522
2086,9,27,34.085,32.444
2086,9,28,34.287,28.376
2086,9,29,32.724,25.854
2086,9,30,32.744,27.701
2086,10,1,30.146,32.697
2086,10,2,29.51,31.44
2086,10,3,30.49,30.843
2086,10,4,30.594,30.641
2086,10,5,34.915,28.553
2086,10,6,35.026,32.574
2086,10,7,37.805,37.312
2086,10,8,38.763,38.183
2086,10,9,37.729,35.045
2086,10,10,37.937,27.492
2086,10,11,36.75,27.402
2086,10,12,34.625,24.961
2086,10,13,34.06,23.64
2086,10,14,31.136,27.43
2086,10,15,32.655,27.569
2086,10,16,31.506,28.782
2086,10,17,31.666,28.592
2086,10,18,33.536,21.661
2086,10,19,30.345,20.044
2086,10,20,26.259,22.08
2086,10,21,28.383,22.058
2086,10,22,23.822,25.662
2086,10,23,22.636,25.905
2086,10,24,17.768,23.196
2086,10,25,18.51,22.799
2086,10,26,13.53,24.184
2086,10,27,16.704,25.453
2086,10,28,15.049,25.732
2086,10,29,13.256,27.668
2086,10,30,17.134,27.013
2086,10,31,19.652,24.396
2086,11,1,19.561,24.123
2086,11,2,18.711,23.731
2086,11,3,18.328,24.576
2086,11,4,18.403,23.757
2086,11,5,18.154,24.855
2086,11,6,17.739,24.869
2086,11,7,15.125,27.297
2086,11,8,15.487,23.107
2086,11,9,17.211,23.723
2086,11,10,18.844,22.757
2086,11,11,21.917,19.066
2086,11,12,22.178,18.985
2086,11,13,18.116,20.495
2086,11,14,18.423,20.293
2086,11,15,19.417,19.245
2086,11,16,20.374,18.276
2086,11,17,20.217,18.398
2086,11,18,23.264,19.816
2086,11,19,22.004,20.984
2086,11,20,18.636,21.132
2086,11,21,17.3,19.448
2086,11,22,16.089,19.763
2086,11,23,16.965,16.962
2086,11,24,17.13,18.611
2086,11,25,14.44,17.858
2086,11,26,19.71,19.74
2086,11,27,17.089,19.005
2086,11,28,14.192,19.825
2086,11,29,16.182,19.91
2086,11,30,15.325,21.858
2086,12,1,19.717,15.019
2086,12,2,20.883,14.369
2086,12,3,18.395,11.733
2086,12,4,21.982,10.772
2086,12,5,19.038,11.6
2086,12,6,19.006,11.772
2086,12,7,18.552,12.612
2086,12,8,19.092,14.33
2086,12,9,14.652,15.052
2086,12,10,15.059,15.491
2086,12,11,18.591,13.234
2086,12,12,16.123,18.099
2086,12,13,17.695,17.3
2086,12,14,15.464,13.686
2086,12,15,12.622,15.179
2086,12,16,9.719,16.63
2086,12,17,11.365,16.542
2086,12,18,14.668,14.407
2086,12,19,16.876,15.08
2086,12,20,15.501,16.276
2086,12,21,16.2,17.826
2086,12,22,13.634,14.258
2086,12,23,14.151,17.156
2086,12,24,15.362,18.085
2086,12,25,18.958,19.542
2086,12,26,13.106,17.467
2086,12,27,14.07,17.706
2086,12,28,15.94,18.182
2086,12,29,14.22,17.429
2086,12,30,18.184,18.264
2086,12,31,17.006,14.786
2087,1,1,17.899,14.419
2087,1,2,17.72,16.413
2087,1,3,15.469,16.336
2087,1,4,15.821,15.845
2087,1,5,15.356,17.313
2087,1,6,15.599,14.522
2087,1,7,13.781,14.267
2087,1,8,11.826,17.327
2087,1,9,17.2,15.658
2087,1,10,15.903,15.212
2087,1,11,15.821,14.335
2087,1,12,15.392,11.043
2087,1,13,13.335,15.863
2087,1,14,12.414,16.097
2087,1,15,11.29,15.187
2087,1,16,15.316,15.993
2087,1,17,18.846,17.031
2087,1,18,20.078,15.91
2087,1,19,18.847,16.771
2087,1,20,14.057,12.699
2087,1,21,11.777,13.6
2087,1,22,10.211,14.405
2087,1,23,13.491,13.592
2087,1,24,15.245,15.737
2087,1,25,16.801,15.898
2087,1,26,14.685,16.036
2087,1,27,13.779,17.495
2087,1,28,11.607,14.628
2087,1,29,13.925,14.172
2087,1,30,13.479,11.894
2087,1,31,13.531,15.655
2087,2,1,15.046,17.441
2087,2,2,12.804,17.26
2087,2,3,14.258,14.759
2087,2,4,15.448,14.694
2087,2,5,16.951,16.886
2087,2,6,18.312,18.725
2087,2,7,16.11,19.321
2087,2,8,17.642,19.565
2087,2,9,18.379,19.57
2087,2,10,18.39,17.343
2087,2,11,16.789,17.132
2087,2,12,13.4,14.539
2087,2,13,13.605,14.317
2087,2,14,14.894,13.517
2087,2,15,17.509,14.814
2087,2,16,17.063,16.112
2087,2,17,17.96,17.173
2087,2,18,19.768,18.53
2087,2,19,18.262,20.209
2087,2,20,15.917,21.101
2087,2,21,12.085,22.892
2087,2,22,13.256,23.615
2087,2,23,13.728,23.058
2087,2,24,15.58,24.285
2087,2,25,15.936,24.443
2087,2,26,13.603,22.502
2087,2,27,11.773,22.114
2087,2,28,13.187,24.455
2087,3,1,19.505,25.613
2087,3,2,16.157,25.221
2087,3,3,15.147,25.566
2087,3,4,10.547,23.67
2087,3,5,11.695,23.672
2087,3,6,14.596,19.451
2087,3,7,15.241,16.594
2087,3,8,16.958,15.394
2087,3,9,13.883,14.738
2087,3,10,14.505,12.281
2087,3,11,14.815,13.119
2087,3,12,15.541,13.497
2087,3,13,16.275,18.761
2087,3,14,15.264,21.104
2087,3,15,17.399,25.808
2087,3,16,18.303,26.552
2087,3,17,15.811,28.279
2087,3,18,15.633,28.445
2087,3,19,16.918,26.433
2087,3,20,18.322,20.461
2087,3,21,23.039,22.303
2087,3,22,25.911,23.444
2087,3,23,27.697,22.384
2087,3,24,28.758,24.872
2087,3,25,28.022,23.458
2087,3,26,20.713,18.957
2087,3,27,15.369,20.83
2087,3,28,16.868,20.626
2087,3,29,14.068,19.918
2087,3,30,18.316,21.523
2087,3,31,23.455,24.932
2087,4,1,26.619,22.76
2087,4,2,27.948,20.17
2087,4,3,25.303,16.568
2087,4,4,21.959,15.504
2087,4,5,22.204,18.549
2087,4,6,23.427,24.016
2087,4,7,25.569,28.539
2087,4,8,28.997,30.52
2087,4,9,30.069,31.636
2087,4,10,29.088,30.71
2087,4,11,29.308,22.276
2087,4,12,23.95,13.051
2087,4,13,15.059,13.943
2087,4,14,17.819,12.383
2087,4,15,23.43,12.528
2087,4,16,25.615,15.201
2087,4,17,26.953,18.813
2087,4,18,27.108,18.727
2087,4,19,22.32,15.389
2087,4,20,25.404,14.286
2087,4,21,21.297,13.845
2087,4,22,14.694,11.156
2087,4,23,15.036,15.814
2087,4,24,15.067,15.371
2087,4,25,16.857,22.259
2087,4,26,14.215,21.129
2087,4,27,17.286,22.108
2087,4,28,23.173,23.969
2087,4,29,26.015,24.603
2087,4,30,26.963,24.93
2087,5,1,28.029,27.971
2087,5,2,33.702,32.715
2087,5,3,33.395,29.983
2087,5,4,23.69,31.301
2087,5,5,23.598,28.064
2087,5,6,29.217,27.074
2087,5,7,31.807,25.121
2087,5,8,35.51,29.651
2087,5,9,34.429,35.076
2087,5,10,32.065,36.707
2087,5,11,26.416,30.679
2087,5,12,24.768,29.159
2087,5,13,24.088,30.138
2087,5,14,21.993,30.308
2087,5,15,20.112,33.524
2087,5,16,23.123,31.692
2087,5,17,28.35,33.408
2087,5,18,31.78,24.764
2087,5,19,29.99,27.922
2087,5,20,33.761,30.328
2087,5,21,36.447,30.067
2087,5,22,36.818,31.494
2087,5,23,35.563,32.449
2087,5,24,32.717,31.192
2087,5,25,33.484,31.901
2087,5,26,33.824,28.464
2087,5,27,37.336,27.94
2087,5,28,34.62,27.131
2087,5,29,29.115,26.291
2087,5,30,28.698,27.512
2087,5,31,31.259,33.162
2087,6,1,33.941,38.779
2087,6,2,37.819,41.181
2087,6,3,39.161,41.885
2087,6,4,37.854,37.928
2087,6,5,36.37,33.991
2087,6,6,35.775,34.567
2087,6,7,35.103,34.176
2087,6,8,37.255,32.887
2087,6,9,39.209,34.949
2087,6,10,40.85,37.564
2087,6,11,42.583,39.401
2087,6,12,42.187,38.967
2087,6,13,40.837,40.658
2087,6,14,37.711,39.247
2087,6,15,36.386,37.366
2087,6,16,34.157,36.388
2087,6,17,31.046,36.047
2087,6,18,34.604,36.896
2087,6,19,37.501,38.384
2087,6,20,36.595,38.282
2087,6,21,33.498,37.188
2087,6,22,32.836,36.786
2087,6,23,33.548,37.662
2087,6,24,32.973,37.715
2087,6,25,35.571,35.956
2087,6,26,38.615,35.928
2087,6,27,40.833,38.447
2087,6,28,41.913,40.337
2087,6,29,41.835,41.152
2087,6,30,41.24,40.685
2087,7,1,37.697,39.332
2087,7,2,35.074,39.605
2087,7,3,36.894,39.071
2087,7,4,41.828,38.872
2087,7,5,42.779,38.976
2087,7,6,41.383,38.84
2087,7,7,41.851,38.798
2087,7,8,39.2,36.526
2087,7,9,38.569,36.524
2087,7,10,40.768,36.705
2087,7,11,41.083,38.971
2087,7,12,39.561,43.781
2087,7,13,41.684,47.639
2087,7,14,40.621,48.827
2087,7,15,41.49,48.302
2087,7,16,41.833,45.482
2087,7,17,39.865,41.455
2087,7,18,35.27,40.419
2087,7,19,35.55,38.175
2087,7,20,35.225,37.357
2087,7,21,37.362,39.319
2087,7,22,38.405,39.586
2087,7,23,38.511,38.952
2087,7,24,40.376,39.523
2087,7,25,43.016,41.325
2087,7,26,42.267,39.615
2087,7,27,41.746,36.826
2087,7,28,41.107,37.787
2087,7,29,42.251,42.437
2087,7,30,42.526,44.872
2087,7,31,43.357,44.232
2087,8,1,43.069,43.105
2087,8,2,42.149,42.37
2087,8,3,42.53,38.953
2087,8,4,39.669,39.0
2087,8,5,38.071,39.543
2087,8,6,36.221,40.243
2087,8,7,35.53,41.161
2087,8,8,36.873,40.967
2087,8,9,36.939,39.506
2087,8,10,35.412,42.999
2087,8,11,34.404,42.602
2087,8,12,37.4,43.718
2087,8,13,38.964,42.615
2087,8,14,42.346,43.367
2087,8,15,41.75,41.161
2087,8,16,42.018,39.443
2087,8,17,40.7,38.845
2087,8,18,39.269,39.04
2087,8,19,38.526,37.729
2087,8,20,39.883,37.223
2087,8,21,38.243,38.245
2087,8,22,36.35,37.23
2087,8,23,32.232,39.577
2087,8,24,32.798,37.995
2087,8,25,34.139,33.709
2087,8,26,36.196,33.415
2087,8,27,36.359,34.81
2087,8,28,33.889,36.391
2087,8,29,37.339,39.709
2087,8,30,34.988,39.344
2087,8,31,33.45,36.702
2087,9,1,31.422,35.694
2087,9,2,26.263,37.261
2087,9,3,31.421,35.596
2087,9,4,35.078,35.77
2087,9,5,37.693,34.689
2087,9,6,39.996,36.047
2087,9,7,39.477,36.385
2087,9,8,37.154,39.042
2087,9,9,36.393,40.215
2087,9,10,37.178,39.55
2087,9,11,39.446,40.642
2087,9,12,39.029,33.745
2087,9,13,39.522,32.22
2087,9,14,37.87,31.886
2087,9,15,38.0,31.448
2087,9,16,36.248,35.052
2087,9,17,33.717,39.219
2087,9,18,35.219,39.255
2087,9,19,36.695,40.514
2087,9,20,32.222,41.742
2087,9,21,29.798,40.837
2087,9,22,30.868,41.407
2087,9,23,27.883,42.995
2087,9,24,27.313,43.078
2087,9,25,22.402,39.808
2087,9,26,23.755,39.73
2087,9,27,27.441,40.34
2087,9,28,29.159,37.939
2087,9,29,29.496,33.847
2087,9,30,31.126,29.107
2087,10,1,30.688,25.102
2087,10,2,29.583,29.393
2087,10,3,28.813,29.545
2087,10,4,32.432,23.217
2087,10,5,31.499,26.373
2087,10,6,28.677,26.954
2087,10,7,30.096,30.083
2087,10,8,33.238,31.517
2087,10,9,33.931,30.039
2087,10,10,31.403,29.151
2087,10,11,28.777,28.88
2087,10,12,28.367,35.866
2087,10,13,24.97,38.244
2087,10,14,21.224,37.17
2087,10,15,27.793,32.959
2087,10,16,30.732,30.513
2087,10,17,28.236,27.652
2087,10,18,26.471,27.528
2087,10,19,21.976,25.395
2087,10,20,23.378,22.561
2087,10,21,23.199,24.842
2087,10,22,18.474,25.916
2087,10,23,23.026,28.454
2087,10,24,25.296,29.203
2087,10,25,28.653,28.384
2087,10,26,31.329,21.669
2087,10,27,31.361,19.386
2087,10,28,31.56,21.432
2087,10,29,30.386,23.418
2087,10,30,28.052,23.978
2087,10,31,26.477,22.865
2087,11,1,23.272,24.578
2087,11,2,20.402,26.149
2087,11,3,17.937,26.673
2087,11,4,14.896,27.867
2087,11,5,16.215,28.76
2087,11,6,20.723,29.407
2087,11,7,22.095,27.783
2087,11,8,24.031,25.303
2087,11,9,22.67,19.841
2087,11,10,22.662,19.155
2087,11,11,25.469,19.965
2087,11,12,27.497,20.421
2087,11,13,26.813,21.164
2087,11,14,22.981,23.777
2087,11,15,22.093,26.661
2087,11,16,21.291,23.929
2087,11,17,18.955,21.507
2087,11,18,18.433,18.4
2087,11,19,23.156,17.525
2087,11,20,23.259,15.896
2087,11,21,22.809,15.028
2087,11,22,18.895,14.733
2087,11,23,21.41,16.484
2087,11,24,20.812,16.21
2087,11,25,18.644,16.507
2087,11,26,20.613,18.255
2087,11,27,23.488,19.258
2087,11,28,19.062,23.965
2087,11,29,19.672,23.683
2087,11,30,17.92,22.97
2087,12,1,18.377,20.969
2087,12,2,21.068,20.301
2087,12,3,20.408,20.413
2087,12,4,19.587,20.003
2087,12,5,19.482,17.176
2087,12,6,19.513,17.005
2087,12,7,20.04,17.513
2087,12,8,18.733,13.561
2087,12,9,20.264,13.635
2087,12,10,19.277,16.833
2087,12,11,13.654,17.092
2087,12,12,13.906,18.815
2087,12,13,14.514,15.827
2087,12,14,14.553,13.903
2087,12,15,13.389,12.79
2087,12,16,12.092,14.104
2087,12,17,10.075,11.678
2087,12,18,10.057,14.641
2087,12,19,12.062,14.474
2087,12,20,12.236,15.005
2087,12,21,15.228,13.889
2087,12,22,14.559,15.663
2087,12,23,15.645,16.814
2087,12,24,15.912,17.9
2087,12,25,17.697,18.278
2087,12,26,20.766,18.045
2087,12,27,19.519,16.367
2087,12,28,16.081,17.254
2087,12,29,15.8,17.376
2087,12,30,11.724,15.759
2087,12,31,9.971,15.562
2088,1,1,10.537,15.271
2088,1,2,11.625,17.486
2088,1,3,11.768,15.887
2088,1,4,8.339,18.589
2088,1,5,8.055,19.193
2088,1,6,10.933,17.046
2088,1,7,14.309,18.653
2088,1,8,14.629,16.672
2088,1,9,15.627,15.573
2088,1,10,16.465,14.219
2088,1,11,16.291,17.908
2088,1,12,16.973,16.863
2088,1,13,17.162,15.908
2088,1,14,18.035,20.457
2088,1,15,19.632,18.452
2088,1,16,21.449,19.537
2088,1,17,21.243,14.372
2088,1,18,19.802,14.438
2088,1,19,16.525,15.048
2088,1,20,18.676,16.396
2088,1,21,18.312,15.022
2088,1,22,14.683,15.555
2088,1,23,11.498,16.266
2088,1,24,10.601,14.053
2088,1,25,12.503,12.978
2088,1,26,12.547,11.51
2088,1,27,15.473,14.159
2088,1,28,14.418,17.894
2088,1,29,16.703,19.77
2088,1,30,17.412,21.112
2088,1,31,17.896,19.856
2088,2,1,17.402,21.79
2088,2,2,17.038,17.496
2088,2,3,17.981,12.837
2088,2,4,17.537,12.657
2088,2,5,16.809,13.302
2088,2,6,17.404,13.495
2088,2,7,18.124,15.014
2088,2,8,18.155,18.162
2088,2,9,15.174,19.177
2088,2,10,14.737,20.089
2088,2,11,13.886,20.178
2088,2,12,13.489,21.101
2088,2,13,14.669,23.65
2088,2,14,13.876,26.298
2088,2,15,14.257,27.23
2088,2,16,14.63,22.792
2088,2,17,17.779,19.969
2088,2,18,18.251,23.667
2088,2,19,20.228,21.375
2088,2,20,16.846,20.763
2088,2,21,15.395,20.564
2088,2,22,16.084,19.071
2088,2,23,12.169,18.877
2088,2,24,12.687,21.59
2088,2,25,14.261,22.628
2088,2,26,14.234,21.922
2088,2,27,18.805,18.393
2088,2,28,18.094,17.136
2088,2,29,16.324,18.369
2088,3,1,16.117,19.561
2088,3,2,16.3,21.995
2088,3,3,16.078,24.085
2088,3,4,16.323,24.594
2088,3,5,15.332,25.941
2088,3,6,16.045,28.457
2088,3,7,17.477,28.641
2088,3,8,19.138,27.172
2088,3,9,17.199,24.363
2088,3,10,16.623,23.262
2088,3,11,17.875,24.563
2088,3,12,17.57,23.898
2088,3,13,17.918,19.832
2088,3,14,17.811,22.636
2088,3,15,14.0,20.841
2088,3,16,14.106,20.02
2088,3,17,16.671,16.815
2088,3,18,18.558,14.555
2088,3,19,23.192,14.456
2088,3,20,23.833,16.137
2088,3,21,24.897,20.731
2088,3,22,27.512,24.389
2088,3,23,25.099,23.107
2088,3,24,23.493,18.324
2088,3,25,23.849,18.06
2088,3,26,26.469,21.915
2088,3,27,24.347,20.027
2088,3,28,24.418,20.327
2088,3,29,24.529,19.214
2088,3,30,18.264,24.142
2088,3,31,15.558,23.323
2088,4,1,18.918,18.332
2088,4,2,18.968,22.543
2088,4,3,19.728,28.14
2088,4,4,19.017,26.169
2088,4,5,23.053,24.467
2088,4,6,27.585,26.076
2088,4,7,25.95,24.915
2088,4,8,22.747,19.77
2088,4,9,18.745,15.412
2088,4,10,22.565,12.429
2088,4,11,25.124,17.23
2088,4,12,25.505,22.032
2088,4,13,21.564,25.899
2088,4,14,14.885,30.614
2088,4,15,16.135,31.28
2088,4,16,21.71,30.227
2088,4,17,23.364,27.966
2088,4,18,19.503,30.746
2088,4,19,16.579,29.811
2088,4,20,14.0,27.14
2088,4,21,14.762,25.678
2088,4,22,15.002,22.258
2088,4,23,15.958,20.717
2088,4,24,16.197,22.399
2088,4,25,15.326,27.762
2088,4,26,17.66,30.2
2088,4,27,20.104,31.167
2088,4,28,25.03,32.47
2088,4,29,27.598,30.818
2088,4,30,29.808,26.12
2088,5,1,30.158,24.825
2088,5,2,29.048,24.522
2088,5,3,26.318,28.8
2088,5,4,23.641,32.444
2088,5,5,24.434,36.39
2088,5,6,24.608,36.372
2088,5,7,22.826,37.064
2088,5,8,25.597,36.124
2088,5,9,27.357,30.659
2088,5,10,28.359,30.364
2088,5,11,30.332,32.134
2088,5,12,30.395,32.528
2088,5,13,28.541,29.556
2088,5,14,28.646,27.908
2088,5,15,28.344,28.393
2088,5,16,32.416,29.292
2088,5,17,32.488,28.277
2088,5,18,34.97,27.528
2088,5,19,35.956,26.9
2088,5,20,36.622,31.137
2088,5,21,34.013,32.461
2088,5,22,34.192,33.787
2088,5,23,36.638,31.673
2088,5,24,37.561,32.12
2088,5,25,38.443,37.052
2088,5,26,38.162,38.809
2088,5,27,35.511,40.615
2088,5,28,27.115,39.105
2088,5,29,31.303,40.535
2088,5,30,31.127,40.872
2088,5,31,32.431,42.617
2088,6,1,36.121,43.438
2088,6,2,36.154,43.121
2088,6,3,33.938,44.128
2088,6,4,35.289,43.594
2088,6,5,32.141,42.943
2088,6,6,30.81,42.795
2088,6,7,30.07,43.058
2088,6,8,33.336,43.524
2088,6,9,33.224,40.847
2088,6,10,36.342,37.233
2088,6,11,39.705,38.564
2088,6,12,41.131,39.17
2088,6,13,39.963,39.723
2088,6,14,41.738,39.317
2088,6,15,37.683,35.584
2088,6,16,32.227,34.772
2088,6,17,31.788,30.942
2088,6,18,36.34,38.735
2088,6,19,37.435,40.983
2088,6,20,39.873,39.159
2088,6,21,40.898,40.364
2088,6,22,41.479,39.616
2088,6,23,40.167,40.294
2088,6,24,41.732,41.713
2088,6,25,40.914,41.848
2088,6,26,41.213,40.471
2088,6,27,42.948,42.106
2088,6,28,44.313,42.821
2088,6,29,43.083,43.225
2088,6,30,43.579,44.3
2088,7,1,41.977,45.996
2088,7,2,39.005,45.925
2088,7,3,37.865,44.898
2088,7,4,38.837,44.976
2088,7,5,39.905,45.104
2088,7,6,40.809,45.592
2088,7,7,40.103,43.945
2088,7,8,36.825,43.017
2088,7,9,36.053,41.884
2088,7,10,36.831,39.844
2088,7,11,37.118,39.725
2088,7,12,37.649,39.912
2088,7,13,39.5,41.762
2088,7,14,41.72,39.456
2088,7,15,43.147,39.509
2088,7,16,42.745,39.361
2088,7,17,40.022,39.973
2088,7,18,39.792,39.506
2088,7,19,39.616,39.836
2088,7,20,39.682,38.127
2088,7,21,39.553,39.203
2088,7,22,39.908,41.269
2088,7,23,35.711,42.489
2088,7,24,36.405,41.148
2088,7,25,33.657,40.113
2088,7,26,33.3,39.981
2088,7,27,33.294,42.321
2088,7,28,33.986,45.751
2088,7,29,37.407,46.248
2088,7,30,40.242,45.771
2088,7,31,41.631,42.626
2088,8,1,42.848,42.236
2088,8,2,42.083,39.606
2088,8,3,40.593,33.18
2088,8,4,39.92,34.828
2088,8,5,37.036,34.331
2088,8,6,34.807,34.096
2088,8,7,33.432,35.155
2088,8,8,33.916,35.106
2088,8,9,36.946,35.027
2088,8,10,39.179,36.953
2088,8,11,39.489,37.898
2088,8,12,36.95,37.419
2088,8,13,37.499,37.475
2088,8,14,37.662,38.174
2088,8,15,35.53,38.216
2088,8,16,37.757,39.398
2088,8,17,38.435,36.08
2088,8,18,35.258,37.24
2088,8,19,33.763,36.703
2088,8,20,32.071,38.401
2088,8,21,34.337,37.951
2088,8,22,36.91,36.766
2088,8,23,34.629,37.031
2088,8,24,31.756,36.87
2088,8,25,32.029,36.108
2088,8,26,31.476,35.46
2088,8,27,31.408,35.776
2088,8,28,34.68,38.361
2088,8,29,33.45,37.061
2088,8,30,35.433,40.587
2088,8,31,39.211,40.771
2088,9,1,42.972,39.018
2088,9,2,45.086,39.482
2088,9,3,43.427,34.594
2088,9,4,38.804,40.123
2088,9,5,40.396,41.634
2088,9,6,40.636,40.289
2088,9,7,41.319,40.066
2088,9,8,39.28,39.503
2088,9,9,39.945,39.062
2088,9,10,39.534,38.537
2088,9,11,38.323,39.27
2088,9,12,33.374,38.125
2088,9,13,30.145,35.007
2088,9,14,36.889,31.541
2088,9,15,36.073,28.717
2088,9,16,34.018,28.116
2088,9,17,34.604,27.598
2088,9,18,30.542,31.497
2088,9,19,32.4,32.129
2088,9,20,36.367,35.525
2088,9,21,37.213,35.223
2088,9,22,37.272,33.905
2088,9,23,36.2,31.252
2088,9,24,35.892,37.028
2088,9,25,36.043,37.246
2088,9,26,37.451,39.114
2088,9,27,37.698,35.952
2088,9,28,35.411,29.84
2088,9,29,32.985,31.973
2088,9,30,28.025,35.358
2088,10,1,26.444,35.026
2088,10,2,23.535,33.571
2088,10,3,24.642,31.339
2088,10,4,29.93,27.4
2088,10,5,26.288,22.584
2088,10,6,24.776,19.258
2088,10,7,23.321,15.699
2088,10,8,22.795,20.55
2088,10,9,24.076,19.891
2088,10,10,23.402,18.167
2088,10,11,22.512,17.971
2088,10,12,24.707,20.77
2088,10,13,28.535,22.124
2088,10,14,33.3,21.403
2088,10,15,32.941,24.001
2088,10,16,34.019,23.779
2088,10,17,27.569,27.662
2088,10,18,22.608,32.025
2088,10,19,21.523,31.423
2088,10,20,19.554,32.538
2088,10,21,22.314,32.325
2088,10,22,23.975,30.854
2088,10,23,23.577,29.157
2088,10,24,24.846,28.379
2088,10,25,20.66,24.86
2088,10,26,22.242,23.805
2088,10,27,24.142,22.987
2088,10,28,28.4,21.862
2088,10,29,28.08,24.777
2088,10,30,28.306,24.97
2088,10,31,27.674,21.643
2088,11,1,26.723,22.859
2088,11,2,26.492,22.307
2088,11,3,23.45,22.594
2088,11,4,21.709,24.318
2088,11,5,23.119,22.568
2088,11,6,22.706,22.899
2088,11,7,21.399,24.002
2088,11,8,20.989,25.244
2088,11,9,20.61,23.377
2088,11,10,17.904,19.562
2088,11,11,14.822,18.931
2088,11,12,16.211,15.973
2088,11,13,17.307,17.712
2088,11,14,16.194,19.745
2088,11,15,17.186,19.866
2088,11,16,12.372,18.546
2088,11,17,12.962,19.199
2088,11,18,15.304,17.22
2088,11,19,16.099,19.348
2088,11,20,13.383,18.876
2088,11,21,15.238,18.372
2088,11,22,16.427,16.242
2088,11,23,14.664,17.484
2088,11,24,16.363,12.614
2088,11,25,13.236,14.661
2088,11,26,16.905,15.982
2088,11,27,17.47,17.3
2088,11,28,14.752,16.552
2088,11,29,13.482,16.391
2088,11,30,13.774,15.01
2088,12,1,17.33,15.187
2088,12,2,16.114,15.833
2088,12,3,10.419,14.542
2088,12,4,9.9,13.952
2088,12,5,12.062,17.321
2088,12,6,9.279,15.879
2088,12,7,10.54,12.969
2088,12,8,13.72,14.359
2088,12,9,15.327,17.101
2088,12,10,14.209,17.86
2088,12,11,16.731,16.543
2088,12,12,15.148,16.662
2088,12,13,13.248,20.354
2088,12,14,14.436,19.901
2088,12,15,12.901,18.763
2088,12,16,14.946,15.545
2088,12,17,12.648,13.575
2088,12,18,12.121,13.699
2088,12,19,11.392,14.292
2088,12,20,13.098,17.928
2088,12,21,13.003,17.133
2088,12,22,14.098,19.54
2088,12,23,10.425,20.679
2088,12,24,11.205,20.962
2088,12,25,12.241,20.591
2088,12,26,11.836,18.416
2088,12,27,11.9,18.194
2088,12,28,11.245,16.982
2088,12,29,10.897,17.992
2088,12,30,11.455,15.843
2088,12,31,12.152,15.438
2089,1,1,14.539,18.319
2089,1,2,17.317,18.694
2089,1,3,17.758,17.747
2089,1,4,15.443,15.212
2089,1,5,14.924,14.485
2089,1,6,15.204,15.419
2089,1,7,15.534,17.31
2089,1,8,16.874,17.828
2089,1,9,15.542,18.521
2089,1,10,14.41,17.917
2089,1,11,14.072,17.163
2089,1,12,14.93,19.734
2089,1,13,14.374,19.665
2089,1,14,16.698,19.308
2089,1,15,16.828,18.942
2089,1,16,14.363,16.683
2089,1,17,15.458,16.382
2089,1,18,12.258,17.06
2089,1,19,11.588,17.126
2089,1,20,11.528,19.63
2089,1,21,13.41,19.108
2089,1,22,14.856,17.389
2089,1,23,13.096,20.469
2089,1,24,16.4,20.408
2089,1,25,15.122,19.677
2089,1,26,16.318,17.485
2089,1,27,17.435,16.691
2089,1,28,16.091,16.858
2089,1,29,14.953,19.004
2089,1,30,17.322,21.034
2089,1,31,15.33,19.512
2089,2,1,14.099,18.55
2089,2,2,14.416,19.58
2089,2,3,16.983,17.877
2089,2,4,15.63,16.226
2089,2,5,13.5,15.804
2089,2,6,15.028,19.012
2089,2,7,13.213,19.336
2089,2,8,14.532,20.144
2089,2,9,13.819,20.44
2089,2,10,15.226,21.968
2089,2,11,14.411,22.946
2089,2,12,16.803,24.129
2089,2,13,13.73,23.358
2089,2,14,10.994,25.341
2089,2,15,13.93,24.649
2089,2,16,13.892,23.305
2089,2,17,13.989,20.885
2089,2,18,12.297,22.527
2089,2,19,12.944,25.942
2089,2,20,14.96,24.756
2089,2,21,16.56,24.087
2089,2,22,15.222,22.1
2089,2,23,11.281,15.885
2089,2,24,13.167,15.164
2089,2,25,13.972,14.143
2089,2,26,16.967,12.576
2089,2,27,19.629,11.633
2089,2,28,23.719,15.539
2089,3,1,23.954,11.727
2089,3,2,23.74,11.604
2089,3,3,22.406,18.939
2089,3,4,24.419,24.25
2089,3,5,22.528,19.35
2089,3,6,23.081,20.714
2089,3,7,17.985,21.048
2089,3,8,17.332,17.281
2089,3,9,21.094,15.339
2089,3,10,21.692,16.603
2089,3,11,21.091,16.701
2089,3,12,18.46,17.23
2089,3,13,16.928,18.983
2089,3,14,13.75,16.496
2089,3,15,12.02,15.953
2089,3,16,13.119,20.227
2089,3,17,16.574,22.473
2089,3,18,17.862,21.898
2089,3,19,22.455,20.275
2089,3,20,21.146,17.58
2089,3,21,20.311,15.197
2089,3,22,19.633,19.766
2089,3,23,17.02,22.578
2089,3,24,16.568,24.911
2089,3,25,20.27,19.46
2089,3,26,21.351,17.676
2089,3,27,18.879,20.996
2089,3,28,18.028,18.223
2089,3,29,18.657,21.452
2089,3,30,19.869,23.375
2089,3,31,22.956,23.763
2089,4,1,22.323,24.942
2089,4,2,24.279,25.531
2089,4,3,28.352,26.324
2089,4,4,33.241,28.355
2089,4,5,32.67,30.217
2089,4,6,29.606,29.426
2089,4,7,24.403,30.057
2089,4,8,23.707,28.853
2089,4,9,26.04,29.047
2089,4,10,22.077,30.441
2089,4,11,20.881,30.555
2089,4,12,21.292,28.866
2089,4,13,15.876,23.666
2089,4,14,13.476,21.115
2089,4,15,14.179,22.12
2089,4,16,17.261,20.812
2089,4,17,21.221,25.516
2089,4,18,21.399,27.008
2089,4,19,23.556,31.099
2089,4,20,25.624,32.136
2089,4,21,25.543,31.619
2089,4,22,25.461,27.755
2089,4,23,22.97,23.414
2089,4,24,22.791,18.343
2089,4,25,27.771,19.126
2089,4,26,31.659,24.028
2089,4,27,32.224,24.362
2089,4,28,30.518,26.144
2089,4,29,30.143,26.935
2089,4,30,35.192,21.498
2089,5,1,36.573,18.914
2089,5,2,32.784,20.778
2089,5,3,29.221,22.928
2089,5,4,30.603,24.672
2089,5,5,36.993,25.812
2089,5,6,36.631,27.028
2089,5,7,35.063,31.775
2089,5,8,31.708,33.658
2089,5,9,26.61,31.811
2089,5,10,34.842,30.097
2089,5,11,37.517,29.363
2089,5,12,36.382,30.408
2089,5,13,35.866,31.261
2089,5,14,35.021,31.353
2089,5,15,35.418,31.393
2089,5,16,35.391,31.984
2089,5,17,36.24,32.445
2089,5,18,35.591,33.018
2089,5,19,35.502,34.94
2089,5,20,31.6,36.763
2089,5,21,32.568,35.893
2089,5,22,32.68,36.535
2089,5,23,36.617,36.062
2089,5,24,36.52,37.636
2089,5,25,36.75,37.666
2089,5,26,36.824,39.317
2089,5,27,37.235,36.978
2089,5,28,37.347,28.536
2089,5,29,35.07,31.312
2089,5,30,31.715,27.932
2089,5,31,33.76,25.174
2089,6,1,39.215,28.812
2089,6,2,39.922,31.409
2089,6,3,37.461,33.047
2089,6,4,36.44,34.23
2089,6,5,40.057,34.96
2089,6,6,38.424,35.377
2089,6,7,40.146,35.713
2089,6,8,39.103,35.766
2089,6,9,33.792,35.49
2089,6,10,35.383,37.667
2089,6,11,36.662,37.449
2089,6,12,36.631,38.267
2089,6,13,34.876,38.355
2089,6,14,31.672,39.054
2089,6,15,33.813,39.115
2089,6,16,38.227,39.153
2089,6,17,39.543,39.175
2089,6,18,36.241,38.948
2089,6,19,34.574,40.469
2089,6,20,35.198,34.239
2089,6,21,36.039,34.3
2089,6,22,36.456,35.915
2089,6,23,35.191,34.492
2089,6,24,36.192,35.981
2089,6,25,37.829,34.199
2089,6,26,38.672,35.297
2089,6,27,39.742,36.043
2089,6,28,40.455,36.112
2089,6,29,40.206,32.664
2089,6,30,40.58,37.866
2089,7,1,40.455,40.9
2089,7,2,41.621,42.43
2089,7,3,39.082,42.613
2089,7,4,38.771,43.182
2089,7,5,37.898,41.977
2089,7,6,39.309,40.563
2089,7,7,39.044,38.978
2089,7,8,41.109,41.257
2089,7,9,42.241,40.411
2089,7,10,41.003,41.536
2089,7,11,38.773,38.663
2089,7,12,34.865,41.478
2089,7,13,34.351,43.77
2089,7,14,34.653,44.735
2089,7,15,37.335,43.799
2089,7,16,39.311,43.858
2089,7,17,39.77,42.929
2089,7,18,38.723,38.9
2089,7,19,40.408,38.901
2089,7,20,38.417,41.306
2089,7,21,37.47,42.289
2089,7,22,35.791,39.955
2089,7,23,36.72,39.384
2089,7,24,37.155,38.213
2089,7,25,38.834,36.761
2089,7,26,36.9,41.501
2089,7,27,34.897,39.349
2089,7,28,33.436,40.622
2089,7,29,33.787,42.721
2089,7,30,33.347,42.175
2089,7,31,34.45,41.734
2089,8,1,34.16,45.203
2089,8,2,34.656,45.257
2089,8,3,36.004,46.157
2089,8,4,36.702,45.201
2089,8,5,38.441,42.519
2089,8,6,39.994,41.711
2089,8,7,41.535,41.516
2089,8,8,41.956,40.385
2089,8,9,41.832,37.945
2089,8,10,42.217,37.235
2089,8,11,40.801,35.966
2089,8,12,35.487,35.417
2089,8,13,33.45,34.405
2089,8,14,30.594,34.343
2089,8,15,29.683,36.662
2089,8,16,30.845,36.321
2089,8,17,30.594,36.974
2089,8,18,29.04,38.655
2089,8,19,28.279,38.604
2089,8,20,28.116,38.219
2089,8,21,29.655,38.35
2089,8,22,31.733,39.431
2089,8,23,33.242,38.212
2089,8,24,32.643,37.563
2089,8,25,32.826,36.511
2089,8,26,35.004,37.989
2089,8,27,38.953,39.277
2089,8,28,38.68,37.954
2089,8,29,40.682,38.31
2089,8,30,41.159,40.002
2089,8,31,42.639,41.116
2089,9,1,44.502,42.139
2089,9,2,43.544,38.566
2089,9,3,43.707,41.981
2089,9,4,44.052,40.784
2089,9,5,42.871,39.595
2089,9,6,40.346,39.95
2089,9,7,37.017,42.044
2089,9,8,35.305,43.875
2089,9,9,34.923,44.55
2089,9,10,34.543,45.274
2089,9,11,36.491,44.449
2089,9,12,37.934,42.495
2089,9,13,35.913,41.323
2089,9,14,31.061,40.256
2089,9,15,31.831,41.608
2089,9,16,31.857,39.34
2089,9,17,31.818,37.317
2089,9,18,32.41,37.247
2089,9,19,28.046,32.057
2089,9,20,26.59,29.85
2089,9,21,24.681,29.771
2089,9,22,24.47,30.981
2089,9,23,25.835,34.899
2089,9,24,31.208,35.393
2089,9,25,33.618,35.265
2089,9,26,35.853,29.316
2089,9,27,35.38,26.972
2089,9,28,34.818,27.18
2089,9,29,30.063,32.382
2089,9,30,25.598,36.496
2089,10,1,30.48,37.954
2089,10,2,33.924,35.938
2089,10,3,36.022,31.068
2089,10,4,37.279,27.919
2089,10,5,35.778,23.641
2089,10,6,35.783,25.822
2089,10,7,30.847,30.593
2089,10,8,26.911,32.558
2089,10,9,25.291,30.73
2089,10,10,26.198,30.81
2089,10,11,23.512,30.174
2089,10,12,23.319,32.361
2089,10,13,22.449,34.924
2089,10,14,20.554,35.791
2089,10,15,18.468,33.308
2089,10,16,19.054,24.983
2089,10,17,20.542,26.551
2089,10,18,24.475,30.185
2089,10,19,22.614,34.578
2089,10,20,20.586,35.422
2089,10,21,19.716,33.868
2089,10,22,23.598,25.754
2089,10,23,25.916,25.062
2089,10,24,26.73,30.304
2089,10,25,26.462,28.787
2089,10,26,18.141,24.497
2089,10,27,18.917,23.571
2089,10,28,21.276,24.407
2089,10,29,19.29,23.808
2089,10,30,19.725,24.647
2089,10,31,19.452,22.506
2089,11,1,19.261,22.418
2089,11,2,18.102,29.256
2089,11,3,17.061,26.96
2089,11,4,17.66,26.795
2089,11,5,17.002,22.807
2089,11,6,18.505,20.814
2089,11,7,17.201,24.468
2089,11,8,16.897,24.405
2089,11,9,16.421,25.605
2089,11,10,16.002,22.451
2089,11,11,16.325,22.703
2089,11,12,15.939,20.174
2089,11,13,15.183,20.52
2089,11,14,15.896,20.164
2089,11,15,17.679,20.729
2089,11,16,20.616,17.341
2089,11,17,23.894,19.76
2089,11,18,24.715,25.06
2089,11,19,23.456,25.492
2089,11,20,20.963,24.508
2089,11,21,15.415,21.068
2089,11,22,14.683,24.711
2089,11,23,16.55,23.208
2089,11,24,13.972,23.414
2089,11,25,16.297,22.785
2089,11,26,16.542,21.195
2089,11,27,15.875,20.57
2089,11,28,11.526,18.351
2089,11,29,14.088,16.223
2089,11,30,12.32,17.02
2089,12,1,12.262,18.56
2089,12,2,13.924,19.215
2089,12,3,10.587,20.357
2089,12,4,11.592,17.33
2089,12,5,15.391,15.794
2089,12,6,14.845,21.303
2089,12,7,13.838,20.007
2089,12,8,14.614,14.679
2089,12,9,12.149,10.477
2089,12,10,10.869,11.501
2089,12,11,12.19,14.064
2089,12,12,9.134,14.451
2089,12,13,12.201,14.954
2089,12,14,12.809,14.938
2089,12,15,11.832,15.455
2089,12,16,11.537,13.15
2089,12,17,13.11,18.047
2089,12,18,14.93,17.726
2089,12,19,16.584,19.91
2089,12,20,11.596,19.311
2089,12,21,13.503,17.591
2089,12,22,15.324,21.235
2089,12,23,17.437,18.98
2089,12,24,18.862,21.75
2089,12,25,17.109,20.116
2089,12,26,21.224,19.357
2089,12,27,20.83,15.534
2089,12,28,21.274,14.218
2089,12,29,18.982,16.633
2089,12,30,15.159,11.779
2089,12,31,19.364,16.706
2090,1,1,19.207,16.571
2090,1,2,15.942,13.943
2090,1,3,15.819,11.788
2090,1,4,15.822,15.595
2090,1,5,15.516,14.35
2090,1,6,15.206,13.569
2090,1,7,13.841,12.344
2090,1,8,13.836,12.31
2090,1,9,13.451,7.535
2090,1,10,13.465,9.671
2090,1,11,13.329,11.986
2090,1,12,12.779,12.422
2090,1,13,11.05,13.513
2090,1,14,14.7,14.581
2090,1,15,14.588,17.852
2090,1,16,16.801,17.361
2090,1,17,15.568,16.378
2090,1,18,16.918,14.244
2090,1,19,16.257,13.127
2090,1,20,19.193,15.118
2090,1,21,17.664,18.507
2090,1,22,15.236,17.087
2090,1,23,17.557,16.876
2090,1,24,12.314,14.606
2090,1,25,12.37,15.696
2090,1,26,14.623,15.253
2090,1,27,10.413,15.575
2090,1,28,10.996,16.04
2090,1,29,15.408,17.104
2090,1,30,16.131,17.77
2090,1,31,15.933,16.288
2090,2,1,19.299,14.567
2090,2,2,15.941,14.818
2090,2,3,15.995,14.045
2090,2,4,20.231,14.405
2090,2,5,19.115,18.906
2090,2,6,18.819,16.858
2090,2,7,18.12,18.259
2090,2,8,14.909,18.208
2090,2,9,20.343,20.651
2090,2,10,17.595,21.727
2090,2,11,12.289,21.997
2090,2,12,14.609,21.396
2090,2,13,13.817,21.265
2090,2,14,15.735,21.34
2090,2,15,16.997,20.707
2090,2,16,16.526,20.937
2090,2,17,17.302,21.906
2090,2,18,20.156,22.647
2090,2,19,16.653,20.104
2090,2,20,13.678,18.703
2090,2,21,11.662,18.227
2090,2,22,10.757,14.985
2090,2,23,14.009,15.155
2090,2,24,17.633,15.525
2090,2,25,21.874,18.01
2090,2,26,25.537,17.48
2090,2,27,23.462,19.427
2090,2,28,21.687,22.908
2090,3,1,19.206,20.554
2090,3,2,17.808,18.619
2090,3,3,17.429,20.063
2090,3,4,17.902,20.607
2090,3,5,21.525,23.664
2090,3,6,21.015,25.062
2090,3,7,19.375,23.857
2090,3,8,18.368,23.822
2090,3,9,20.62,23.475
2090,3,10,18.555,24.19
2090,3,11,15.194,24.396
2090,3,12,15.632,24.455
2090,3,13,19.412,22.303
2090,3,14,22.287,19.685
2090,3,15,24.201,15.863
2090,3,16,22.402,17.918
2090,3,17,22.242,18.919
2090,3,18,21.827,16.237
2090,3,19,22.282,17.045
2090,3,20,20.533,18.065
2090,3,21,17.943,15.391
2090,3,22,17.583,15.582
2090,3,23,14.94,11.799
2090,3,24,16.0,11.408
2090,3,25,16.608,15.947
2090,3,26,14.223,16.364
2090,3,27,12.018,15.662
2090,3,28,8.252,20.351
2090,3,29,7.657,25.321
2090,3,30,13.969,28.67
2090,3,31,17.378,26.968
2090,4,1,20.288,27.45
2090,4,2,18.118,25.024
2090,4,3,17.081,27.423
2090,4,4,17.935,28.569
2090,4,5,23.429,26.88
2090,4,6,23.163,24.086
2090,4,7,17.28,23.133
2090,4,8,14.09,21.062
2090,4,9,15.182,22.819
2090,4,10,20.03,20.513
2090,4,11,23.801,20.305
2090,4,12,25.559,18.529
2090,4,13,24.434,16.523
2090,4,14,24.791,19.307
2090,4,15,24.432,22.456
2090,4,16,16.673,22.33
2090,4,17,14.869,21.495
2090,4,18,21.474,21.558
2090,4,19,20.876,21.313
2090,4,20,20.294,17.266
2090,4,21,15.678,19.355
2090,4,22,14.156,22.189
2090,4,23,19.747,24.157
2090,4,24,16.843,26.396
2090,4,25,13.565,29.017
2090,4,26,17.264,31.597
2090,4,27,20.195,33.87
2090,4,28,18.032,35.566
2090,4,29,15.574,33.999
2090,4,30,16.91,30.858
2090,5,1,22.914,32.435
2090,5,2,25.337,35.118
2090,5,3,25.454,35.186
2090,5,4,22.752,33.325
2090,5,5,24.74,24.565
2090,5,6,26.327,23.857
2090,5,7,25.084,26.06
2090,5,8,21.921,23.846
2090,5,9,26.148,24.781
2090,5,10,29.53,29.363
2090,5,11,31.523,23.341
2090,5,12,32.477,19.625
2090,5,13,30.956,19.622
2090,5,14,26.259,19.193
2090,5,15,27.864,18.906
2090,5,16,27.656,20.426
2090,5,17,28.638,23.53
2090,5,18,29.387,23.592
2090,5,19,30.526,26.073
2090,5,20,34.035,29.382
2090,5,21,33.674,28.672
2090,5,22,32.589,27.282
2090,5,23,30.761,23.842
2090,5,24,31.274,20.999
2090,5,25,29.483,26.092
2090,5,26,27.923,27.939
2090,5,27,28.334,28.294
2090,5,28,28.374,29.104
2090,5,29,27.721,30.662
2090,5,30,24.828,32.726
2090,5,31,27.642,34.856
2090,6,1,34.417,37.125
2090,6,2,35.091,37.292
2090,6,3,36.144,39.658
2090,6,4,38.133,40.534
2090,6,5,41.438,40.053
2090,6,6,40.178,38.391
2090,6,7,40.391,36.784
2090,6,8,40.829,38.844
2090,6,9,37.843,38.962
2090,6,10,38.734,39.964
2090,6,11,39.054,41.084
2090,6,12,38.035,43.057
2090,6,13,40.045,43.58
2090,6,14,43.82,42.508
2090,6,15,41.901,42.527
2090,6,16,42.133,41.824
2090,6,17,39.687,40.881
2090,6,18,36.118,38.985
2090,6,19,32.604,36.821
2090,6,20,35.512,32.591
2090,6,21,34.975,33.207
2090,6,22,31.766,33.658
2090,6,23,30.539,33.722
2090,6,24,32.405,35.175
2090,6,25,32.695,37.585
2090,6,26,32.662,41.287
2090,6,27,31.64,41.552
2090,6,28,32.552,42.692
2090,6,29,35.951,42.44
2090,6,30,36.167,44.361
2090,7,1,38.022,44.967
2090,7,2,39.389,43.519
2090,7,3,38.845,42.492
2090,7,4,39.743,41.373
2090,7,5,38.652,37.649
2090,7,6,34.912,39.494
2090,7,7,37.169,41.032
2090,7,8,39.302,39.175
2090,7,9,38.386,39.897
2090,7,10,41.194,38.384
2090,7,11,40.71,38.919
2090,7,12,41.026,39.222
2090,7,13,42.151,39.434
2090,7,14,40.795,39.328
2090,7,15,40.91,39.295
2090,7,16,39.361,39.395
2090,7,17,39.949,39.179
2090,7,18,36.601,41.074
2090,7,19,36.95,44.501
2090,7,20,36.588,45.832
2090,7,21,37.645,46.446
2090,7,22,38.23,47.298
2090,7,23,39.046,46.429
2090,7,24,41.441,45.15
2090,7,25,41.073,44.343
2090,7,26,41.195,42.577
2090,7,27,37.132,39.942
2090,7,28,35.878,39.133
2090,7,29,33.673,40.301
2090,7,30,35.142,42.688
2090,7,31,37.343,41.689
2090,8,1,38.363,41.411
2090,8,2,39.372,43.523
2090,8,3,41.763,45.268
2090,8,4,41.557,45.122
2090,8,5,41.064,42.283
2090,8,6,38.889,42.183
2090,8,7,35.301,40.026
2090,8,8,38.15,44.236
2090,8,9,39.553,45.17
2090,8,10,39.622,45.113
2090,8,11,39.516,44.723
2090,8,12,35.377,40.711
2090,8,13,34.046,41.616
2090,8,14,34.38,41.299
2090,8,15,38.116,43.597
2090,8,16,35.707,44.27
2090,8,17,34.666,41.385
2090,8,18,35.636,36.614
2090,8,19,38.686,33.983
2090,8,20,37.628,34.128
2090,8,21,38.509,34.594
2090,8,22,40.347,36.737
2090,8,23,37.985,36.783
2090,8,24,38.43,38.497
2090,8,25,39.257,38.492
2090,8,26,40.138,39.192
2090,8,27,39.689,43.243
2090,8,28,41.011,45.481
2090,8,29,41.528,44.659
2090,8,30,43.011,40.027
2090,8,31,43.846,39.181
2090,9,1,43.169,39.514
2090,9,2,41.002,38.983
2090,9,3,40.855,38.792
2090,9,4,34.307,38.78
2090,9,5,30.791,37.324
2090,9,6,31.517,34.06
2090,9,7,27.728,34.706
2090,9,8,27.035,37.745
2090,9,9,27.809,40.487
2090,9,10,28.978,39.386
2090,9,11,30.339,38.37
2090,9,12,31.624,36.271
2090,9,13,30.6,31.437
2090,9,14,27.815,36.961
2090,9,15,29.196,40.746
2090,9,16,29.763,37.939
2090,9,17,31.317,37.674
2090,9,18,30.715,34.916
2090,9,19,30.481,34.734
2090,9,20,31.859,33.891
2090,9,21,31.413,34.348
2090,9,22,34.563,31.57
2090,9,23,31.217,32.229
2090,9,24,32.615,32.206
2090,9,25,31.354,29.747
2090,9,26,27.831,29.769
2090,9,27,32.27,29.832
2090,9,28,32.461,32.876
2090,9,29,32.889,24.799
2090,9,30,29.771,23.036
2090,10,1,29.231,21.712
2090,10,2,32.55,26.401
2090,10,3,32.128,27.219
2090,10,4,30.274,28.938
2090,10,5,28.698,27.716
2090,10,6,30.896,28.073
2090,10,7,30.689,28.725
2090,10,8,25.661,20.423
2090,10,9,23.71,23.61
2090,10,10,26.06,25.774
2090,10,11,31.618,23.802
2090,10,12,33.769,25.537
2090,10,13,33.968,25.721
2090,10,14,31.998,29.74
2090,10,15,34.42,26.948
2090,10,16,35.093,26.307
2090,10,17,36.918,20.667
2090,10,18,37.309,23.926
2090,10,19,36.408,24.841
2090,10,20,34.804,26.396
2090,10,21,32.872,26.003
2090,10,22,32.326,30.659
2090,10,23,30.678,30.51
2090,10,24,27.542,27.834
2090,10,25,24.133,26.512
2090,10,26,27.025,24.55
2090,10,27,29.851,27.06
2090,10,28,29.491,27.347
2090,10,29,28.208,28.345
2090,10,30,28.642,30.101
2090,10,31,27.019,26.639
2090,11,1,25.597,24.839
2090,11,2,24.153,25.909
2090,11,3,22.191,25.964
2090,11,4,23.412,27.313
2090,11,5,23.414,26.641
2090,11,6,24.09,25.38
2090,11,7,27.111,25.159
2090,11,8,26.477,26.429
2090,11,9,25.81,28.819
2090,11,10,27.662,30.342
2090,11,11,26.927,30.663
2090,11,12,26.931,25.782
2090,11,13,26.932,26.372
2090,11,14,24.864,28.5
2090,11,15,23.294,26.197
2090,11,16,21.795,25.8
2090,11,17,22.08,24.8
2090,11,18,19.987,25.398
2090,11,19,22.511,26.121
2090,11,20,23.331,24.25
2090,11,21,23.765,23.682
2090,11,22,22.917,22.725
2090,11,23,17.55,23.201
2090,11,24,16.848,23.528
2090,11,25,17.441,20.132
2090,11,26,18.738,19.384
2090,11,27,14.888,20.323
2090,11,28,14.27,20.564
2090,11,29,14.845,18.267
2090,11,30,16.064,16.055
2090,12,1,16.474,17.959
2090,12,2,17.984,15.305
2090,12,3,17.042,14.548
2090,12,4,17.04,17.52
2090,12,5,14.999,17.828
2090,12,6,12.597,18.383
2090,12,7,14.587,17.798
2090,12,8,16.909,15.115
2090,12,9,17.541,16.303
2090,12,10,18.884,15.119
2090,12,11,12.828,15.156
2090,12,12,13.298,18.534
2090,12,13,12.566,14.973
2090,12,14,17.475,18.882
2090,12,15,17.256,15.268
2090,12,16,18.549,15.458
2090,12,17,12.287,12.862
2090,12,18,13.56,14.825
2090,12,19,13.76,13.945
2090,12,20,12.219,14.867
2090,12,21,11.708,18.307
2090,12,22,9.966,21.215
2090,12,23,11.132,19.709
2090,12,24,12.87,19.862
2090,12,25,17.063,18.281
2090,12,26,17.765,15.703
2090,12,27,17.077,17.561
2090,12,28,11.85,19.093
2090,12,29,10.0,18.185
2090,12,30,10.28,17.978
2090,12,31,9.722,19.34
2091,1,1,10.697,16.759
2091,1,2,13.304,16.156
2091,1,3,13.703,16.791
2091,1,4,15.095,16.364
2091,1,5,15.133,16.33
2091,1,6,15.271,17.289
2091,1,7,15.082,19.364
2091,1,8,12.611,20.638
2091,1,9,14.067,21.739
2091,1,10,13.293,19.21
2091,1,11,11.195,16.318
2091,1,12,7.052,17.214
2091,1,13,14.653,15.614
2091,1,14,13.147,16.123
2091,1,15,17.133,13.261
2091,1,16,17.143,13.236
2091,1,17,18.101,15.246
2091,1,18,20.357,15.755
2091,1,19,16.78,14.462
2091,1,20,16.046,13.422
2091,1,21,16.353,12.485
2091,1,22,14.12,13.863
2091,1,23,13.532,13.768
2091,1,24,14.256,15.791
2091,1,25,15.884,17.758
2091,1,26,16.563,19.344
2091,1,27,17.685,20.266
2091,1,28,21.589,18.057
2091,1,29,19.346,18.513
2091,1,30,19.348,20.105
2091,1,31,19.755,21.039
2091,2,1,17.312,22.309
2091,2,2,19.349,19.733
2091,2,3,18.078,17.632
2091,2,4,12.99,17.531
2091,2,5,13.67,16.061
2091,2,6,15.993,14.156
2091,2,7,15.725,15.503
2091,2,8,16.161,11.569
2091,2,9,15.965,11.281
2091,2,10,15.794,16.033
2091,2,11,18.196,17.7
2091,2,12,18.727,16.832
2091,2,13,20.57,18.034
2091,2,14,20.357,21.757
2091,2,15,22.277,22.568
2091,2,16,21.316,21.931
2091,2,17,22.004,17.465
2091,2,18,22.352,19.39
2091,2,19,21.004,26.453
2091,2,20,19.213,21.858
2091,2,21,17.11,23.177
2091,2,22,18.193,25.02
2091,2,23,18.22,24.551
2091,2,24,14.231,24.038
2091,2,25,15.143,26.255
2091,2,26,15.036,22.51
2091,2,27,13.477,21.878
2091,2,28,12.819,14.953
2091,3,1,15.151,20.326
2091,3,2,16.872,22.722
2091,3,3,18.746,19.771
2091,3,4,17.063,21.037
2091,3,5,16.597,19.01
2091,3,6,19.624,21.676
2091,3,7,17.999,16.799
2091,3,8,17.503,15.735
2091,3,9,17.914,18.02
2091,3,10,17.069,16.31
2091,3,11,19.203,14.652
2091,3,12,17.109,14.069
2091,3,13,13.842,10.747
2091,3,14,15.338,13.513
2091,3,15,15.045,15.643
2091,3,16,15.646,16.031
2091,3,17,12.972,17.903
2091,3,18,16.479,18.283
2091,3,19,21.387,15.838
2091,3,20,23.698,18.062
2091,3,21,26.293,16.41
2091,3,22,25.475,20.043
2091,3,23,19.312,23.601
2091,3,24,15.081,24.482
2091,3,25,18.346,22.101
2091,3,26,23.431,16.907
2091,3,27,24.986,19.292
2091,3,28,22.693,21.54
2091,3,29,17.943,24.831
2091,3,30,13.604,24.839
2091,3,31,11.39,20.589
2091,4,1,18.429,18.504
2091,4,2,26.734,22.728
2091,4,3,27.33,23.689
2091,4,4,29.699,21.299
2091,4,5,29.796,20.721
2091,4,6,28.699,23.674
2091,4,7,26.718,26.347
2091,4,8,25.652,24.66
2091,4,9,26.454,26.641
2091,4,10,24.989,27.622
2091,4,11,24.322,23.605
2091,4,12,22.037,18.364
2091,4,13,21.403,15.845
2091,4,14,20.411,19.646
2091,4,15,23.97,23.757
2091,4,16,23.757,27.528
2091,4,17,26.875,27.811
2091,4,18,22.057,24.474
2091,4,19,21.761,28.058
2091,4,20,19.494,30.176
2091,4,21,20.386,29.134
2091,4,22,18.686,25.394
2091,4,23,20.321,22.556
2091,4,24,21.429,23.504
2091,4,25,23.722,26.298
2091,4,26,26.751,28.404
2091,4,27,29.032,26.82
2091,4,28,30.127,24.806
2091,4,29,27.924,23.219
2091,4,30,28.747,26.153
2091,5,1,27.722,28.173
2091,5,2,29.923,28.321
2091,5,3,34.519,25.837
2091,5,4,34.077,26.307
2091,5,5,33.464,23.034
2091,5,6,30.823,26.031
2091,5,7,31.989,30.853
2091,5,8,27.101,31.304
2091,5,9,24.357,30.406
2091,5,10,26.939,28.731
2091,5,11,27.142,28.266
2091,5,12,24.329,24.36
2091,5,13,18.189,25.529
2091,5,14,18.776,30.913
2091,5,15,24.44,35.198
2091,5,16,24.468,36.495
2091,5,17,23.148,39.671
2091,5,18,26.833,38.516
2091,5,19,26.51,38.853
2091,5,20,24.426,36.839
2091,5,21,27.757,33.053
2091,5,22,26.672,34.843
2091,5,23,29.369,38.399
2091,5,24,29.642,38.018
2091,5,25,30.132,38.659
2091,5,26,33.832,38.813
2091,5,27,35.143,36.357
2091,5,28,38.474,35.265
2091,5,29,32.767,34.602
2091,5,30,33.128,35.272
2091,5,31,33.577,39.61
2091,6,1,32.35,42.829
2091,6,2,31.969,43.187
2091,6,3,29.009,43.242
2091,6,4,28.197,43.121
2091,6,5,26.636,45.257
2091,6,6,29.736,45.46
2091,6,7,29.383,43.305
2091,6,8,30.938,42.704
2091,6,9,34.284,42.681
2091,6,10,35.182,43.222
2091,6,11,33.506,43.84
2091,6,12,33.833,44.588
2091,6,13,30.736,43.743
2091,6,14,30.305,43.21
2091,6,15,35.368,40.832
2091,6,16,36.125,33.247
2091,6,17,38.929,29.905
2091,6,18,41.145,35.973
2091,6,19,43.701,36.824
2091,6,20,43.686,37.156
2091,6,21,43.46,37.009
2091,6,22,41.499,36.332
2091,6,23,41.068,33.461
2091,6,24,39.933,34.202
2091,6,25,40.762,34.828
2091,6,26,42.198,36.227
2091,6,27,41.816,34.48
2091,6,28,40.696,33.806
2091,6,29,39.78,34.884
2091,6,30,39.632,36.779
2091,7,1,38.067,37.6
2091,7,2,38.227,38.419
2091,7,3,38.701,40.435
2091,7,4,38.125,44.488
2091,7,5,36.008,43.346
2091,7,6,34.428,45.733
2091,7,7,39.036,45.788
2091,7,8,40.129,44.973
2091,7,9,37.383,41.276
2091,7,10,37.098,39.295
2091,7,11,39.799,37.431
2091,7,12,40.288,37.972
2091,7,13,40.427,38.091
2091,7,14,40.176,39.162
2091,7,15,40.025,37.752
2091,7,16,39.77,38.29
2091,7,17,39.595,38.405
2091,7,18,38.145,37.17
2091,7,19,38.858,35.791
2091,7,20,36.988,34.304
2091,7,21,37.065,33.915
2091,7,22,36.345,34.223
2091,7,23,39.191,37.166
2091,7,24,39.93,39.35
2091,7,25,43.242,41.506
2091,7,26,42.251,42.738
2091,7,27,43.727,45.137
2091,7,28,42.302,44.692
2091,7,29,41.671,43.058
2091,7,30,42.487,44.974
2091,7,31,37.66,44.32
2091,8,1,35.059,46.163
2091,8,2,35.754,45.649
2091,8,3,34.867,46.06
2091,8,4,34.42,44.489
2091,8,5,32.13,44.211
2091,8,6,34.197,45.964
2091,8,7,32.777,43.716
2091,8,8,34.982,37.43
2091,8,9,36.659,35.363
2091,8,10,36.363,36.286
2091,8,11,35.705,39.848
2091,8,12,35.324,39.216
2091,8,13,34.774,37.3
2091,8,14,35.557,35.065
2091,8,15,37.76,35.45
2091,8,16,38.605,34.156
2091,8,17,38.462,34.111
2091,8,18,36.835,30.795
2091,8,19,36.037,31.438
2091,8,20,34.688,31.329
2091,8,21,36.338,33.485
2091,8,22,33.088,37.501
2091,8,23,33.062,37.146
2091,8,24,32.712,35.99
2091,8,25,34.65,36.898
2091,8,26,33.656,39.375
2091,8,27,37.713,38.951
2091,8,28,40.813,42.19
2091,8,29,40.611,39.287
2091,8,30,39.901,37.282
2091,8,31,40.711,36.301
2091,9,1,42.514,38.663
2091,9,2,36.906,39.774
2091,9,3,35.197,40.45
2091,9,4,34.224,42.245
2091,9,5,30.997,40.539
2091,9,6,31.51,40.277
2091,9,7,32.269,37.924
2091,9,8,33.575,36.835
2091,9,9,37.653,32.966
2091,9,10,38.378,31.078
2091,9,11,39.533,25.953
2091,9,12,38.046,24.454
2091,9,13,36.174,23.469
2091,9,14,35.509,25.308
2091,9,15,35.146,27.299
2091,9,16,35.375,28.906
2091,9,17,35.612,30.661
2091,9,18,34.003,31.949
2091,9,19,36.756,30.265
2091,9,20,38.926,34.819
2091,9,21,38.689,31.514
2091,9,22,37.381,26.521
2091,9,23,35.06,29.97
2091,9,24,32.963,32.83
2091,9,25,34.203,38.571
2091,9,26,36.82,38.942
2091,9,27,37.87,39.944
2091,9,28,34.869,39.425
2091,9,29,34.433,40.472
2091,9,30,37.845,40.317
2091,10,1,38.828,39.482
2091,10,2,38.766,38.02
2091,10,3,38.422,38.302
2091,10,4,38.335,36.759
2091,10,5,34.627,33.278
2091,10,6,35.544,28.82
2091,10,7,34.992,28.706
2091,10,8,35.689,28.502
2091,10,9,36.052,30.151
2091,10,10,34.151,32.409
2091,10,11,28.737,34.818
2091,10,12,26.418,34.267
2091,10,13,29.419,34.311
2091,10,14,31.042,35.339
2091,10,15,31.639,36.916
2091,10,16,33.114,36.584
2091,10,17,36.183,34.116
2091,10,18,35.536,31.638
2091,10,19,30.708,31.348
2091,10,20,21.175,27.663
2091,10,21,21.633,26.99
2091,10,22,24.174,29.608
2091,10,23,25.64,33.161
2091,10,24,25.489,31.618
2091,10,25,24.761,26.797
2091,10,26,25.96,26.591
2091,10,27,23.116,26.463
2091,10,28,23.98,29.298
2091,10,29,27.101,32.737
2091,10,30,28.716,35.603
2091,10,31,28.693,35.08
2091,11,1,24.862,35.514
2091,11,2,25.566,35.774
2091,11,3,18.339,33.148
2091,11,4,16.377,26.434
2091,11,5,16.747,28.285
2091,11,6,16.026,28.17
2091,11,7,17.017,27.469
2091,11,8,17.335,26.547
2091,11,9,20.546,23.769
2091,11,10,24.938,25.427
2091,11,11,25.784,23.499
2091,11,12,23.978,23.08
2091,11,13,21.141,20.558
2091,11,14,20.234,21.039
2091,11,15,18.765,22.041
2091,11,16,19.204,22.246
2091,11,17,17.905,22.214
2091,11,18,15.666,21.638
2091,11,19,16.408,21.994
2091,11,20,17.226,20.896
2091,11,21,17.698,20.311
2091,11,22,17.819,20.877
2091,11,23,17.037,21.994
2091,11,24,15.432,18.379
2091,11,25,17.346,17.984
2091,11,26,18.224,19.82
2091,11,27,21.783,20.691
2091,11,28,19.413,20.146
2091,11,29,18.597,18.185
2091,11,30,18.08,17.862
2091,12,1,18.908,18.789
2091,12,2,20.622,19.475
2091,12,3,17.694,18.001
2091,12,4,16.584,18.21
2091,12,5,16.915,22.027
2091,12,6,18.826,25.092
2091,12,7,20.947,23.098
2091,12,8,19.668,23.907
2091,12,9,18.941,23.688
2091,12,10,18.205,22.492
2091,12,11,17.615,20.705
2091,12,12,18.362,15.629
2091,12,13,12.847,16.254
2091,12,14,12.796,14.662
2091,12,15,11.444,14.625
2091,12,16,11.45,14.243
2091,12,17,8.962,12.769
2091,12,18,9.362,14.598
2091,12,19,11.361,13.682
2091,12,20,12.82,18.342
2091,12,21,12.54,17.801
2091,12,22,11.678,16.763
2091,12,23,11.183,18.585
2091,12,24,11.992,19.007
2091,12,25,9.573,19.721
2091,12,26,15.808,19.497
2091,12,27,18.133,18.631
2091,12,28,18.77,16.448
2091,12,29,17.417,15.986
2091,12,30,19.384,17.245
2091,12,31,19.174,17.644
2092,1,1,18.675,14.907
2092,1,2,18.006,15.677
2092,1,3,13.345,16.679
2092,1,4,15.259,17.65
2092,1,5,14.517,15.838
2092,1,6,10.89,17.166
2092,1,7,10.281,16.706
2092,1,8,9.438,16.555
2092,1,9,7.607,16.399
2092,1,10,9.143,17.648
2092,1,11,11.759,16.745
2092,1,12,10.684,14.843
2092,1,13,12.055,12.684
2092,1,14,15.77,15.994
2092,1,15,14.804,17.407
2092,1,16,16.074,19.421
2092,1,17,17.564,17.877
2092,1,18,13.376,17.703
2092,1,19,13.861,17.461
2092,1,20,8.664,17.289
2092,1,21,6.885,17.443
2092,1,22,7.291,15.317
2092,1,23,9.656,17.694
2092,1,24,12.031,16.532
2092,1,25,13.136,15.58
2092,1,26,10.749,16.612
2092,1,27,7.278,19.643
2092,1,28,11.401,19.312
2092,1,29,11.983,19.416
2092,1,30,11.838,18.71
2092,1,31,14.298,18.768
2092,2,1,16.602,21.591
2092,2,2,15.749,22.542
2092,2,3,17.208,20.885
2092,2,4,15.486,19.691
2092,2,5,10.352,19.142
2092,2,6,11.093,20.137
2092,2,7,11.422,20.251
2092,2,8,12.76,12.75
2092,2,9,11.549,15.28
2092,2,10,14.134,17.018
2092,2,11,13.75,17.196
2092,2,12,14.902,16.135
2092,2,13,19.098,18.837
2092,2,14,18.327,18.806
2092,2,15,17.633,20.742
2092,2,16,17.268,15.97
2092,2,17,18.028,12.114
2092,2,18,15.898,12.64
2092,2,19,12.99,11.984
2092,2,20,13.123,15.168
2092,2,21,12.307,15.08
2092,2,22,13.192,15.538
2092,2,23,16.246,16.947
2092,2,24,16.806,18.917
2092,2,25,16.635,20.89
2092,2,26,16.328,23.838
2092,2,27,14.46,26.455
2092,2,28,17.884,26.974
2092,2,29,19.452,27.311
2092,3,1,17.598,25.029
2092,3,2,14.956,19.797
2092,3,3,14.629,17.214
2092,3,4,16.683,18.185
2092,3,5,14.965,21.222
2092,3,6,12.09,22.099
2092,3,7,12.071,23.066
2092,3,8,10.216,21.116
2092,3,9,11.567,25.282
2092,3,10,9.99,25.451
2092,3,11,11.733,23.548
2092,3,12,13.109,22.792
2092,3,13,14.952,19.106
2092,3,14,14.196,19.84
2092,3,15,14.161,19.649
2092,3,16,14.739,19.387
2092,3,17,16.131,19.617
2092,3,18,17.858,16.899
2092,3,19,20.827,15.739
2092,3,20,24.14,18.384
2092,3,21,22.511,19.939
2092,3,22,19.27,19.608
2092,3,23,13.091,19.658
2092,3,24,11.95,20.576
2092,3,25,15.247,21.39
2092,3,26,13.95,22.028
2092,3,27,15.956,24.15
2092,3,28,15.806,24.349
2092,3,29,17.655,25.196
2092,3,30,17.531,24.643
2092,3,31,18.813,20.996
2092,4,1,19.432,16.179
2092,4,2,14.614,18.163
2092,4,3,9.404,20.484
2092,4,4,14.32,16.931
2092,4,5,18.101,15.081
2092,4,6,21.782,21.757
2092,4,7,24.593,24.045
2092,4,8,26.252,25.648
2092,4,9,26.168,24.984
2092,4,10,26.501,24.718
2092,4,11,25.078,21.901
2092,4,12,21.305,20.642
2092,4,13,16.53,22.456
2092,4,14,18.809,26.655
2092,4,15,22.834,25.853
2092,4,16,21.176,26.3
2092,4,17,14.92,20.554
2092,4,18,16.563,17.713
2092,4,19,20.205,20.022
2092,4,20,22.638,21.376
2092,4,21,17.572,24.632
2092,4,22,14.365,25.469
2092,4,23,16.758,24.428
2092,4,24,21.001,20.402
2092,4,25,23.711,20.258
2092,4,26,23.963,24.278
2092,4,27,26.552,24.416
2092,4,28,29.0,20.508
2092,4,29,31.921,16.355
2092,4,30,31.675,16.908
2092,5,1,32.039,19.851
2092,5,2,28.894,18.467
2092,5,3,28.173,21.535
2092,5,4,28.949,24.448
2092,5,5,26.578,27.864
2092,5,6,24.374,34.458
2092,5,7,26.672,31.299
2092,5,8,27.896,27.425
2092,5,9,28.451,24.126
2092,5,10,29.894,27.784
2092,5,11,33.765,29.568
2092,5,12,28.991,28.101
2092,5,13,27.214,25.58
2092,5,14,23.732,30.717
2092,5,15,25.642,32.521
2092,5,16,27.036,32.613
2092,5,17,29.983,33.372
2092,5,18,30.164,34.964
2092,5,19,30.787,33.076
2092,5,20,32.515,33.307
2092,5,21,35.712,34.189
2092,5,22,37.767,35.234
2092,5,23,37.578,35.004
2092,5,24,36.622,34.357
2092,5,25,34.146,36.156
2092,5,26,23.984,38.253
2092,5,27,20.747,37.798
2092,5,28,24.649,39.263
2092,5,29,30.897,40.586
2092,5,30,27.433,42.022
2092,5,31,22.18,39.596
2092,6,1,18.77,39.334
2092,6,2,18.986,40.126
2092,6,3,17.568,42.158
2092,6,4,17.005,43.444
2092,6,5,21.677,41.216
2092,6,6,23.526,39.007
2092,6,7,23.176,39.324
2092,6,8,22.388,37.266
2092,6,9,23.227,37.183
2092,6,10,24.292,39.198
2092,6,11,30.084,39.91
2092,6,12,31.464,37.774
2092,6,13,34.297,36.979
2092,6,14,32.91,35.985
2092,6,15,35.123,35.001
2092,6,16,37.478,34.694
2092,6,17,41.521,31.986
2092,6,18,42.541,30.34
2092,6,19,42.427,27.206
2092,6,20,41.372,29.07
2092,6,21,39.47,31.504
2092,6,22,39.103,36.889
2092,6,23,37.774,39.467
2092,6,24,39.431,38.691
2092,6,25,39.479,38.214
2092,6,26,36.313,38.549
2092,6,27,34.936,37.9
2092,6,28,35.696,37.088
2092,6,29,40.826,37.002
2092,6,30,40.358,36.739
2092,7,1,40.313,41.952
2092,7,2,39.862,44.334
2092,7,3,40.358,45.46
2092,7,4,42.08,47.83
2092,7,5,43.269,46.179
2092,7,6,41.081,45.666
2092,7,7,39.287,43.156
2092,7,8,40.384,42.211
2092,7,9,43.651,41.256
2092,7,10,43.568,39.948
2092,7,11,43.408,41.068
2092,7,12,43.042,40.598
2092,7,13,41.239,42.657
2092,7,14,40.649,42.985
2092,7,15,38.203,42.79
2092,7,16,38.604,42.209
2092,7,17,36.732,41.226
2092,7,18,38.853,40.099
2092,7,19,36.925,40.717
2092,7,20,39.987,41.304
2092,7,21,40.206,40.574
2092,7,22,36.643,41.427
2092,7,23,38.451,43.587
2092,7,24,40.713,43.554
2092,7,25,40.935,43.024
2092,7,26,40.333,42.382
2092,7,27,39.738,41.148
2092,7,28,40.482,38.74
2092,7,29,41.986,36.378
2092,7,30,43.552,35.6
2092,7,31,43.373,35.707
2092,8,1,41.813,35.96
2092,8,2,40.172,36.672
2092,8,3,36.347,38.123
2092,8,4,35.184,38.384
2092,8,5,35.136,33.82
2092,8,6,33.223,37.555
2092,8,7,33.549,41.077
2092,8,8,35.593,42.552
2092,8,9,34.25,43.613
2092,8,10,33.709,43.728
2092,8,11,36.648,42.725
2092,8,12,34.108,41.585
2092,8,13,34.804,43.184
2092,8,14,38.199,44.045
2092,8,15,40.783,43.749
2092,8,16,42.543,43.809
2092,8,17,43.84,45.379
2092,8,18,43.46,45.291
2092,8,19,40.243,44.677
2092,8,20,36.36,42.181
2092,8,21,37.299,42.638
2092,8,22,38.318,43.57
2092,8,23,34.425,41.841
2092,8,24,32.378,41.101
2092,8,25,32.725,39.962
2092,8,26,31.912,37.943
2092,8,27,34.045,36.952
2092,8,28,33.503,33.499
2092,8,29,36.221,31.375
2092,8,30,38.837,31.759
2092,8,31,39.737,34.136
2092,9,1,40.1,36.426
2092,9,2,42.689,36.75
2092,9,3,41.851,38.621
2092,9,4,43.105,41.409
2092,9,5,42.345,42.074
2092,9,6,43.17,41.015
2092,9,7,43.04,41.539
2092,9,8,41.375,39.72
2092,9,9,34.072,38.883
2092,9,10,34.356,41.028
2092,9,11,34.011,42.864
2092,9,12,34.478,43.367
2092,9,13,30.996,40.644
2092,9,14,30.534,38.378
2092,9,15,28.042,37.214
2092,9,16,27.337,36.357
2092,9,17,32.521,29.08
2092,9,18,35.117,29.058
2092,9,19,28.739,31.763
2092,9,20,28.375,31.447
2092,9,21,29.385,31.647
2092,9,22,27.597,32.236
2092,9,23,29.866,30.764
2092,9,24,30.825,27.602
2092,9,25,32.465,25.411
2092,9,26,36.501,22.268
2092,9,27,37.36,26.102
2092,9,28,37.354,27.487
2092,9,29,37.85,26.12
2092,9,30,36.646,27.078
2092,10,1,36.532,21.44
2092,10,2,36.649,28.876
2092,10,3,35.912,31.564
2092,10,4,31.875,34.022
2092,10,5,31.289,29.727
2092,10,6,27.717,32.915
2092,10,7,33.083,37.053
2092,10,8,32.608,39.425
2092,10,9,33.235,39.099
2092,10,10,34.415,35.053
2092,10,11,37.111,38.026
2092,10,12,35.559,32.219
2092,10,13,33.96,32.112
2092,10,14,29.026,28.383
2092,10,15,29.121,29.697
2092,10,16,30.576,29.569
2092,10,17,27.073,31.595
2092,10,18,21.824,30.164
2092,10,19,24.837,31.979
2092,10,20,26.801,34.19
2092,10,21,26.758,31.205
2092,10,22,24.201,23.278
2092,10,23,22.599,24.834
2092,10,24,21.952,28.815
2092,10,25,21.53,24.95
2092,10,26,18.802,21.636
2092,10,27,18.536,19.254
2092,10,28,19.522,19.716
2092,10,29,21.4,23.2
2092,10,30,21.101,23.878
2092,10,31,17.942,18.693
2092,11,1,18.063,19.736
2092,11,2,17.528,17.373
2092,11,3,16.875,19.722
2092,11,4,18.216,22.212
2092,11,5,20.775,22.814
2092,11,6,21.743,23.117
2092,11,7,20.797,21.953
2092,11,8,22.334,20.005
2092,11,9,22.017,21.788
2092,11,10,22.595,22.638
2092,11,11,21.885,24.625
2092,11,12,16.585,24.144
2092,11,13,14.1,25.224
2092,11,14,19.158,25.336
2092,11,15,18.7,22.83
2092,11,16,15.941,22.416
2092,11,17,13.728,21.477
2092,11,18,14.142,23.275
2092,11,19,15.43,24.264
2092,11,20,14.879,23.979
2092,11,21,12.834,25.865
2092,11,22,10.597,22.376
2092,11,23,13.866,20.622
2092,11,24,13.983,16.521
2092,11,25,15.093,14.352
2092,11,26,14.436,15.026
2092,11,27,13.914,15.446
2092,11,28,15.193,17.769
2092,11,29,17.507,16.519
2092,11,30,18.224,15.218
2092,12,1,15.025,15.116
2092,12,2,17.33,14.788
2092,12,3,16.969,12.222
2092,12,4,20.849,16.866
2092,12,5,20.231,16.992
2092,12,6,20.563,16.186
2092,12,7,19.779,20.029
2092,12,8,21.433,19.084
2092,12,9,21.539,19.413
2092,12,10,21.23,17.525
2092,12,11,19.691,16.234
2092,12,12,20.329,16.336
2092,12,13,19.349,18.45
2092,12,14,20.763,17.954
2092,12,15,19.138,18.407
2092,12,16,18.104,17.725
2092,12,17,18.678,17.35
2092,12,18,18.577,16.624
2092,12,19,18.962,14.938
2092,12,20,19.653,18.742
2092,12,21,20.605,16.832
2092,12,22,18.716,18.74
2092,12,23,16.178,20.114
2092,12,24,17.217,21.668
2092,12,25,16.73,23.328
2092,12,26,18.36,22.685
2092,12,27,16.113,20.603
2092,12,28,17.513,21.05
2092,12,29,18.33,20.233
2092,12,30,18.197,19.691
2092,12,31,15.232,19.795
2093,1,1,15.095,17.672
2093,1,2,12.035,18.509
2093,1,3,12.33,19.886
2093,1,4,14.966,17.386
2093,1,5,15.964,19.185
2093,1,6,13.29,18.491
2093,1,7,13.99,19.03
2093,1,8,13.934,17.581
2093,1,9,12.386,18.009
2093,1,10,12.379,18.04
2093,1,11,10.845,19.45
2093,1,12,10.673,17.284
2093,1,13,10.798,21.987
2093,1,14,11.858,17.295
2093,1,15,11.912,16.328
2093,1,16,11.242,16.948
2093,1,17,12.778,17.327
2093,1,18,12.046,16.867
2093,1,19,11.028,18.01
2093,1,20,11.16,18.042
2093,1,21,15.241,17.306
2093,1,22,14.579,14.113
2093,1,23,14.37,14.066
2093,1,24,14.966,14.184
2093,1,25,14.83,16.011
2093,1,26,14.749,16.031
2093,1,27,12.065,16.383
2093,1,28,11.045,19.9
2093,1,29,14.147,19.275
2093,1,30,10.462,19.127
2093,1,31,11.467,19.382
2093,2,1,12.701,21.977
2093,2,2,12.521,23.046
2093,2,3,18.458,23.833
2093,2,4,19.715,24.037
2093,2,5,17.566,22.211
2093,2,6,17.398,21.38
2093,2,7,16.598,21.816
2093,2,8,17.519,22.111
2093,2,9,18.712,19.01
2093,2,10,18.284,20.027
2093,2,11,17.635,22.628
2093,2,12,14.256,15.873
2093,2,13,15.857,16.903
2093,2,14,16.737,15.887
2093,2,15,17.632,14.62
2093,2,16,19.011,15.777
2093,2,17,17.914,17.19
2093,2,18,16.678,14.864
2093,2,19,17.197,14.047
2093,2,20,23.065,19.401
2093,2,21,25.94,19.846
2093,2,22,21.52,22.514
2093,2,23,20.64,24.402
2093,2,24,14.335,24.844
2093,2,25,12.593,23.402
2093,2,26,16.1,20.918
2093,2,27,21.014,18.905
2093,2,28,22.244,23.336
2093,3,1,20.855,24.605
2093,3,2,22.799,27.166
2093,3,3,20.185,25.639
2093,3,4,22.31,21.233
2093,3,5,23.027,18.617
2093,3,6,23.568,16.623
2093,3,7,25.409,16.612
2093,3,8,24.695,16.777
2093,3,9,22.114,14.929
2093,3,10,20.982,15.973
2093,3,11,17.171,18.35
2093,3,12,19.981,21.828
2093,3,13,22.248,19.796
2093,3,14,25.867,22.11
2093,3,15,26.369,19.295
2093,3,16,24.269,18.888
2093,3,17,20.301,20.203
2093,3,18,16.226,20.976
2093,3,19,14.55,22.857
2093,3,20,12.051,23.387
2093,3,21,15.789,23.258
2093,3,22,18.398,19.36
2093,3,23,22.675,19.203
2093,3,24,26.457,18.516
2093,3,25,24.445,18.432
2093,3,26,21.189,17.027
2093,3,27,21.695,19.512
2093,3,28,19.862,18.915
2093,3,29,16.383,18.055
2093,3,30,14.873,24.069
2093,3,31,13.779,27.499
2093,4,1,12.445,23.531
2093,4,2,12.153,20.744
2093,4,3,15.273,22.267
2093,4,4,15.385,19.959
2093,4,5,14.322,18.209
2093,4,6,16.096,17.813
2093,4,7,14.371,17.054
2093,4,8,19.146,15.995
2093,4,9,24.359,17.127
2093,4,10,26.68,18.969
2093,4,11,25.447,22.085
2093,4,12,24.738,21.021
2093,4,13,24.289,15.572
2093,4,14,20.941,14.249
2093,4,15,21.769,16.816
2093,4,16,23.269,19.192
2093,4,17,19.34,18.694
2093,4,18,20.729,19.778
2093,4,19,27.159,22.06
2093,4,20,30.455,21.567
2093,4,21,30.354,20.661
2093,4,22,26.815,23.901
2093,4,23,17.965,25.896
2093,4,24,21.458,26.381
2093,4,25,21.69,22.932
2093,4,26,23.416,21.787
2093,4,27,26.404,21.171
2093,4,28,29.036,24.094
2093,4,29,30.554,24.254
2093,4,30,32.149,25.517
2093,5,1,32.079,26.77
2093,5,2,31.454,29.913
2093,5,3,31.553,31.964
2093,5,4,29.893,32.643
2093,5,5,26.224,31.756
2093,5,6,23.925,36.216
2093,5,7,25.122,34.34
2093,5,8,28.703,33.387
2093,5,9,33.033,34.256
2093,5,10,34.13,34.205
2093,5,11,35.317,32.383
2093,5,12,30.694,31.42
2093,5,13,25.827,27.503
2093,5,14,31.479,25.119
2093,5,15,37.742,25.349
2093,5,16,36.289,23.624
2093,5,17,31.754,26.473
2093,5,18,24.619,28.652
2093,5,19,27.198,30.16
2093,5,20,23.185,34.32
2093,5,21,27.662,35.725
2093,5,22,26.874,32.091
2093,5,23,23.79,24.518
2093,5,24,18.527,30.355
2093,5,25,20.947,30.618
2093,5,26,25.13,32.896
2093,5,27,25.638,31.736
2093,5,28,25.108,31.306
2093,5,29,23.652,32.963
2093,5,30,26.544,37.508
2093,5,31,29.342,40.416
2093,6,1,27.375,42.671
2093,6,2,26.293,43.122
2093,6,3,32.61,43.116
2093,6,4,35.933,38.637
2093,6,5,33.493,39.118
2093,6,6,32.805,38.179
2093,6,7,35.937,38.227
2093,6,8,39.72,40.58
2093,6,9,41.473,39.885
2093,6,10,41.287,40.864
2093,6,11,41.13,36.256
2093,6,12,43.446,39.312
2093,6,13,47.301,43.324
2093,6,14,44.331,43.923
2093,6,15,38.829,43.399
2093,6,16,29.591,41.478
2093,6,17,33.172,41.481
2093,6,18,31.174,41.165
2093,6,19,33.119,41.765
2093,6,20,34.75,44.742
2093,6,21,33.918,44.369
2093,6,22,37.533,44.28
2093,6,23,40.767,43.846
2093,6,24,40.912,40.925
2093,6,25,41.32,41.101
2093,6,26,39.269,41.118
2093,6,27,36.649,40.416
2093,6,28,35.016,39.072
2093,6,29,38.819,40.48
2093,6,30,38.578,39.989
2093,7,1,41.979,39.738
2093,7,2,40.215,36.306
2093,7,3,44.058,38.069
2093,7,4,44.432,35.963
2093,7,5,42.294,35.82
2093,7,6,40.174,36.64
2093,7,7,40.852,37.417
2093,7,8,40.147,38.883
2093,7,9,37.457,37.903
2093,7,10,34.352,40.411
2093,7,11,35.673,38.027
2093,7,12,35.741,40.216
2093,7,13,35.689,41.875
2093,7,14,36.268,42.436
2093,7,15,36.394,44.967
2093,7,16,38.592,45.822
2093,7,17,40.026,44.956
2093,7,18,41.169,45.059
2093,7,19,44.11,45.899
2093,7,20,44.12,44.57
2093,7,21,43.325,40.095
2093,7,22,40.317,39.079
2093,7,23,39.878,36.039
2093,7,24,40.175,34.819
2093,7,25,42.234,33.85
2093,7,26,41.851,33.249
2093,7,27,43.359,29.873
2093,7,28,42.409,28.088
2093,7,29,40.826,28.704
2093,7,30,40.163,28.752
2093,7,31,41.37,27.157
2093,8,1,40.74,31.78
2093,8,2,40.504,36.721
2093,8,3,39.356,35.139
2093,8,4,37.047,41.085
2093,8,5,35.977,44.48
2093,8,6,37.03,42.519
2093,8,7,39.855,38.636
2093,8,8,39.982,37.841
2093,8,9,39.693,39.672
2093,8,10,42.099,40.697
2093,8,11,42.965,41.787
2093,8,12,42.109,42.228
2093,8,13,40.167,41.455
2093,8,14,38.993,37.564
2093,8,15,33.437,35.132
2093,8,16,31.669,34.945
2093,8,17,29.731,34.704
2093,8,18,33.983,34.419
2093,8,19,31.312,33.314
2093,8,20,33.374,33.87
2093,8,21,34.133,35.099
2093,8,22,31.803,37.826
2093,8,23,32.606,37.913
2093,8,24,33.546,41.638
2093,8,25,35.1,44.352
2093,8,26,38.755,45.735
2093,8,27,39.391,43.201
2093,8,28,39.853,42.001
2093,8,29,36.798,37.206
2093,8,30,33.415,37.384
2093,8,31,33.429,38.385
2093,9,1,30.267,38.075
2093,9,2,33.336,35.139
2093,9,3,35.028,35.407
2093,9,4,37.166,37.901
2093,9,5,35.008,35.104
2093,9,6,33.732,37.68
2093,9,7,30.222,39.305
2093,9,8,30.816,39.357
2093,9,9,29.894,38.979
2093,9,10,30.147,37.568
2093,9,11,32.86,36.502
2093,9,12,35.449,37.465
2093,9,13,33.778,40.787
2093,9,14,35.013,41.038
2093,9,15,35.754,41.23
2093,9,16,35.657,40.465
2093,9,17,34.915,40.326
2093,9,18,33.198,41.801
2093,9,19,33.296,41.71
2093,9,20,34.973,39.852
2093,9,21,38.037,41.204
2093,9,22,37.618,40.121
2093,9,23,31.068,40.514
2093,9,24,28.19,38.194
2093,9,25,27.441,35.543
2093,9,26,28.739,34.23
2093,9,27,31.018,35.508
2093,9,28,33.911,32.584
2093,9,29,35.475,31.855
2093,9,30,34.648,33.013
2093,10,1,28.309,32.288
2093,10,2,29.195,35.085
2093,10,3,30.968,34.143
2093,10,4,28.95,34.033
2093,10,5,24.372,32.926
2093,10,6,23.384,36.097
2093,10,7,26.223,34.618
2093,10,8,26.198,34.092
2093,10,9,30.154,34.328
2093,10,10,31.745,32.847
2093,10,11,31.754,31.942
2093,10,12,26.062,24.373
2093,10,13,18.149,26.682
2093,10,14,17.525,28.384
2093,10,15,21.844,28.329
2093,10,16,23.131,28.509
2093,10,17,24.835,29.43
2093,10,18,22.327,25.274
2093,10,19,20.153,22.418
2093,10,20,22.094,21.442
2093,10,21,22.743,24.345
2093,10,22,22.871,24.439
2093,10,23,20.505,24.505
2093,10,24,22.645,26.589
2093,10,25,23.087,26.015
2093,10,26,25.117,23.962
2093,10,27,28.147,24.22
2093,10,28,28.288,25.68
2093,10,29,27.702,30.744
2093,10,30,27.559,28.038
2093,10,31,21.428,28.911
2093,11,1,15.113,28.887
2093,11,2,14.479,27.417
2093,11,3,15.601,32.004
2093,11,4,14.219,29.421
2093,11,5,19.294,29.319
2093,11,6,17.835,29.269
2093,11,7,18.276,28.174
2093,11,8,18.22,26.102
2093,11,9,19.053,25.061
2093,11,10,20.299,25.667
2093,11,11,20.933,26.175
2093,11,12,22.325,25.726
2093,11,13,24.185,25.913
2093,11,14,23.951,22.408
2093,11,15,22.775,19.837
2093,11,16,18.933,16.582
2093,11,17,20.809,17.944
2093,11,18,18.415,17.184
2093,11,19,22.217,17.678
2093,11,20,22.055,18.448
2093,11,21,18.333,18.61
2093,11,22,17.285,21.969
2093,11,23,17.612,23.757
2093,11,24,13.791,24.019
2093,11,25,12.971,22.248
2093,11,26,13.67,21.234
2093,11,27,13.73,15.074
2093,11,28,13.391,20.205
2093,11,29,15.058,18.26
2093,11,30,13.978,18.679
2093,12,1,15.56,17.662
2093,12,2,19.125,19.45
2093,12,3,16.492,19.487
2093,12,4,17.471,16.995
2093,12,5,17.749,16.252
2093,12,6,18.841,14.364
2093,12,7,18.449,17.262
2093,12,8,18.846,18.745
2093,12,9,20.573,15.836
2093,12,10,24.073,15.016
2093,12,11,21.39,17.345
2093,12,12,18.896,21.946
2093,12,13,17.601,21.245
2093,12,14,18.648,20.315
2093,12,15,19.003,17.435
2093,12,16,19.998,16.007
2093,12,17,19.714,17.915
2093,12,18,14.993,18.717
2093,12,19,13.824,15.109
2093,12,20,15.739,11.97
2093,12,21,15.418,13.728
2093,12,22,16.968,16.472
2093,12,23,15.404,13.071
2093,12,24,15.686,14.742
2093,12,25,18.72,16.16
2093,12,26,19.479,11.705
2093,12,27,15.125,13.424
2093,12,28,15.677,14.662
2093,12,29,17.224,13.528
2093,12,30,15.229,16.422
2093,12,31,13.375,18.014
2094,1,1,12.668,16.869
2094,1,2,14.741,17.196
2094,1,3,16.353,19.482
2094,1,4,13.496,17.746
2094,1,5,11.453,18.503
2094,1,6,13.951,14.536
2094,1,7,13.647,15.104
2094,1,8,14.298,14.995
2094,1,9,15.422,13.143
2094,1,10,15.428,14.103
2094,1,11,14.598,13.62
2094,1,12,14.699,13.55
2094,1,13,17.529,13.272
2094,1,14,18.285,15.449
2094,1,15,19.344,15.905
2094,1,16,20.246,15.827
2094,1,17,16.988,14.884
2094,1,18,18.65,11.714
2094,1,19,19.896,13.723
2094,1,20,14.131,14.575
2094,1,21,14.181,14.087
2094,1,22,16.69,13.939
2094,1,23,16.345,13.231
2094,1,24,11.16,12.906
2094,1,25,11.993,13.772
2094,1,26,11.445,12.202
2094,1,27,11.835,11.496
2094,1,28,10.619,10.587
2094,1,29,10.824,15.421
2094,1,30,10.943,16.115
2094,1,31,11.332,15.888
2094,2,1,12.864,19.104
2094,2,2,10.898,19.621
2094,2,3,11.992,17.346
2094,2,4,12.383,17.213
2094,2,5,15.288,16.893
2094,2,6,16.879,16.637
2094,2,7,19.862,17.258
2094,2,8,21.798,17.473
2094,2,9,20.759,18.527
2094,2,10,23.105,18.097
2094,2,11,22.22,17.264
2094,2,12,21.336,18.066
2094,2,13,18.011,17.856
2094,2,14,16.555,22.713
2094,2,15,15.382,23.348
2094,2,16,13.689,23.847
2094,2,17,14.08,24.603
2094,2,18,17.666,25.595
2094,2,19,19.868,27.305
2094,2,20,17.348,26.565
2094,2,21,13.004,21.919
2094,2,22,13.783,21.355
2094,2,23,18.771,18.129
2094,2,24,19.731,21.538
2094,2,25,25.266,23.205
2094,2,26,21.8,22.272
2094,2,27,13.711,20.812
2094,2,28,13.412,19.508
2094,3,1,19.418,24.135
2094,3,2,21.881,19.788
2094,3,3,22.174,17.886
2094,3,4,22.838,15.518
2094,3,5,22.006,15.119
2094,3,6,19.752,18.502
2094,3,7,19.955,17.04
2094,3,8,19.215,15.13
2094,3,9,19.506,15.307
2094,3,10,22.729,19.702
2094,3,11,21.622,23.268
2094,3,12,18.69,22.243
2094,3,13,16.243,17.261
2094,3,14,12.598,17.365
2094,3,15,13.232,19.485
2094,3,16,15.973,19.535
2094,3,17,16.373,15.509
2094,3,18,18.886,18.45
2094,3,19,18.627,16.195
2094,3,20,22.388,15.33
2094,3,21,24.457,16.088
2094,3,22,25.433,18.151
2094,3,23,26.323,20.145
2094,3,24,23.966,18.702
2094,3,25,20.707,23.159
2094,3,26,14.111,24.239
2094,3,27,15.117,24.771
2094,3,28,17.522,25.58
2094,3,29,16.505,24.255
2094,3,30,15.899,28.735
2094,3,31,12.136,28.823
2094,4,1,10.261,26.49
2094,4,2,12.66,24.939
2094,4,3,19.758,23.364
2094,4,4,25.56,25.405
2094,4,5,25.768,26.902
2094,4,6,25.114,23.393
2094,4,7,26.906,18.397
2094,4,8,26.759,23.108
2094,4,9,28.612,24.159
2094,4,10,30.702,26.438
2094,4,11,25.608,24.785
2094,4,12,20.411,23.578
2094,4,13,18.317,25.138
2094,4,14,15.545,29.076
2094,4,15,18.61,28.706
2094,4,16,22.758,27.83
2094,4,17,22.089,24.473
2094,4,18,23.727,26.865
2094,4,19,22.866,31.901
2094,4,20,21.523,31.948
2094,4,21,21.253,31.418
2094,4,22,22.441,33.615
2094,4,23,21.271,31.937
2094,4,24,22.055,24.125
2094,4,25,16.317,20.599
2094,4,26,14.849,19.429
2094,4,27,15.686,17.793
2094,4,28,21.233,13.874
2094,4,29,25.214,9.754
2094,4,30,26.697,16.658
2094,5,1,28.047,19.591
2094,5,2,24.884,22.531
2094,5,3,21.915,18.985
2094,5,4,24.745,16.849
2094,5,5,28.106,21.37
2094,5,6,29.991,20.563
2094,5,7,31.543,17.081
2094,5,8,29.856,15.632
2094,5,9,29.843,21.07
2094,5,10,26.611,23.467
2094,5,11,28.967,26.35
2094,5,12,33.108,29.005
2094,5,13,33.465,32.706
2094,5,14,30.242,30.937
2094,5,15,27.242,32.878
2094,5,16,26.834,30.899
2094,5,17,28.814,27.949
2094,5,18,30.656,28.456
2094,5,19,31.086,27.596
2094,5,20,35.926,25.863
2094,5,21,34.313,26.494
2094,5,22,33.386,29.058
2094,5,23,35.815,33.644
2094,5,24,35.723,36.077
2094,5,25,34.369,36.698
2094,5,26,33.096,37.811
2094,5,27,33.881,39.423
2094,5,28,35.525,38.742
2094,5,29,34.86,32.562
2094,5,30,34.968,32.066
2094,5,31,30.167,35.549
2094,6,1,31.453,38.144
2094,6,2,34.309,36.115
2094,6,3,35.791,33.243
2094,6,4,36.178,31.876
2094,6,5,38.974,32.858
2094,6,6,36.961,38.703
2094,6,7,37.238,40.553
2094,6,8,37.79,40.199
2094,6,9,38.746,37.184
2094,6,10,38.295,36.537
2094,6,11,37.923,35.987
2094,6,12,35.461,35.742
2094,6,13,34.893,35.092
2094,6,14,30.951,34.165
2094,6,15,32.087,35.209
2094,6,16,34.826,35.001
2094,6,17,38.917,33.739
2094,6,18,34.993,34.224
2094,6,19,36.359,37.565
2094,6,20,31.686,41.493
2094,6,21,32.006,41.237
2094,6,22,31.232,42.509
2094,6,23,33.923,41.646
2094,6,24,35.425,40.482
2094,6,25,36.046,38.19
2094,6,26,34.389,38.33
2094,6,27,32.872,38.472
2094,6,28,31.884,40.155
2094,6,29,33.979,42.213
2094,6,30,35.479,39.927
2094,7,1,35.555,37.553
2094,7,2,37.957,36.06
2094,7,3,39.952,35.589
2094,7,4,38.423,36.72
2094,7,5,36.896,35.428
2094,7,6,36.321,36.43
2094,7,7,33.99,37.796
2094,7,8,34.005,37.665
2094,7,9,31.506,37.261
2094,7,10,31.732,38.212
2094,7,11,35.23,39.223
2094,7,12,36.077,39.232
2094,7,13,36.364,40.397
2094,7,14,35.494,42.223
2094,7,15,34.301,41.61
2094,7,16,35.476,40.548
2094,7,17,35.187,40.079
2094,7,18,38.249,40.587
2094,7,19,40.283,36.559
2094,7,20,43.011,38.493
2094,7,21,41.637,36.801
2094,7,22,42.802,35.903
2094,7,23,42.387,37.23
2094,7,24,40.704,37.066
2094,7,25,37.624,37.2
2094,7,26,39.909,38.84
2094,7,27,39.476,35.064
2094,7,28,42.984,39.301
2094,7,29,39.624,37.41
2094,7,30,40.705,37.029
2094,7,31,40.841,36.524
2094,8,1,40.745,37.4
2094,8,2,39.0,36.666
2094,8,3,36.553,39.647
2094,8,4,34.671,42.266
2094,8,5,36.788,43.551
2094,8,6,35.253,45.845
2094,8,7,34.377,46.492
2094,8,8,33.712,46.51
2094,8,9,34.139,42.35
2094,8,10,32.707,41.871
2094,8,11,30.034,43.017
2094,8,12,30.789,39.865
2094,8,13,32.69,39.922
2094,8,14,32.27,39.489
2094,8,15,35.097,39.751
2094,8,16,38.362,39.286
2094,8,17,35.923,39.012
2094,8,18,34.578,38.081
2094,8,19,28.879,38.049
2094,8,20,25.805,40.396
2094,8,21,27.961,40.336
2094,8,22,30.393,40.25
2094,8,23,32.356,40.511
2094,8,24,35.579,37.794
2094,8,25,35.614,36.69
2094,8,26,35.455,38.762
2094,8,27,33.931,39.204
2094,8,28,33.462,40.0
2094,8,29,34.436,40.113
2094,8,30,34.051,38.334
2094,8,31,32.802,40.585
2094,9,1,34.501,40.326
2094,9,2,35.697,37.832
2094,9,3,35.051,35.991
2094,9,4,36.178,36.854
2094,9,5,37.318,36.319
2094,9,6,35.717,35.997
2094,9,7,35.267,36.357
2094,9,8,32.249,37.489
2094,9,9,31.011,37.274
2094,9,10,32.321,37.561
2094,9,11,34.632,35.485
2094,9,12,34.802,34.008
2094,9,13,32.263,32.251
2094,9,14,30.235,32.492
2094,9,15,31.46,33.363
2094,9,16,33.887,31.736
2094,9,17,34.77,32.986
2094,9,18,35.186,32.175
2094,9,19,37.533,36.004
2094,9,20,36.554,36.731
2094,9,21,39.017,38.256
2094,9,22,40.035,38.326
2094,9,23,38.371,38.215
2094,9,24,38.052,39.657
2094,9,25,38.072,39.335
2094,9,26,35.363,37.9
2094,9,27,33.935,37.156
2094,9,28,32.352,37.388
2094,9,29,29.314,36.172
2094,9,30,33.467,40.026
2094,10,1,33.93,41.742
2094,10,2,35.15,41.467
2094,10,3,35.698,40.146
2094,10,4,37.74,40.6
2094,10,5,38.055,40.23
2094,10,6,37.829,39.615
2094,10,7,36.782,39.35
2094,10,8,35.31,38.107
2094,10,9,34.935,36.199
2094,10,10,35.445,35.927
2094,10,11,36.158,35.961
2094,10,12,36.514,33.378
2094,10,13,34.313,32.013
2094,10,14,33.622,27.57
2094,10,15,33.402,27.776
2094,10,16,33.197,26.757
2094,10,17,28.309,23.326
2094,10,18,29.749,21.667
2094,10,19,29.597,23.46
2094,10,20,31.754,26.336
2094,10,21,34.179,28.838
2094,10,22,33.483,27.707
2094,10,23,32.051,27.89
2094,10,24,25.724,32.813
2094,10,25,27.613,30.051
2094,10,26,30.804,25.281
2094,10,27,30.157,29.877
2094,10,28,30.748,31.883
2094,10,29,30.998,31.741
2094,10,30,21.644,27.904
2094,10,31,19.402,23.286
2094,11,1,18.597,22.193
2094,11,2,18.572,21.759
2094,11,3,17.717,23.602
2094,11,4,19.892,24.152
2094,11,5,20.104,24.462
2094,11,6,18.482,23.56
2094,11,7,13.558,23.07
2094,11,8,15.647,23.239
2094,11,9,16.696,24.628
2094,11,10,18.778,24.397
2094,11,11,20.074,23.454
2094,11,12,19.836,21.218
2094,11,13,20.678,19.322
2094,11,14,18.731,20.251
2094,11,15,15.637,18.996
2094,11,16,19.729,17.772
2094,11,17,22.178,18.902
2094,11,18,22.787,17.89
2094,11,19,21.948,17.651
2094,11,20,17.421,15.185
2094,11,21,18.615,16.208
2094,11,22,19.009,17.333
2094,11,23,18.927,16.493
2094,11,24,17.503,16.202
2094,11,25,15.843,16.531
2094,11,26,18.137,19.721
2094,11,27,14.993,19.065
2094,11,28,14.127,18.859
2094,11,29,14.805,17.053
2094,11,30,12.802,16.865
2094,12,1,8.712,16.021
2094,12,2,9.897,19.087
2094,12,3,8.937,18.929
2094,12,4,11.182,18.328
2094,12,5,13.568,17.944
2094,12,6,12.818,19.511
2094,12,7,12.759,20.58
2094,12,8,17.44,19.662
2094,12,9,18.228,21.319
2094,12,10,18.424,18.727
2094,12,11,16.466,19.215
2094,12,12,15.46,18.247
2094,12,13,11.481,19.092
2094,12,14,11.699,19.319
2094,12,15,17.619,18.119
2094,12,16,17.172,18.408
2094,12,17,17.325,16.7
2094,12,18,17.977,13.976
2094,12,19,14.895,14.97
2094,12,20,21.196,14.984
2094,12,21,18.738,12.219
2094,12,22,15.007,17.187
2094,12,23,14.43,15.386
2094,12,24,16.352,15.273
2094,12,25,17.269,17.262
2094,12,26,18.216,15.625
2094,12,27,19.208,19.133
2094,12,28,16.814,18.421
2094,12,29,22.054,17.265
2094,12,30,21.402,16.178
2094,12,31,21.226,18.772
2095,1,1,19.903,16.591
2095,1,2,15.564,18.431
2095,1,3,15.729,20.227
2095,1,4,15.569,18.917
2095,1,5,16.996,20.082
2095,1,6,16.634,17.694
2095,1,7,15.517,19.888
2095,1,8,15.599,16.32
2095,1,9,16.648,18.084
2095,1,10,17.98,19.114
2095,1,11,15.852,16.736
2095,1,12,14.804,16.138
2095,1,13,13.445,15.771
2095,1,14,12.206,16.043
2095,1,15,11.703,19.646
2095,1,16,12.427,19.873
2095,1,17,15.039,21.83
2095,1,18,14.724,22.996
2095,1,19,16.591,23.7
2095,1,20,13.907,21.623
2095,1,21,14.382,20.051
2095,1,22,11.619,16.502
2095,1,23,13.86,18.17
2095,1,24,12.327,17.281
2095,1,25,14.985,19.973
2095,1,26,14.211,20.071
2095,1,27,14.676,20.674
2095,1,28,16.805,22.229
2095,1,29,17.733,21.817
2095,1,30,17.508,22.778
2095,1,31,15.296,22.589
2095,2,1,13.862,23.509
2095,2,2,13.116,22.819
2095,2,3,15.561,22.759
2095,2,4,15.509,21.003
2095,2,5,15.348,18.899
2095,2,6,11.351,15.744
2095,2,7,11.132,17.873
2095,2,8,11.589,17.338
2095,2,9,13.409,18.869
2095,2,10,12.331,18.925
2095,2,11,13.519,21.416
2095,2,12,14.217,19.345
2095,2,13,11.918,19.838
2095,2,14,10.911,21.105
2095,2,15,13.614,22.458
2095,2,16,14.956,22.406
2095,2,17,16.737,21.224
2095,2,18,17.922,19.825
2095,2,19,19.638,18.018
2095,2,20,19.597,14.13
2095,2,21,20.963,16.547
2095,2,22,17.807,19.379
2095,2,23,16.428,20.529
2095,2,24,17.677,21.919
2095,2,25,18.852,22.365
2095,2,26,18.065,24.152
2095,2,27,21.872,24.657
2095,2,28,21.635,25.731
2095,3,1,22.208,23.494
2095,3,2,22.097,21.17
2095,3,3,18.847,22.458
2095,3,4,14.613,22.942
2095,3,5,17.311,23.15
2095,3,6,23.487,22.614
2095,3,7,22.467,26.079
2095,3,8,23.342,24.459
2095,3,9,20.819,21.18
2095,3,10,21.398,18.233
2095,3,11,23.941,22.407
2095,3,12,20.936,26.223
2095,3,13,20.179,26.12
2095,3,14,22.979,23.944
2095,3,15,20.313,17.309
2095,3,16,20.319,14.843
2095,3,17,22.261,19.322
2095,3,18,22.477,20.497
2095,3,19,22.215,22.311
2095,3,20,18.578,23.897
2095,3,21,17.573,26.024
2095,3,22,18.148,28.703
2095,3,23,18.688,30.28
2095,3,24,16.109,30.629
2095,3,25,13.673,30.016
2095,3,26,10.477,26.552
2095,3,27,16.677,28.059
2095,3,28,17.305,26.559
2095,3,29,21.135,26.263
2095,3,30,22.201,25.339
2095,3,31,18.806,21.481
2095,4,1,17.986,16.246
2095,4,2,19.624,21.18
2095,4,3,21.888,24.894
2095,4,4,21.624,25.597
2095,4,5,21.403,29.199
2095,4,6,17.204,26.528
2095,4,7,14.398,23.477
2095,4,8,18.542,17.232
2095,4,9,21.578,15.405
2095,4,10,21.734,20.949
2095,4,11,15.49,19.432
2095,4,12,16.138,20.634
2095,4,13,13.816,15.944
2095,4,14,15.213,19.592
2095,4,15,20.33,22.278
2095,4,16,17.977,21.66
2095,4,17,13.215,19.486
2095,4,18,15.059,18.367
2095,4,19,19.777,20.862
2095,4,20,17.16,21.351
2095,4,21,12.437,26.799
2095,4,22,7.582,28.901
2095,4,23,16.586,27.093
2095,4,24,20.894,24.772
2095,4,25,21.447,27.893
2095,4,26,20.86,27.362
2095,4,27,21.001,30.368
2095,4,28,21.15,30.2
2095,4,29,25.563,25.267
2095,4,30,30.352,24.569
2095,5,1,31.263,30.207
2095,5,2,26.803,35.353
2095,5,3,20.285,36.382
2095,5,4,22.498,38.139
2095,5,5,19.772,37.233
2095,5,6,17.313,36.401
2095,5,7,11.091,36.178
2095,5,8,11.577,37.681
2095,5,9,13.447,35.483
2095,5,10,18.957,38.16
2095,5,11,23.306,38.701
2095,5,12,24.469,38.99
2095,5,13,21.388,37.353
2095,5,14,23.098,33.65
2095,5,15,27.744,33.77
2095,5,16,27.403,32.954
2095,5,17,25.769,35.274
2095,5,18,22.333,35.225
2095,5,19,28.19,36.763
2095,5,20,32.415,37.059
2095,5,21,34.142,36.916
2095,5,22,34.512,33.192
2095,5,23,36.122,30.854
2095,5,24,37.93,29.653
2095,5,25,37.259,33.812
2095,5,26,37.163,39.324
2095,5,27,35.596,39.357
2095,5,28,36.46,36.372
2095,5,29,38.786,36.809
2095,5,30,40.13,40.337
2095,5,31,37.045,40.003
2095,6,1,31.884,40.288
2095,6,2,36.283,38.15
2095,6,3,36.736,36.33
2095,6,4,35.123,32.08
2095,6,5,33.702,33.805
2095,6,6,29.509,36.776
2095,6,7,31.165,39.233
2095,6,8,33.547,39.848
2095,6,9,34.067,37.743
2095,6,10,37.276,37.373
2095,6,11,32.868,40.677
2095,6,12,34.153,41.539
2095,6,13,33.689,38.164
2095,6,14,35.565,36.85
2095,6,15,36.335,37.567
2095,6,16,35.175,40.729
2095,6,17,33.61,42.456
2095,6,18,33.656,41.809
2095,6,19,33.409,43.137
2095,6,20,38.082,40.584
2095,6,21,35.562,37.735
2095,6,22,36.164,37.753
2095,6,23,38.189,36.812
2095,6,24,38.652,36.925
2095,6,25,38.036,36.685
2095,6,26,37.904,36.598
2095,6,27,36.078,37.178
2095,6,28,36.935,37.419
2095,6,29,39.584,37.718
2095,6,30,40.523,38.139
2095,7,1,39.721,37.332
2095,7,2,40.475,37.192
2095,7,3,39.376,36.209
2095,7,4,38.917,36.729
2095,7,5,36.515,37.42
2095,7,6,36.301,39.494
2095,7,7,36.964,39.082
2095,7,8,36.165,39.849
2095,7,9,35.419,38.247
2095,7,10,33.632,38.522
2095,7,11,34.74,36.026
2095,7,12,34.305,36.184
2095,7,13,36.28,37.797
2095,7,14,36.302,37.703
2095,7,15,37.779,39.302
2095,7,16,36.781,41.261
2095,7,17,39.668,42.194
2095,7,18,39.503,42.289
2095,7,19,39.896,39.167
2095,7,20,39.384,39.808
2095,7,21,38.687,40.78
2095,7,22,39.761,42.511
2095,7,23,37.501,43.941
2095,7,24,37.273,43.905
2095,7,25,38.015,43.789
2095,7,26,38.763,45.578
2095,7,27,37.232,45.139
2095,7,28,37.268,46.025
2095,7,29,35.904,46.45
2095,7,30,34.83,47.028
2095,7,31,33.595,48.261
2095,8,1,33.764,47.53
2095,8,2,38.279,46.694
2095,8,3,39.711,42.835
2095,8,4,41.997,42.279
2095,8,5,45.157,39.033
2095,8,6,41.654,34.344
2095,8,7,41.333,31.658
2095,8,8,40.788,34.699
2095,8,9,37.993,36.797
2095,8,10,38.355,37.07
2095,8,11,39.548,38.607
2095,8,12,39.835,37.111
2095,8,13,39.216,36.556
2095,8,14,35.532,35.152
2095,8,15,33.531,34.893
2095,8,16,33.471,34.68
2095,8,17,33.153,38.655
2095,8,18,33.065,37.122
2095,8,19,35.384,37.589
2095,8,20,39.149,40.263
2095,8,21,38.262,38.46
2095,8,22,39.0,39.321
2095,8,23,38.549,39.392
2095,8,24,37.62,38.728
2095,8,25,37.973,36.711
2095,8,26,36.758,37.572
2095,8,27,36.464,35.713
2095,8,28,36.547,37.299
2095,8,29,36.394,35.274
2095,8,30,38.347,36.545
2095,8,31,37.33,37.869
2095,9,1,35.685,38.477
2095,9,2,36.34,39.475
2095,9,3,36.546,37.828
2095,9,4,37.134,33.273
2095,9,5,39.723,33.227
2095,9,6,40.547,36.694
2095,9,7,40.356,32.253
2095,9,8,41.33,29.992
2095,9,9,40.667,29.162
2095,9,10,39.636,33.977
2095,9,11,39.91,30.276
2095,9,12,40.434,30.52
2095,9,13,40.566,33.33
2095,9,14,39.739,37.63
2095,9,15,39.479,40.357
2095,9,16,41.297,40.355
2095,9,17,35.714,37.926
2095,9,18,31.734,39.307
2095,9,19,35.62,37.32
2095,9,20,38.314,35.89
2095,9,21,35.468,34.189
2095,9,22,33.298,30.345
2095,9,23,36.522,27.98
2095,9,24,39.215,27.46
2095,9,25,39.776,26.935
2095,9,26,38.476,34.351
2095,9,27,37.868,32.395
2095,9,28,34.525,32.211
2095,9,29,29.701,30.741
2095,9,30,28.749,31.597
2095,10,1,30.953,31.207
2095,10,2,33.706,30.417
2095,10,3,32.834,32.506
2095,10,4,31.545,35.499
2095,10,5,26.004,32.869
2095,10,6,23.874,31.95
2095,10,7,26.737,29.152
2095,10,8,27.174,29.704
2095,10,9,28.796,26.595
2095,10,10,28.289,21.514
2095,10,11,28.919,24.204
2095,10,12,26.952,27.023
2095,10,13,26.031,29.429
2095,10,14,21.927,34.878
2095,10,15,20.364,33.132
2095,10,16,21.556,28.386
2095,10,17,24.055,28.568
2095,10,18,27.911,29.141
2095,10,19,30.29,23.405
2095,10,20,30.332,21.854
2095,10,21,28.977,26.366
2095,10,22,27.496,29.77
2095,10,23,27.104,26.901
2095,10,24,25.443,24.648
2095,10,25,30.785,25.987
2095,10,26,32.043,26.078
2095,10,27,30.213,22.547
2095,10,28,29.817,23.362
2095,10,29,28.059,24.962
2095,10,30,24.976,31.809
2095,10,31,21.782,26.88
2095,11,1,22.565,24.451
2095,11,2,22.001,26.068
2095,11,3,20.199,23.567
2095,11,4,22.464,24.168
2095,11,5,24.856,23.984
2095,11,6,24.618,24.282
2095,11,7,24.503,22.285
2095,11,8,21.089,21.13
2095,11,9,18.886,20.64
2095,11,10,19.788,24.191
2095,11,11,22.922,23.659
2095,11,12,22.382,26.291
2095,11,13,20.892,26.793
2095,11,14,18.316,25.856
2095,11,15,21.135,25.516
2095,11,16,20.407,21.946
2095,11,17,21.956,21.191
2095,11,18,20.651,24.085
2095,11,19,19.002,23.665
2095,11,20,22.805,21.731
2095,11,21,19.423,19.694
2095,11,22,18.859,18.056
2095,11,23,16.154,15.667
2095,11,24,16.459,18.283
2095,11,25,15.403,17.889
2095,11,26,15.063,18.355
2095,11,27,14.609,18.624
2095,11,28,14.824,17.689
2095,11,29,15.619,16.693
2095,11,30,15.181,16.467
2095,12,1,18.643,19.351
2095,12,2,20.632,17.873
2095,12,3,20.438,18.95
2095,12,4,22.15,20.918
2095,12,5,20.752,13.532
2095,12,6,22.982,14.824
2095,12,7,23.024,16.86
2095,12,8,22.011,18.818
2095,12,9,18.865,19.964
2095,12,10,13.114,23.055
2095,12,11,13.464,21.238
2095,12,12,13.858,21.217
2095,12,13,10.361,23.434
2095,12,14,9.149,23.03
2095,12,15,10.022,19.376
2095,12,16,8.052,18.122
2095,12,17,9.286,19.759
2095,12,18,8.969,21.031
2095,12,19,12.217,21.551
2095,12,20,7.298,17.85
2095,12,21,6.255,17.99
2095,12,22,10.563,19.154
2095,12,23,11.464,17.773
2095,12,24,11.558,20.711
2095,12,25,13.389,20.78
2095,12,26,14.553,22.265
2095,12,27,13.674,16.808
2095,12,28,13.243,17.191
2095,12,29,10.726,14.603
2095,12,30,12.065,15.857
2095,12,31,15.176,18.318
2096,1,1,15.477,15.613
2096,1,2,13.74,18.587
2096,1,3,12.962,15.483
2096,1,4,14.867,17.857
2096,1,5,14.331,16.922
2096,1,6,13.452,18.944
2096,1,7,14.966,19.443
2096,1,8,15.812,19.861
2096,1,9,16.064,18.758
2096,1,10,12.909,19.289
2096,1,11,12.97,18.113
2096,1,12,10.946,18.439
2096,1,13,10.888,18.392
2096,1,14,13.789,17.578
2096,1,15,14.93,17.261
2096,1,16,14.281,15.73
2096,1,17,13.005,16.762
2096,1,18,17.999,15.751
2096,1,19,19.167,14.058
2096,1,20,18.479,16.029
2096,1,21,19.893,19.406
2096,1,22,13.992,20.468
2096,1,23,15.752,21.581
2096,1,24,17.24,17.418
2096,1,25,16.829,17.742
2096,1,26,13.187,16.39
2096,1,27,10.592,15.484
2096,1,28,13.615,16.481
2096,1,29,11.374,17.298
2096,1,30,15.296,16.829
2096,1,31,14.865,18.578
2096,2,1,16.219,19.379
2096,2,2,15.367,18.745
2096,2,3,10.545,19.322
2096,2,4,13.407,15.707
2096,2,5,13.17,14.401
2096,2,6,11.581,15.69
2096,2,7,13.797,17.175
2096,2,8,14.639,17.672
2096,2,9,13.528,16.07
2096,2,10,16.544,15.259
2096,2,11,15.037,14.801
2096,2,12,10.641,15.507
2096,2,13,9.579,17.709
2096,2,14,5.769,12.411
2096,2,15,8.849,14.936
2096,2,16,10.277,13.058
2096,2,17,10.112,14.059
2096,2,18,12.975,13.946
2096,2,19,12.928,15.724
2096,2,20,11.009,15.257
2096,2,21,9.539,16.914
2096,2,22,9.407,20.313
2096,2,23,10.398,21.355
2096,2,24,12.669,21.224
2096,2,25,13.565,19.205
2096,2,26,14.909,20.334
2096,2,27,14.483,19.769
2096,2,28,16.852,17.52
2096,2,29,17.632,19.034
2096,3,1,16.434,18.078
2096,3,2,16.175,18.981
2096,3,3,15.858,18.378
2096,3,4,15.803,17.889
2096,3,5,16.988,23.662
2096,3,6,16.063,22.864
2096,3,7,12.908,21.895
2096,3,8,10.177,20.685
2096,3,9,14.346,17.215
2096,3,10,17.249,13.749
2096,3,11,21.877,15.262
2096,3,12,23.562,17.339
2096,3,13,21.023,13.127
2096,3,14,17.072,19.308
2096,3,15,13.012,20.553
2096,3,16,17.617,23.751
2096,3,17,23.951,25.147
2096,3,18,21.513,26.378
2096,3,19,22.412,23.545
2096,3,20,20.917,20.339
2096,3,21,24.061,21.669
2096,3,22,21.093,21.082
2096,3,23,22.426,20.892
2096,3,24,24.738,21.644
2096,3,25,23.925,21.448
2096,3,26,17.301,16.817
2096,3,27,15.316,18.661
2096,3,28,18.136,20.483
2096,3,29,19.793,22.707
2096,3,30,21.006,22.878
2096,3,31,24.213,22.323
2096,4,1,23.06,23.006
2096,4,2,26.508,21.663
2096,4,3,25.166,22.813
2096,4,4,24.609,25.189
2096,4,5,20.205,25.5
2096,4,6,18.44,22.819
2096,4,7,18.556,25.81
2096,4,8,15.951,29.579
2096,4,9,18.709,29.614
2096,4,10,22.866,27.867
2096,4,11,26.068,26.284
2096,4,12,25.873,21.076
2096,4,13,24.608,20.848
2096,4,14,21.75,24.264
2096,4,15,20.951,26.808
2096,4,16,15.928,27.396
2096,4,17,14.092,28.102
2096,4,18,14.831,23.56
2096,4,19,18.362,24.009
2096,4,20,20.131,23.413
2096,4,21,23.717,21.223
2096,4,22,26.253,19.916
2096,4,23,27.435,24.146
2096,4,24,28.626,27.548
2096,4,25,26.78,26.612
2096,4,26,26.958,20.642
2096,4,27,26.824,25.359
2096,4,28,27.162,28.749
2096,4,29,24.865,28.151
2096,4,30,21.613,25.651
2096,5,1,23.217,25.344
2096,5,2,24.145,21.508
2096,5,3,25.828,21.831
2096,5,4,28.086,22.082
2096,5,5,25.615,23.497
2096,5,6,25.02,27.145
2096,5,7,25.992,27.06
2096,5,8,25.719,26.878
2096,5,9,24.363,28.028
2096,5,10,19.478,29.328
2096,5,11,17.025,29.088
2096,5,12,21.659,28.257
2096,5,13,25.538,26.97
2096,5,14,26.407,27.184
2096,5,15,26.209,26.383
2096,5,16,27.442,27.092
2096,5,17,30.842,32.048
2096,5,18,30.708,37.062
2096,5,19,31.853,37.369
2096,5,20,29.682,35.873
2096,5,21,34.445,35.095
2096,5,22,33.863,31.677
2096,5,23,38.571,28.91
2096,5,24,34.212,32.618
2096,5,25,30.878,33.093
2096,5,26,35.836,34.608
2096,5,27,39.168,37.726
2096,5,28,32.959,37.459
2096,5,29,23.646,40.667
2096,5,30,26.121,40.34
2096,5,31,29.448,40.027
2096,6,1,29.609,44.273
2096,6,2,31.117,44.057
2096,6,3,29.083,41.63
2096,6,4,22.853,41.338
2096,6,5,23.62,40.322
2096,6,6,23.958,38.716
2096,6,7,26.252,37.029
2096,6,8,30.101,37.029
2096,6,9,33.875,38.361
2096,6,10,35.083,38.765
2096,6,11,33.781,36.424
2096,6,12,33.121,35.006
2096,6,13,36.968,33.34
2096,6,14,38.432,36.989
2096,6,15,37.676,37.281
2096,6,16,36.947,37.425
2096,6,17,34.539,36.323
2096,6,18,35.15,37.153
2096,6,19,34.86,39.636
2096,6,20,37.49,41.867
2096,6,21,39.435,41.979
2096,6,22,37.113,41.266
2096,6,23,35.213,40.665
2096,6,24,34.025,42.353
2096,6,25,34.816,42.125
2096,6,26,36.365,39.673
2096,6,27,38.954,38.483
2096,6,28,41.655,39.644
2096,6,29,40.879,41.357
2096,6,30,41.753,41.676
2096,7,1,40.796,41.913
2096,7,2,42.319,41.793
2096,7,3,43.161,39.705
2096,7,4,42.851,39.61
2096,7,5,42.813,41.401
2096,7,6,41.908,41.619
2096,7,7,43.113,41.34
2096,7,8,43.788,41.78
2096,7,9,44.408,41.448
2096,7,10,44.152,39.536
2096,7,11,43.796,39.703
2096,7,12,39.51,39.889
2096,7,13,38.255,41.064
2096,7,14,39.675,40.541
2096,7,15,41.013,40.089
2096,7,16,40.604,40.862
2096,7,17,35.242,39.711
2096,7,18,35.99,40.139
2096,7,19,37.907,39.552
2096,7,20,37.202,42.299
2096,7,21,37.546,45.35
2096,7,22,36.385,46.008
2096,7,23,34.636,47.103
2096,7,24,34.52,45.763
2096,7,25,34.078,46.598
2096,7,26,34.03,44.966
2096,7,27,34.272,41.923
2096,7,28,33.738,39.181
2096,7,29,33.0,40.237
2096,7,30,31.902,40.251
2096,7,31,33.883,42.891
2096,8,1,34.826,44.321
2096,8,2,36.464,45.308
2096,8,3,36.678,45.66
2096,8,4,37.069,43.433
2096,8,5,36.518,41.007
2096,8,6,35.261,42.089
2096,8,7,35.308,43.833
2096,8,8,36.966,46.065
2096,8,9,38.448,44.955
2096,8,10,37.512,43.035
2096,8,11,34.244,42.909
2096,8,12,34.677,43.62
2096,8,13,35.404,43.589
2096,8,14,34.886,43.436
2096,8,15,34.89,45.783
2096,8,16,35.311,45.825
2096,8,17,34.287,46.907
2096,8,18,35.141,47.043
2096,8,19,33.772,42.615
2096,8,20,34.151,41.999
2096,8,21,35.571,40.755
2096,8,22,37.504,36.395
2096,8,23,37.409,35.987
2096,8,24,38.715,35.661
2096,8,25,41.656,36.273
2096,8,26,45.123,37.886
2096,8,27,45.064,37.777
2096,8,28,45.2,37.402
2096,8,29,44.344,37.66
2096,8,30,43.987,38.111
2096,8,31,44.163,38.345
2096,9,1,38.966,38.327
2096,9,2,34.291,37.912
2096,9,3,31.976,38.253
2096,9,4,31.529,39.112
2096,9,5,30.688,40.436
2096,9,6,27.388,42.619
2096,9,7,30.105,43.399
2096,9,8,32.281,41.503
2096,9,9,30.389,40.431
2096,9,10,31.867,38.815
2096,9,11,26.752,39.749
2096,9,12,26.506,40.829
2096,9,13,26.697,39.095
2096,9,14,25.589,40.015
2096,9,15,25.261,40.478
2096,9,16,27.708,38.466
2096,9,17,28.091,39.638
2096,9,18,28.454,40.322
2096,9,19,28.626,39.545
2096,9,20,27.916,34.69
2096,9,21,30.018,38.238
2096,9,22,29.85,36.477
2096,9,23,27.827,39.511
2096,9,24,32.05,38.892
2096,9,25,35.597,37.967
2096,9,26,29.324,38.295
2096,9,27,24.16,36.504
2096,9,28,25.144,32.794
2096,9,29,30.32,31.718
2096,9,30,34.859,29.771
2096,10,1,34.078,34.154
2096,10,2,28.173,36.894
2096,10,3,28.82,37.208
2096,10,4,33.734,31.038
2096,10,5,35.35,29.842
2096,10,6,36.361,27.182
2096,10,7,34.506,24.308
2096,10,8,35.401,21.931
2096,10,9,35.013,21.603
2096,10,10,34.601,23.05
2096,10,11,34.692,24.025
2096,10,12,32.417,26.686
2096,10,13,23.291,25.005
2096,10,14,17.569,31.794
2096,10,15,18.209,33.044
2096,10,16,23.466,30.044
2096,10,17,25.979,32.876
2096,10,18,28.924,29.85
2096,10,19,30.364,29.42
2096,10,20,30.469,28.733
2096,10,21,30.951,27.868
2096,10,22,29.379,30.959
2096,10,23,29.105,30.798
2096,10,24,30.129,31.44
2096,10,25,27.595,32.418
2096,10,26,30.282,29.4
2096,10,27,30.166,23.557
2096,10,28,24.684,25.209
2096,10,29,21.27,29.723
2096,10,30,21.317,32.593
2096,10,31,20.87,34.802
2096,11,1,19.581,33.347
2096,11,2,17.782,32.025
2096,11,3,15.743,27.713
2096,11,4,16.037,25.602
2096,11,5,18.902,24.425
2096,11,6,19.251,19.904
2096,11,7,20.398,19.159
2096,11,8,19.951,21.468
2096,11,9,15.392,20.684
2096,11,10,15.071,20.823
2096,11,11,15.125,21.16
2096,11,12,14.26,20.776
2096,11,13,17.289,20.619
2096,11,14,19.064,21.973
2096,11,15,19.781,21.386
2096,11,16,20.349,21.407
2096,11,17,19.381,19.543
2096,11,18,15.41,21.737
2096,11,19,13.882,21.364
2096,11,20,17.487,21.08
2096,11,21,16.781,19.834
2096,11,22,17.288,18.432
2096,11,23,23.612,18.641
2096,11,24,22.012,19.131
2096,11,25,19.663,20.414
2096,11,26,13.646,19.936
2096,11,27,12.514,18.832
2096,11,28,13.607,22.346
2096,11,29,12.21,24.46
2096,11,30,12.04,24.072
2096,12,1,13.341,25.367
2096,12,2,15.774,23.463
2096,12,3,14.464,22.128
2096,12,4,15.967,17.073
2096,12,5,14.794,16.576
2096,12,6,15.09,17.514
2096,12,7,18.392,17.195
2096,12,8,15.729,17.751
2096,12,9,15.481,16.727
2096,12,10,12.555,20.347
2096,12,11,12.676,21.891
2096,12,12,13.151,19.846
2096,12,13,17.672,18.335
2096,12,14,17.489,15.675
2096,12,15,15.702,15.576
2096,12,16,12.66,20.199
2096,12,17,14.103,22.829
2096,12,18,15.524,21.089
2096,12,19,12.736,19.161
2096,12,20,9.723,15.21
2096,12,21,10.879,14.613
2096,12,22,10.489,18.246
2096,12,23,10.317,20.284
2096,12,24,9.919,18.906
2096,12,25,13.64,18.151
2096,12,26,8.793,21.646
2096,12,27,7.367,17.387
2096,12,28,12.051,18.764
2096,12,29,13.821,17.841
2096,12,30,13.239,17.344
2096,12,31,15.071,15.114
2097,1,1,14.319,15.192
2097,1,2,13.445,16.556
2097,1,3,12.126,15.235
2097,1,4,15.179,14.408
2097,1,5,16.443,17.57
2097,1,6,15.784,13.4
2097,1,7,15.771,13.019
2097,1,8,15.428,11.979
2097,1,9,12.486,13.568
2097,1,10,13.587,14.548
2097,1,11,16.452,17.48
2097,1,12,15.8,17.263
2097,1,13,13.632,17.621
2097,1,14,12.503,13.363
2097,1,15,9.723,13.032
2097,1,16,6.241,15.665
2097,1,17,6.445,15.328
2097,1,18,5.665,11.705
2097,1,19,5.381,13.435
2097,1,20,6.337,13.828
2097,1,21,10.732,12.497
2097,1,22,14.514,16.548
2097,1,23,17.059,15.55
2097,1,24,17.991,14.558
2097,1,25,18.378,11.522
2097,1,26,19.132,10.905
2097,1,27,17.663,13.795
2097,1,28,15.807,16.698
2097,1,29,14.472,14.514
2097,1,30,13.576,17.283
2097,1,31,13.389,16.264
2097,2,1,13.23,19.368
2097,2,2,12.194,17.426
2097,2,3,13.817,15.17
2097,2,4,15.655,14.592
2097,2,5,17.654,15.687
2097,2,6,14.442,15.432
2097,2,7,14.096,18.586
2097,2,8,12.176,20.637
2097,2,9,11.57,21.861
2097,2,10,14.632,21.669
2097,2,11,17.971,15.378
2097,2,12,21.329,14.197
2097,2,13,22.112,14.98
2097,2,14,20.703,17.857
2097,2,15,21.44,19.409
2097,2,16,20.328,17.202
2097,2,17,20.839,13.954
2097,2,18,21.607,16.321
2097,2,19,22.242,19.395
2097,2,20,21.269,22.396
2097,2,21,19.183,20.265
2097,2,22,23.002,18.177
2097,2,23,21.673,15.45
2097,2,24,20.977,14.368
2097,2,25,22.389,12.596
2097,2,26,20.996,12.302
2097,2,27,19.545,16.341
2097,2,28,21.053,17.952
2097,3,1,23.574,18.476
2097,3,2,23.923,17.528
2097,3,3,21.87,17.512
2097,3,4,24.038,17.436
2097,3,5,24.25,17.554
2097,3,6,21.324,15.549
2097,3,7,16.956,17.837
2097,3,8,17.278,15.557
2097,3,9,22.248,14.038
2097,3,10,22.359,16.755
2097,3,11,21.939,16.033
2097,3,12,18.062,16.418
2097,3,13,18.083,16.225
2097,3,14,14.82,15.616
2097,3,15,14.125,17.309
2097,3,16,14.252,20.13
2097,3,17,15.681,26.491
2097,3,18,16.066,24.581
2097,3,19,16.171,26.187
2097,3,20,14.921,25.632
2097,3,21,17.263,22.612
2097,3,22,15.99,19.41
2097,3,23,13.558,19.812
2097,3,24,16.174,21.115
2097,3,25,16.691,17.872
2097,3,26,18.706,21.744
2097,3,27,24.098,20.385
2097,3,28,19.524,19.58
2097,3,29,16.751,22.477
2097,3,30,16.797,26.952
2097,3,31,18.05,27.466
2097,4,1,14.711,26.207
2097,4,2,16.685,22.41
2097,4,3,17.941,13.976
2097,4,4,18.237,14.979
2097,4,5,21.233,20.164
2097,4,6,29.215,20.179
2097,4,7,29.539,15.867
2097,4,8,29.147,15.646
2097,4,9,27.483,18.793
2097,4,10,29.33,23.677
2097,4,11,29.095,28.147
2097,4,12,28.469,26.078
2097,4,13,22.582,27.734
2097,4,14,19.44,26.179
2097,4,15,19.457,27.796
2097,4,16,19.307,27.301
2097,4,17,20.259,28.534
2097,4,18,20.452,21.223
2097,4,19,18.524,17.164
2097,4,20,10.165,22.224
2097,4,21,13.245,25.029
2097,4,22,18.697,25.35
2097,4,23,17.781,25.887
2097,4,24,18.647,25.98
2097,4,25,20.982,29.463
2097,4,26,24.728,32.42
2097,4,27,27.707,30.091
2097,4,28,26.466,30.539
2097,4,29,19.463,34.044
2097,4,30,22.353,33.293
2097,5,1,28.853,34.513
2097,5,2,31.597,37.234
2097,5,3,32.427,36.956
2097,5,4,32.041,33.064
2097,5,5,29.563,32.013
2097,5,6,28.983,31.47
2097,5,7,26.1,29.725
2097,5,8,24.704,30.952
2097,5,9,23.383,30.532
2097,5,10,22.647,32.041
2097,5,11,28.352,35.425
2097,5,12,32.961,33.321
2097,5,13,30.669,30.598
2097,5,14,32.192,28.623
2097,5,15,32.464,31.195
2097,5,16,30.312,33.585
2097,5,17,28.901,34.611
2097,5,18,25.21,39.353
2097,5,19,26.078,39.258
2097,5,20,30.599,39.41
2097,5,21,36.922,39.474
2097,5,22,38.665,39.627
2097,5,23,37.231,36.143
2097,5,24,32.488,35.623
2097,5,25,31.641,39.526
2097,5,26,29.909,38.158
2097,5,27,26.593,37.59
2097,5,28,27.085,40.367
2097,5,29,26.239,40.739
2097,5,30,26.048,40.858
2097,5,31,26.531,40.501
2097,6,1,24.272,40.239
2097,6,2,22.845,37.934
2097,6,3,26.899,35.281
2097,6,4,27.939,35.085
2097,6,5,29.221,32.224
2097,6,6,33.274,31.104
2097,6,7,36.627,33.035
2097,6,8,38.984,35.926
2097,6,9,38.723,40.344
2097,6,10,38.592,42.335
2097,6,11,35.37,39.888
2097,6,12,33.488,39.894
2097,6,13,35.189,39.237
2097,6,14,36.048,41.217
2097,6,15,36.255,45.152
2097,6,16,35.863,45.37
2097,6,17,36.049,45.658
2097,6,18,35.842,45.31
2097,6,19,33.126,46.062
2097,6,20,29.024,45.554
2097,6,21,31.885,44.209
2097,6,22,34.665,45.147
2097,6,23,33.652,43.886
2097,6,24,33.805,42.893
2097,6,25,31.816,42.098
2097,6,26,31.073,40.882
2097,6,27,33.899,40.088
2097,6,28,32.68,38.836
2097,6,29,30.954,40.345
2097,6,30,33.722,37.5
2097,7,1,33.028,40.832
2097,7,2,34.149,42.391
2097,7,3,36.63,44.469
2097,7,4,39.234,44.95
2097,7,5,39.613,46.007
2097,7,6,38.854,45.667
2097,7,7,35.409,45.374
2097,7,8,34.147,45.506
2097,7,9,37.511,45.282
2097,7,10,37.949,43.702
2097,7,11,39.2,42.669
2097,7,12,39.316,43.237
2097,7,13,35.846,44.957
2097,7,14,33.779,43.574
2097,7,15,35.265,45.608
2097,7,16,38.745,42.998
2097,7,17,38.511,38.033
2097,7,18,41.93,39.394
2097,7,19,43.358,40.22
2097,7,20,43.093,40.86
2097,7,21,40.228,38.98
2097,7,22,36.987,37.609
2097,7,23,37.039,40.191
2097,7,24,38.811,43.061
2097,7,25,35.653,44.904
2097,7,26,35.174,45.056
2097,7,27,39.549,43.781
2097,7,28,39.892,43.645
2097,7,29,33.146,42.687
2097,7,30,33.799,43.196
2097,7,31,32.668,46.565
2097,8,1,35.819,45.292
2097,8,2,38.876,42.073
2097,8,3,39.914,41.9
2097,8,4,40.184,38.839
2097,8,5,40.327,40.778
2097,8,6,42.265,39.531
2097,8,7,41.429,37.831
2097,8,8,41.161,37.453
2097,8,9,38.69,41.046
2097,8,10,40.422,41.295
2097,8,11,40.76,40.761
2097,8,12,40.125,40.99
2097,8,13,40.699,42.688
2097,8,14,38.943,42.26
2097,8,15,36.337,42.423
2097,8,16,35.413,43.331
2097,8,17,36.096,40.797
2097,8,18,36.198,39.716
2097,8,19,35.012,38.653
2097,8,20,34.284,39.342
2097,8,21,34.17,36.412
2097,8,22,32.483,39.835
2097,8,23,32.678,40.628
2097,8,24,31.908,41.472
2097,8,25,31.861,42.565
2097,8,26,32.749,43.496
2097,8,27,34.214,42.134
2097,8,28,37.425,40.287
2097,8,29,37.507,39.501
2097,8,30,39.64,37.066
2097,8,31,37.885,38.385
2097,9,1,38.319,35.435
2097,9,2,32.301,35.506
2097,9,3,29.973,38.777
2097,9,4,32.543,37.331
2097,9,5,33.979,37.697
2097,9,6,35.476,39.204
2097,9,7,38.452,41.567
2097,9,8,38.81,42.952
2097,9,9,36.48,36.191
2097,9,10,33.752,42.262
2097,9,11,32.289,38.703
2097,9,12,35.453,37.899
2097,9,13,36.404,33.973
2097,9,14,37.726,32.777
2097,9,15,37.264,37.203
2097,9,16,36.35,35.235
2097,9,17,32.48,34.878
2097,9,18,30.376,34.279
2097,9,19,30.135,34.159
2097,9,20,34.159,31.974
2097,9,21,38.718,29.205
2097,9,22,38.41,30.152
2097,9,23,40.218,34.866
2097,9,24,42.241,37.688
2097,9,25,40.743,40.089
2097,9,26,37.68,38.77
2097,9,27,34.524,40.181
2097,9,28,28.719,40.257
2097,9,29,27.807,40.812
2097,9,30,27.748,37.665
2097,10,1,24.294,33.749
2097,10,2,28.723,32.9
2097,10,3,30.708,27.28
2097,10,4,33.875,25.864
2097,10,5,34.229,31.2
2097,10,6,28.667,23.993
2097,10,7,34.024,24.714
2097,10,8,31.121,29.121
2097,10,9,28.08,30.04
2097,10,10,27.671,28.368
2097,10,11,27.796,29.752
2097,10,12,23.477,24.18
2097,10,13,21.791,21.721
2097,10,14,20.388,26.089
2097,10,15,20.992,26.2
2097,10,16,27.78,27.71
2097,10,17,32.937,28.194
2097,10,18,32.273,30.058
2097,10,19,32.301,25.705
2097,10,20,29.641,24.451
2097,10,21,28.68,31.353
2097,10,22,31.482,31.119
2097,10,23,30.669,28.349
2097,10,24,33.745,21.691
2097,10,25,33.753,27.05
2097,10,26,31.203,27.171
2097,10,27,28.896,26.478
2097,10,28,29.226,26.805
2097,10,29,27.796,27.476
2097,10,30,25.431,29.92
2097,10,31,25.189,30.916
2097,11,1,25.573,29.541
2097,11,2,25.46,29.772
2097,11,3,25.874,26.169
2097,11,4,27.839,28.154
2097,11,5,23.038,26.316
2097,11,6,23.713,25.668
2097,11,7,21.552,24.388
2097,11,8,19.821,21.352
2097,11,9,19.6,20.704
2097,11,10,20.842,23.372
2097,11,11,18.826,22.158
2097,11,12,22.059,23.361
2097,11,13,22.361,26.058
2097,11,14,21.192,23.437
2097,11,15,20.415,23.12
2097,11,16,21.723,21.362
2097,11,17,23.732,18.247
2097,11,18,23.729,20.707
2097,11,19,21.42,21.326
2097,11,20,22.167,20.887
2097,11,21,22.615,20.836
2097,11,22,22.55,20.4
2097,11,23,19.739,21.428
2097,11,24,17.027,23.172
2097,11,25,13.98,19.788
2097,11,26,14.311,17.746
2097,11,27,16.224,16.062
2097,11,28,18.068,19.322
2097,11,29,16.696,22.486
2097,11,30,16.334,22.643
2097,12,1,16.688,24.138
2097,12,2,15.685,19.966
2097,12,3,14.265,21.715
2097,12,4,13.531,17.661
2097,12,5,14.576,17.057
2097,12,6,15.3,13.832
2097,12,7,13.972,15.37
2097,12,8,14.58,16.221
2097,12,9,16.225,15.939
2097,12,10,15.782,14.214
2097,12,11,13.408,13.694
2097,12,12,15.916,12.014
2097,12,13,18.668,11.602
2097,12,14,17.594,14.69
2097,12,15,17.877,14.636
2097,12,16,13.048,17.638
2097,12,17,12.5,20.449
2097,12,18,13.022,19.397
2097,12,19,15.552,15.259
2097,12,20,14.449,18.196
2097,12,21,15.187,16.48
2097,12,22,15.922,19.396
2097,12,23,17.084,19.837
2097,12,24,20.064,22.626
2097,12,25,18.735,19.848
2097,12,26,17.721,20.71
2097,12,27,18.854,19.285
2097,12,28,17.225,20.855
2097,12,29,17.309,17.342
2097,12,30,13.953,21.413
2097,12,31,15.678,18.494
2098,1,1,15.13,15.335
2098,1,2,16.797,17.562
2098,1,3,15.709,17.707
2098,1,4,12.925,19.267
2098,1,5,15.617,17.66
2098,1,6,14.163,17.984
2098,1,7,14.03,14.389
2098,1,8,15.782,15.728
2098,1,9,17.962,16.445
2098,1,10,20.119,17.916
2098,1,11,17.06,18.661
2098,1,12,15.205,19.383
2098,1,13,14.582,15.909
2098,1,14,16.563,14.755
2098,1,15,19.753,16.573
2098,1,16,20.051,14.843
2098,1,17,19.524,14.7
2098,1,18,20.73,14.582
2098,1,19,21.798,17.425
2098,1,20,19.071,20.646
2098,1,21,19.267,22.98
2098,1,22,19.21,21.439
2098,1,23,18.198,20.595
2098,1,24,15.734,20.953
2098,1,25,15.041,20.992
2098,1,26,16.276,21.118
2098,1,27,16.624,19.072
2098,1,28,16.751,16.815
2098,1,29,13.424,17.989
2098,1,30,11.071,19.345
2098,1,31,11.894,20.912
2098,2,1,10.591,20.286
2098,2,2,15.878,21.463
2098,2,3,13.218,20.336
2098,2,4,11.55,19.486
2098,2,5,12.468,18.334
2098,2,6,13.68,17.979
2098,2,7,13.384,20.494
2098,2,8,11.053,20.179
2098,2,9,8.822,18.657
2098,2,10,9.753,17.842
2098,2,11,12.474,13.079
2098,2,12,12.986,13.249
2098,2,13,14.726,18.992
2098,2,14,14.615,15.559
2098,2,15,13.985,15.289
2098,2,16,12.087,15.688
2098,2,17,11.008,15.049
2098,2,18,13.406,15.493
2098,2,19,14.383,17.206
2098,2,20,16.553,17.324
2098,2,21,16.452,17.484
2098,2,22,17.947,18.605
2098,2,23,12.166,18.454
2098,2,24,13.396,18.506
2098,2,25,15.393,19.864
2098,2,26,17.281,19.769
2098,2,27,18.752,20.212
2098,2,28,17.316,18.04
2098,3,1,19.039,21.416
2098,3,2,13.845,25.432
2098,3,3,13.014,24.464
2098,3,4,11.926,26.15
2098,3,5,15.294,25.2
2098,3,6,16.599,18.762
2098,3,7,17.706,17.875
2098,3,8,19.825,17.808
2098,3,9,23.884,17.603
2098,3,10,24.349,18.492
2098,3,11,21.534,18.755
2098,3,12,21.256,15.152
2098,3,13,22.666,13.665
2098,3,14,21.653,18.439
2098,3,15,15.179,17.88
2098,3,16,16.767,17.224
2098,3,17,18.835,19.429
2098,3,18,21.462,21.838
2098,3,19,19.598,20.774
2098,3,20,15.08,19.833
2098,3,21,14.133,21.566
2098,3,22,14.262,24.163
2098,3,23,12.0,22.129
2098,3,24,15.79,21.015
2098,3,25,15.058,19.698
2098,3,26,17.08,17.654
2098,3,27,18.508,19.874
2098,3,28,18.041,19.784
2098,3,29,11.782,20.038
2098,3,30,16.761,19.776
2098,3,31,23.656,20.197
2098,4,1,27.352,20.085
2098,4,2,29.303,22.344
2098,4,3,29.351,24.105
2098,4,4,29.044,24.999
2098,4,5,27.341,23.038
2098,4,6,23.656,26.21
2098,4,7,23.993,28.649
2098,4,8,25.007,26.167
2098,4,9,24.879,23.398
2098,4,10,27.128,17.424
2098,4,11,25.718,16.669
2098,4,12,21.935,19.246
2098,4,13,19.278,24.35
2098,4,14,24.178,25.244
2098,4,15,23.743,27.013
2098,4,16,19.096,21.259
2098,4,17,18.548,21.24
2098,4,18,16.439,16.301
2098,4,19,15.604,20.277
2098,4,20,20.92,22.241
2098,4,21,17.83,23.804
2098,4,22,17.096,19.792
2098,4,23,18.757,14.766
2098,4,24,20.584,13.925
2098,4,25,21.135,21.021
2098,4,26,18.143,26.273
2098,4,27,14.816,28.937
2098,4,28,22.096,31.963
2098,4,29,21.83,31.972
2098,4,30,18.404,32.973
2098,5,1,16.576,33.815
2098,5,2,13.703,31.918
2098,5,3,15.509,33.105
2098,5,4,20.295,31.938
2098,5,5,19.689,31.552
2098,5,6,17.219,32.271
2098,5,7,16.486,30.219
2098,5,8,17.138,22.306
2098,5,9,21.394,16.15
2098,5,10,21.019,22.222
2098,5,11,25.329,22.452
2098,5,12,26.92,27.737
2098,5,13,22.724,27.901
2098,5,14,21.575,24.878
2098,5,15,21.973,26.527
2098,5,16,20.638,30.336
2098,5,17,20.511,31.0
2098,5,18,22.43,36.073
2098,5,19,23.675,38.454
2098,5,20,25.552,37.806
2098,5,21,24.473,37.514
2098,5,22,26.482,37.989
2098,5,23,26.091,37.484
2098,5,24,26.636,40.017
2098,5,25,24.605,40.47
2098,5,26,24.942,39.972
2098,5,27,23.023,38.469
2098,5,28,29.524,38.636
2098,5,29,31.014,34.519
2098,5,30,27.753,35.457
2098,5,31,25.827,35.034
2098,6,1,24.829,38.135
2098,6,2,29.844,38.021
2098,6,3,35.245,41.723
2098,6,4,35.187,40.572
2098,6,5,31.808,41.654
2098,6,6,27.091,40.83
2098,6,7,23.414,37.222
2098,6,8,18.604,39.253
2098,6,9,21.422,39.628
2098,6,10,27.738,41.106
2098,6,11,28.842,42.06
2098,6,12,30.401,42.176
2098,6,13,33.787,43.096
2098,6,14,31.874,43.25
2098,6,15,30.617,42.882
2098,6,16,28.108,41.468
2098,6,17,27.086,40.591
2098,6,18,28.673,40.355
2098,6,19,31.764,40.321
2098,6,20,32.753,41.85
2098,6,21,33.518,41.205
2098,6,22,32.907,41.703
2098,6,23,30.912,42.415
2098,6,24,32.456,38.946
2098,6,25,34.934,39.43
2098,6,26,36.613,40.952
2098,6,27,36.359,42.892
2098,6,28,34.609,40.987
2098,6,29,33.571,42.108
2098,6,30,32.753,43.405
2098,7,1,33.86,43.463
2098,7,2,33.841,47.269
2098,7,3,34.146,45.931
2098,7,4,34.447,45.617
2098,7,5,35.677,46.213
2098,7,6,37.12,47.422
2098,7,7,37.504,46.589
2098,7,8,38.151,42.757
2098,7,9,36.655,37.46
2098,7,10,38.936,36.969
2098,7,11,40.927,38.744
2098,7,12,42.964,33.497
2098,7,13,43.09,36.263
2098,7,14,40.518,37.041
2098,7,15,39.564,40.799
2098,7,16,37.858,43.657
2098,7,17,40.678,45.063
2098,7,18,42.909,44.209
2098,7,19,42.454,44.185
2098,7,20,41.027,40.372
2098,7,21,39.625,39.23
2098,7,22,37.829,36.624
2098,7,23,37.429,36.875
2098,7,24,36.268,36.635
2098,7,25,35.084,37.324
2098,7,26,34.566,36.1
2098,7,27,36.506,38.832
2098,7,28,37.047,45.152
2098,7,29,37.261,47.356
2098,7,30,35.012,46.591
2098,7,31,34.632,45.114
2098,8,1,35.978,39.246
2098,8,2,37.792,36.404
2098,8,3,36.698,38.126
2098,8,4,35.426,43.055
2098,8,5,35.197,44.008
2098,8,6,36.873,42.775
2098,8,7,38.575,41.501
2098,8,8,39.614,40.621
2098,8,9,40.795,35.592
2098,8,10,39.25,31.68
2098,8,11,39.03,34.933
2098,8,12,36.956,35.047
2098,8,13,37.941,36.782
2098,8,14,38.351,37.188
2098,8,15,34.299,37.681
2098,8,16,34.915,37.653
2098,8,17,34.223,37.159
2098,8,18,30.719,37.531
2098,8,19,32.987,35.684
2098,8,20,34.795,35.308
2098,8,21,36.312,36.033
2098,8,22,33.63,36.937
2098,8,23,33.792,36.911
2098,8,24,38.394,36.637
2098,8,25,37.388,36.3
2098,8,26,37.785,35.898
2098,8,27,36.239,32.654
2098,8,28,37.986,35.97
2098,8,29,37.51,37.087
2098,8,30,37.797,39.425
2098,8,31,39.329,38.092
2098,9,1,41.963,34.31
2098,9,2,40.626,34.478
2098,9,3,42.347,32.327
2098,9,4,41.94,35.243
2098,9,5,40.075,37.392
2098,9,6,37.789,38.955
2098,9,7,38.516,41.114
2098,9,8,39.592,41.134
2098,9,9,36.951,37.842
2098,9,10,35.304,38.98
2098,9,11,33.609,37.159
2098,9,12,35.795,34.152
2098,9,13,36.872,37.014
2098,9,14,36.686,40.033
2098,9,15,32.961,35.021
2098,9,16,29.26,33.385
2098,9,17,31.688,35.654
2098,9,18,30.47,40.217
2098,9,19,34.795,42.082
2098,9,20,36.808,40.613
2098,9,21,36.536,42.742
2098,9,22,33.841,41.104
2098,9,23,26.518,40.761
2098,9,24,30.678,39.305
2098,9,25,35.846,37.145
2098,9,26,36.337,36.51
2098,9,27,36.84,38.477
2098,9,28,35.442,40.546
2098,9,29,36.304,42.179
2098,9,30,34.516,41.793
2098,10,1,35.314,39.631
2098,10,2,34.177,38.274
2098,10,3,32.158,35.94
2098,10,4,33.337,34.651
2098,10,5,33.982,32.155
2098,10,6,33.847,29.693
2098,10,7,36.994,29.822
2098,10,8,37.689,26.946
2098,10,9,35.401,22.662
2098,10,10,35.682,24.73
2098,10,11,33.963,27.254
2098,10,12,30.212,26.727
2098,10,13,24.115,26.998
2098,10,14,22.078,30.445
2098,10,15,21.151,30.734
2098,10,16,24.051,31.332
2098,10,17,25.383,26.834
2098,10,18,29.159,20.394
2098,10,19,31.176,19.864
2098,10,20,30.125,22.103
2098,10,21,28.853,21.053
2098,10,22,28.987,21.398
2098,10,23,32.817,23.647
2098,10,24,33.849,25.778
2098,10,25,35.674,30.444
2098,10,26,32.58,29.41
2098,10,27,33.768,28.779
2098,10,28,34.081,26.675
2098,10,29,27.72,28.3
2098,10,30,25.666,29.293
2098,10,31,26.462,31.705
2098,11,1,27.239,33.175
2098,11,2,23.762,32.722
2098,11,3,21.691,32.167
2098,11,4,22.004,30.575
2098,11,5,24.745,30.762
2098,11,6,21.607,32.336
2098,11,7,19.255,34.821
2098,11,8,22.885,35.065
2098,11,9,23.924,36.419
2098,11,10,19.034,34.564
2098,11,11,21.039,33.916
2098,11,12,21.571,35.337
2098,11,13,18.775,35.707
2098,11,14,23.777,36.183
2098,11,15,26.959,34.144
2098,11,16,25.893,33.093
2098,11,17,23.831,28.023
2098,11,18,17.503,26.557
2098,11,19,13.034,26.775
2098,11,20,14.475,29.864
2098,11,21,14.273,29.945
2098,11,22,15.728,25.562
2098,11,23,13.372,19.619
2098,11,24,14.737,18.386
2098,11,25,16.215,21.186
2098,11,26,15.503,21.649
2098,11,27,18.085,23.776
2098,11,28,18.253,22.996
2098,11,29,19.626,26.271
2098,11,30,18.929,20.91
2098,12,1,20.048,20.88
2098,12,2,16.463,17.954
2098,12,3,13.672,13.842
2098,12,4,17.11,13.818
2098,12,5,15.505,16.48
2098,12,6,15.892,15.445
2098,12,7,16.052,19.404
2098,12,8,14.498,20.005
2098,12,9,11.625,20.832
2098,12,10,13.459,17.29
2098,12,11,14.913,17.645
2098,12,12,15.282,20.359
2098,12,13,15.461,20.129
2098,12,14,14.29,20.869
2098,12,15,13.678,21.058
2098,12,16,10.966,19.309
2098,12,17,3.372,22.393
2098,12,18,4.324,23.314
2098,12,19,4.115,26.617
2098,12,20,6.743,25.746
2098,12,21,10.293,22.302
2098,12,22,14.425,20.427
2098,12,23,13.221,17.846
2098,12,24,14.529,16.737
2098,12,25,11.587,15.757
2098,12,26,13.232,16.972
2098,12,27,16.633,16.211
2098,12,28,16.609,17.651
2098,12,29,16.482,15.245
2098,12,30,19.088,14.178
2098,12,31,16.065,14.134
2099,1,1,15.479,13.403
2099,1,2,16.72,12.092
2099,1,3,16.748,16.037
2099,1,4,16.544,13.505
2099,1,5,19.181,14.889
2099,1,6,17.784,14.113
2099,1,7,14.591,13.915
2099,1,8,14.721,13.461
2099,1,9,15.199,15.098
2099,1,10,15.559,17.754
2099,1,11,16.91,17.459
2099,1,12,15.392,19.053
2099,1,13,15.869,22.2
2099,1,14,17.697,21.077
2099,1,15,16.979,18.279
2099,1,16,14.809,20.278
2099,1,17,14.543,17.367
2099,1,18,18.25,16.416
2099,1,19,15.666,16.832
2099,1,20,15.607,15.745
2099,1,21,14.332,19.973
2099,1,22,14.685,19.349
2099,1,23,14.463,18.042
2099,1,24,13.892,17.823
2099,1,25,12.807,16.58
2099,1,26,13.136,17.171
2099,1,27,12.377,16.659
2099,1,28,13.797,19.173
2099,1,29,13.432,18.008
2099,1,30,13.716,19.853
2099,1,31,12.392,17.824
2099,2,1,13.319,14.854
2099,2,2,12.609,14.568
2099,2,3,13.486,16.265
2099,2,4,14.904,14.984
2099,2,5,14.044,17.423
2099,2,6,16.588,17.563
2099,2,7,16.668,17.234
2099,2,8,17.244,19.524
2099,2,9,20.025,18.445
2099,2,10,19.786,21.93
2099,2,11,21.486,23.034
2099,2,12,18.512,19.75
2099,2,13,18.087,20.164
2099,2,14,19.189,22.062
2099,2,15,21.136,15.787
2099,2,16,23.132,13.971
2099,2,17,21.634,14.419
2099,2,18,17.614,11.751
2099,2,19,16.531,12.855
2099,2,20,21.167,15.758
2099,2,21,21.127,17.954
2099,2,22,21.084,18.074
2099,2,23,18.929,16.833
2099,2,24,19.72,19.227
2099,2,25,21.03,17.114
2099,2,26,19.004,19.886
2099,2,27,17.712,22.455
2099,2,28,15.891,21.798
2099,3,1,16.79,17.334
2099,3,2,16.416,22.69
2099,3,3,13.724,21.329
2099,3,4,13.259,18.564
2099,3,5,16.058,20.633
2099,3,6,15.915,19.037
2099,3,7,14.196,22.753
2099,3,8,14.625,24.654
2099,3,9,13.904,25.961
2099,3,10,16.154,23.992
2099,3,11,17.355,22.066
2099,3,12,15.297,24.14
2099,3,13,18.671,25.16
2099,3,14,16.767,24.495
2099,3,15,20.187,23.16
2099,3,16,20.864,24.538
2099,3,17,19.581,23.678
2099,3,18,21.028,17.784
2099,3,19,23.708,15.075
2099,3,20,26.052,16.676
2099,3,21,21.43,19.408
2099,3,22,18.988,24.943
2099,3,23,20.067,28.859
2099,3,24,20.588,31.155
2099,3,25,16.501,27.83
2099,3,26,12.875,24.409
2099,3,27,17.561,23.776
2099,3,28,21.807,20.206
2099,3,29,23.441,17.113
2099,3,30,23.215,15.133
2099,3,31,20.23,15.276
2099,4,1,22.388,13.733
2099,4,2,24.513,17.861
2099,4,3,22.203,22.365
2099,4,4,20.219,20.835
2099,4,5,21.944,17.769
2099,4,6,22.148,13.197
2099,4,7,20.645,12.38
2099,4,8,25.882,9.651
2099,4,9,24.714,14.938
2099,4,10,21.342,15.516
2099,4,11,18.47,14.572
2099,4,12,14.666,18.42
2099,4,13,21.336,19.734
2099,4,14,27.694,18.397
2099,4,15,25.162,18.46
2099,4,16,21.702,19.682
2099,4,17,19.628,25.875
2099,4,18,22.125,27.121
2099,4,19,24.53,31.308
2099,4,20,26.047,31.651
2099,4,21,25.786,33.555
2099,4,22,23.954,32.347
2099,4,23,21.655,26.788
2099,4,24,21.491,22.397
2099,4,25,19.78,20.113
2099,4,26,22.525,21.693
2099,4,27,22.51,23.425
2099,4,28,22.866,25.171
2099,4,29,25.294,24.894
2099,4,30,23.596,27.127
2099,5,1,21.176,22.467
2099,5,2,27.675,17.235
2099,5,3,29.415,25.527
2099,5,4,28.806,22.964
2099,5,5,29.938,21.957
2099,5,6,32.406,25.86
2099,5,7,34.197,23.973
2099,5,8,33.277,25.271
2099,5,9,29.188,29.802
2099,5,10,29.724,34.199
2099,5,11,32.636,34.514
2099,5,12,33.224,36.22
2099,5,13,31.878,35.011
2099,5,14,28.29,32.599
2099,5,15,27.557,31.578
2099,5,16,28.247,30.582
2099,5,17,25.261,23.913
2099,5,18,26.035,19.803
2099,5,19,27.685,23.901
2099,5,20,33.053,26.169
2099,5,21,31.671,25.625
2099,5,22,31.054,25.715
2099,5,23,32.082,20.201
2099,5,24,30.665,18.313
2099,5,25,32.128,21.38
2099,5,26,31.525,26.343
2099,5,27,33.889,28.239
2099,5,28,38.119,33.049
2099,5,29,40.693,31.916
2099,5,30,41.291,34.722
2099,5,31,43.095,37.586
2099,6,1,40.702,35.705
2099,6,2,36.724,28.613
2099,6,3,35.024,29.528
2099,6,4,35.268,28.103
2099,6,5,33.035,24.693
2099,6,6,33.368,28.089
2099,6,7,37.139,33.562
2099,6,8,37.042,37.973
2099,6,9,35.703,40.505
2099,6,10,34.28,41.11
2099,6,11,33.765,40.042
2099,6,12,32.329,40.798
2099,6,13,34.87,42.55
2099,6,14,37.912,43.408
2099,6,15,40.611,38.595
2099,6,16,37.854,40.024
2099,6,17,38.127,38.862
2099,6,18,36.836,38.804
2099,6,19,37.126,38.114
2099,6,20,37.089,38.375
2099,6,21,36.895,40.416
2099,6,22,38.293,42.231
2099,6,23,36.552,41.204
2099,6,24,36.599,43.342
2099,6,25,33.362,42.189
2099,6,26,35.485,40.918
2099,6,27,40.085,39.824
2099,6,28,39.937,39.347
2099,6,29,39.974,40.444
2099,6,30,38.592,40.05
2099,7,1,39.959,41.731
2099,7,2,37.415,44.925
2099,7,3,39.882,46.203
2099,7,4,39.389,47.02
2099,7,5,41.05,46.217
2099,7,6,39.035,44.94
2099,7,7,38.906,46.056
2099,7,8,36.131,46.671
2099,7,9,34.808,47.051
2099,7,10,35.218,45.957
2099,7,11,36.96,44.75
2099,7,12,38.75,45.062
2099,7,13,40.09,47.563
2099,7,14,39.329,48.743
2099,7,15,38.467,50.742
2099,7,16,37.723,48.358
2099,7,17,35.204,44.636
2099,7,18,38.157,44.5
2099,7,19,41.9,45.897
2099,7,20,44.011,46.341
2099,7,21,47.052,45.125
2099,7,22,47.651,42.869
2099,7,23,46.546,39.14
2099,7,24,43.106,38.183
2099,7,25,39.556,39.835
2099,7,26,39.117,40.33
2099,7,27,38.345,42.234
2099,7,28,37.811,43.749
2099,7,29,40.959,44.159
2099,7,30,41.768,41.911
2099,7,31,40.907,40.088
2099,8,1,39.426,38.552
2099,8,2,40.165,36.891
2099,8,3,40.659,38.233
2099,8,4,40.362,38.786
2099,8,5,37.907,41.515
2099,8,6,36.948,44.172
2099,8,7,35.894,43.191
2099,8,8,38.978,39.783
2099,8,9,39.817,36.368
2099,8,10,41.273,36.149
2099,8,11,41.526,29.584
2099,8,12,40.672,34.718
2099,8,13,41.079,37.043
2099,8,14,41.414,34.708
2099,8,15,41.322,34.536
2099,8,16,40.812,35.162
2099,8,17,41.262,36.941
2099,8,18,40.518,35.975
2099,8,19,41.5,33.394
2099,8,20,40.682,34.934
2099,8,21,40.719,38.077
2099,8,22,40.952,38.383
2099,8,23,42.157,39.345
2099,8,24,40.428,38.424
2099,8,25,40.255,36.002
2099,8,26,38.307,39.05
2099,8,27,39.571,42.24
2099,8,28,40.255,44.389
2099,8,29,39.982,44.604
2099,8,30,40.452,43.403
2099,8,31,39.726,42.13
2099,9,1,39.099,41.832
2099,9,2,39.183,42.693
2099,9,3,42.313,40.501
2099,9,4,42.838,41.847
2099,9,5,41.777,38.526
2099,9,6,39.538,39.064
2099,9,7,37.436,39.291
2099,9,8,36.632,41.214
2099,9,9,35.918,38.007
2099,9,10,33.145,36.486
2099,9,11,32.937,36.501
2099,9,12,34.223,37.179
2099,9,13,38.041,39.173
2099,9,14,39.503,39.243
2099,9,15,40.116,40.286
2099,9,16,40.55,40.78
2099,9,17,40.76,40.55
2099,9,18,39.861,40.933
2099,9,19,37.58,43.042
2099,9,20,38.035,41.147
2099,9,21,34.725,42.516
2099,9,22,32.562,41.165
2099,9,23,32.11,40.634
2099,9,24,31.391,36.673
2099,9,25,32.003,36.108
2099,9,26,29.12,35.731
2099,9,27,28.084,34.536
2099,9,28,27.435,31.868
2099,9,29,23.696,21.125
2099,9,30,22.935,18.403
2099,10,1,25.807,20.675
2099,10,2,23.243,15.193
2099,10,3,20.699,16.122
2099,10,4,21.661,25.104
2099,10,5,18.821,27.536
2099,10,6,19.434,31.861
2099,10,7,22.965,33.346
2099,10,8,24.243,28.934
2099,10,9,26.637,29.399
2099,10,10,26.411,29.599
2099,10,11,25.206,29.476
2099,10,12,32.301,32.799
2099,10,13,33.321,32.496
2099,10,14,33.907,30.44
2099,10,15,33.209,30.407
2099,10,16,31.948,28.239
2099,10,17,27.698,28.17
2099,10,18,27.691,27.931
2099,10,19,28.454,28.157
2099,10,20,23.995,24.998
2099,10,21,21.953,26.487
2099,10,22,20.043,27.449
2099,10,23,22.122,27.734
2099,10,24,22.067,33.002
2099,10,25,20.274,33.04
2099,10,26,19.718,31.642
2099,10,27,16.106,30.551
2099,10,28,19.716,27.717
2099,10,29,19.046,27.531
2099,10,30,19.862,26.806
2099,10,31,21.574,29.152
2099,11,1,20.555,29.692
2099,11,2,20.108,29.961
2099,11,3,20.345,30.272
2099,11,4,21.297,26.877
2099,11,5,21.805,17.67
2099,11,6,23.871,19.608
2099,11,7,21.755,19.37
2099,11,8,25.224,22.26
2099,11,9,26.714,20.53
2099,11,10,20.559,21.442
2099,11,11,18.287,22.211
2099,11,12,21.348,18.474
2099,11,13,20.689,18.93
2099,11,14,19.065,20.687
2099,11,15,20.318,22.145
2099,11,16,20.138,24.474
2099,11,17,18.937,21.627
2099,11,18,15.458,21.18
2099,11,19,15.505,25.298
2099,11,20,15.015,23.136
2099,11,21,14.705,26.893
2099,11,22,17.333,26.142
2099,11,23,18.423,26.837
2099,11,24,18.29,20.704
2099,11,25,17.883,18.948
2099,11,26,18.896,16.778
2099,11,27,19.06,19.003
2099,11,28,17.59,18.327
2099,11,29,17.7,18.685
2099,11,30,20.733,18.394
2099,12,1,19.193,17.292
2099,12,2,19.848,16.736
2099,12,3,19.636,19.859
2099,12,4,16.447,17.623
2099,12,5,17.748,21.736
2099,12,6,17.673,19.633
2099,12,7,15.751,17.821
2099,12,8,12.13,15.267
2099,12,9,13.961,15.668
2099,12,10,11.66,15.024
2099,12,11,14.98,15.998
2099,12,12,13.413,17.836
2099,12,13,14.124,18.922
2099,12,14,9.944,18.374
2099,12,15,11.707,17.774
2099,12,16,16.056,18.314
2099,12,17,15.438,21.894
2099,12,18,12.786,21.047
2099,12,19,10.692,20.609
2099,12,20,12.272,20.215
2099,12,21,14.951,20.594
2099,12,22,14.636,21.768
2099,12,23,13.168,21.306
2099,12,24,15.657,21.763
2099,12,25,17.43,22.139
2099,12,26,17.014,23.016
2099,12,27,17.246,20.136
2099,12,28,16.981,17.971
2099,12,29,16.962,17.652
2099,12,30,16.144,13.671
2099,12,31,12.872,16.601
